"date"	"country"	"city"	"killed"	"injured"	"harmed"	"killed_cy"	"injured_cy"	"harmed_cy"	"killed_td"	"injured_td"	"harmed_td"
"2001.09.11"	"Israel"	"Bachan"	2	0	2	2	0	2	2	0	2
"2001.09.11"	"USA"	"New York"	2752	251	3003	2754	251	3005	2754	251	3005
"2001.09.11"	"USA"	"Arlington"	184	53	237	2938	304	3242	2938	304	3242
"2001.09.11"	"USA"	"Shanksville"	40	0	40	2978	304	3282	2978	304	3282
"2001.09.12"	"Pakistan"	"Karachi"	3	0	3	2981	304	3285	2981	304	3285
"2001.09.12"	"Israel"	"Habla"	1	0	1	2982	304	3286	2982	304	3286
"2001.09.13"	"Pakistan"	"Karachi"	3	4	7	2985	308	3293	2985	308	3293
"2001.09.13"	"Pakistan"	"Quetta"	1	1	2	2986	309	3295	2986	309	3295
"2001.09.14"	"India"	"Kashmir"	4	4	8	2990	313	3303	2990	313	3303
"2001.09.15"	"Pakistan"	"Hyderabad"	1	17	18	2991	330	3321	2991	330	3321
"2001.09.15"	"Israel"	"Jerusalem"	1	0	1	2992	330	3322	2992	330	3322
"2001.09.16"	"India"	"Gousu"	1	1	2	2993	331	3324	2993	331	3324
"2001.09.17"	"India"	"Handwara"	9	0	9	3002	331	3333	3002	331	3333
"2001.09.20"	"India"	"Budgam"	2	0	2	3004	331	3335	3004	331	3335
"2001.09.20"	"Israel"	"Tekoa"	1	1	2	3005	332	3337	3005	332	3337
"2001.09.22"	"Pakistan"	"Karachi"	4	24	28	3009	356	3365	3009	356	3365
"2001.09.23"	"England"	"Cambridge"	1	0	1	3010	356	3366	3010	356	3366
"2001.09.24"	"India"	"Kashmir"	4	0	4	3014	356	3370	3014	356	3370
"2001.09.24"	"Bangladesh"	"Mollarhat"	8	100	108	3022	456	3478	3022	456	3478
"2001.09.24"	"Israel"	"Shadmot Mehol"	1	0	1	3023	456	3479	3023	456	3479
"2001.09.25"	"India"	"Doda"	2	2	4	3025	458	3483	3025	458	3483
"2001.09.25"	"Bangladesh"	"Sunamganj"	4	2	6	3029	460	3489	3029	460	3489
"2001.09.25"	"Bangladesh"	"Sylhet"	2	0	2	3031	460	3491	3031	460	3491
"2001.09.26"	"Algeria"	"Larbaa"	22	7	29	3053	467	3520	3053	467	3520
"2001.09.27"	"India"	"Chitti Bandi"	1	0	1	3054	467	3521	3054	467	3521
"2001.09.28"	"India"	"Kashmir"	2	6	8	3056	473	3529	3056	473	3529
"2001.09.29"	"India"	"Panjtirthi"	2	0	2	3058	473	3531	3058	473	3531
"2001.09.30"	"India"	"Gokahama"	2	0	2	3060	473	3533	3060	473	3533
"2001.09.30"	"India"	"Sangla"	3	1	4	3063	474	3537	3063	474	3537
"2001.10.01"	"India"	"Srinagar"	38	60	98	3101	534	3635	3101	534	3635
"2001.10.01"	"Indonesia"	"Tomata"	3	0	3	3104	534	3638	3104	534	3638
"2001.10.02"	"Israel"	"Alei Sinai"	2	15	17	3106	549	3655	3106	549	3655
"2001.10.03"	"Pakistan"	"Karachi"	1	1	2	3107	550	3657	3107	550	3657
"2001.10.03"	"Indonesia"	"Peleru"	10	0	10	3117	550	3667	3117	550	3667
"2001.10.04"	"Israel"	"Afula"	3	13	16	3120	563	3683	3120	563	3683
"2001.10.04"	"India"	"Sogam"	2	0	2	3122	563	3685	3122	563	3685
"2001.10.04"	"Pakistan"	"Azam"	6	7	13	3128	570	3698	3128	570	3698
"2001.10.05"	"Israel"	"Avnei Hefetz"	1	0	1	3129	570	3699	3129	570	3699
"2001.10.06"	"India"	"Udhyanpur"	1	0	1	3130	570	3700	3130	570	3700
"2001.10.07"	"Pakistan"	"Karachi"	4	7	11	3134	577	3711	3134	577	3711
"2001.10.07"	"Israel"	"Sheluhot"	1	0	1	3135	577	3712	3135	577	3712
"2001.10.07"	"Saudi Arabia"	"Khobar"	2	4	6	3137	581	3718	3137	581	3718
"2001.10.09"	"India"	"Bharti"	2	0	2	3139	581	3720	3139	581	3720
"2001.10.11"	"Pakistan"	"Liaquatabad"	2	1	3	3141	582	3723	3141	582	3723
"2001.10.14"	"India"	"Baramulla"	2	1	3	3143	583	3726	3143	583	3726
"2001.10.14"	"Indonesia"	"Tentena"	1	8	9	3144	591	3735	3144	591	3735
"2001.10.14"	"Pakistan"	"Karachi"	2	0	2	3146	591	3737	3146	591	3737
"2001.10.15"	"India"	"Salora"	3	0	3	3149	591	3740	3149	591	3740
"2001.10.15"	"Nigeria"	"Kano"	32	51	83	3181	642	3823	3181	642	3823
"2001.10.16"	"Indonesia"	"Madale"	1	1	2	3182	643	3825	3182	643	3825
"2001.10.16"	"India"	"Kulgam"	1	25	26	3183	668	3851	3183	668	3851
"2001.10.17"	"India"	"Anone Chaba"	1	1	2	3184	669	3853	3184	669	3853
"2001.10.17"	"Israel"	"Jerusalem"	1	0	1	3185	669	3854	3185	669	3854
"2001.10.17"	"Mauritania"	"Nouakchott"	1	1	2	3186	670	3856	3186	670	3856
"2001.10.18"	"Israel"	"Mar Saba"	1	2	3	3187	672	3859	3187	672	3859
"2001.10.18"	"India"	"Kremhore"	3	0	3	3190	672	3862	3190	672	3862
"2001.10.20"	"Indonesia"	"Betalemba"	2	0	2	3192	672	3864	3192	672	3864
"2001.10.21"	"Indonesia"	"Toyado"	1	0	1	3193	672	3865	3193	672	3865
"2001.10.22"	"India"	"Awantipora"	2	2	4	3195	674	3869	3195	674	3869
"2001.10.22"	"Indonesia"	"Toyado"	2	0	2	3197	674	3871	3197	674	3871
"2001.10.25"	"India"	"Banihal"	2	11	13	3199	685	3884	3199	685	3884
"2001.10.26"	"India"	"Srinagar"	1	12	13	3200	697	3897	3200	697	3897
"2001.10.26"	"Pakistan"	"Lahore"	1	4	5	3201	701	3902	3201	701	3902
"2001.10.27"	"Israel"	"Ariel"	3	19	22	3204	720	3924	3204	720	3924
"2001.10.27"	"India"	"Nageen"	1	0	1	3205	720	3925	3205	720	3925
"2001.10.28"	"Israel"	"Metzer"	1	0	1	3206	720	3926	3206	720	3926
"2001.10.28"	"Israel"	"Hadera"	4	39	43	3210	759	3969	3210	759	3969
"2001.10.28"	"Pakistan"	"Bahawalpur"	18	9	27	3228	768	3996	3228	768	3996
"2001.10.28"	"Pakistan"	"Quetta"	3	25	28	3231	793	4024	3231	793	4024
"2001.10.30"	"India"	"Kashmir"	2	0	2	3233	793	4026	3233	793	4026
"2001.11.01"	"Indonesia"	"Waimulang"	5	2	7	3238	795	4033	3238	795	4033
"2001.11.01"	"Indonesia"	"Palu"	4	0	4	3242	795	4037	3242	795	4037
"2001.11.01"	"Indonesia"	"Tomata"	3	12	15	3245	807	4052	3245	807	4052
"2001.11.02"	"Israel"	"Ofra"	1	0	1	3246	807	4053	3246	807	4053
"2001.11.02"	"India"	"Khangund"	1	0	1	3247	807	4054	3247	807	4054
"2001.11.04"	"India"	"Kashmir"	9	0	9	3256	807	4063	3256	807	4063
"2001.11.04"	"Israel"	"Jerusalem"	2	45	47	3258	852	4110	3258	852	4110
"2001.11.04"	"Pakistan"	"Mehargam"	5	2	7	3263	854	4117	3263	854	4117
"2001.11.05"	"India"	"Banikhet"	1	0	1	3264	854	4118	3264	854	4118
"2001.11.06"	"Pakistan"	"Karachi"	3	3	6	3267	857	4124	3267	857	4124
"2001.11.06"	"Israel"	"Nablus"	1	0	1	3268	857	4125	3268	857	4125
"2001.11.07"	"India"	"Khanpora"	1	0	1	3269	857	4126	3269	857	4126
"2001.11.08"	"India"	"Nowhatta Chowk"	1	6	7	3270	863	4133	3270	863	4133
"2001.11.09"	"India"	"Rajouri"	3	21	24	3273	884	4157	3273	884	4157
"2001.11.09"	"Israel"	"Samaria"	1	0	1	3274	884	4158	3274	884	4158
"2001.11.12"	"Indonesia"	"Ambon"	3	19	22	3277	903	4180	3277	903	4180
"2001.11.12"	"India"	"Bareri"	2	0	2	3279	903	4182	3279	903	4182
"2001.11.13"	"India"	"Kashmir"	4	0	4	3283	903	4186	3283	903	4186
"2001.11.13"	"Indonesia"	"Ambon"	2	5	7	3285	908	4193	3285	908	4193
"2001.11.14"	"India"	"Poonch"	3	0	3	3288	908	4196	3288	908	4196
"2001.11.14"	"India"	"Baramulla"	4	0	4	3292	908	4200	3292	908	4200
"2001.11.17"	"India"	"Mangota"	1	0	1	3293	908	4201	3293	908	4201
"2001.11.18"	"Afghanistan"	"Kunduz"	8	0	8	3301	908	4209	3301	908	4209
"2001.11.18"	"India"	"Ramban"	14	32	46	3315	940	4255	3315	940	4255
"2001.11.19"	"Afghanistan"	"Tangi Abrishum"	4	0	4	3319	940	4259	3319	940	4259
"2001.11.21"	"India"	"Srinagar"	1	0	1	3320	940	4260	3320	940	4260
"2001.11.24"	"India"	"Srinagar"	1	23	24	3321	963	4284	3321	963	4284
"2001.11.24"	"India"	"Rajouri"	2	2	4	3323	965	4288	3323	965	4288
"2001.11.25"	"India"	"Bandipore"	3	1	4	3326	966	4292	3326	966	4292
"2001.11.25"	"India"	"Banihal"	4	5	9	3330	971	4301	3330	971	4301
"2001.11.27"	"India"	"Baramulla"	3	0	3	3333	971	4304	3333	971	4304
"2001.11.27"	"India"	"Kalaali"	11	0	11	3344	971	4315	3344	971	4315
"2001.11.27"	"India"	"Sopore"	8	3	11	3352	974	4326	3352	974	4326
"2001.11.27"	"Israel"	"Afula"	2	50	52	3354	1024	4378	3354	1024	4378
"2001.11.27"	"Israel"	"Gush Katif"	1	3	4	3355	1027	4382	3355	1027	4382
"2001.11.28"	"India"	"Chakalwala"	1	1	2	3356	1028	4384	3356	1028	4384
"2001.11.29"	"Israel"	"Hadera"	3	9	12	3359	1037	4396	3359	1037	4396
"2001.11.30"	"India"	"Galyot"	7	0	7	3366	1037	4403	3366	1037	4403
"2001.12.01"	"Israel"	"Jerusalem"	11	180	191	3377	1217	4594	3377	1217	4594
"2001.12.01"	"India"	"Kandi"	3	0	3	3380	1217	4597	3380	1217	4597
"2001.12.01"	"India"	"Bandipore"	0	44	44	3380	1261	4641	3380	1261	4641
"2001.12.02"	"India"	"Trinagal"	7	0	7	3387	1261	4648	3387	1261	4648
"2001.12.02"	"Israel"	"Haifa"	15	40	55	3402	1301	4703	3402	1301	4703
"2001.12.02"	"Indonesia"	"Sepe"	6	0	6	3408	1301	4709	3408	1301	4709
"2001.12.05"	"India"	"Donar"	4	0	4	3412	1301	4713	3412	1301	4713
"2001.12.05"	"Pakistan"	"Karachi"	1	0	1	3413	1301	4714	3413	1301	4714
"2001.12.05"	"India"	"Shrakwara"	1	0	1	3414	1301	4715	3414	1301	4715
"2001.12.07"	"Indonesia"	"Ewiri"	2	3	5	3416	1304	4720	3416	1304	4720
"2001.12.08"	"India"	"Baramulla"	6	0	6	3422	1304	4726	3422	1304	4726
"2001.12.10"	"Nigeria"	"Northern"	1	0	1	3423	1304	4727	3423	1304	4727
"2001.12.11"	"Indonesia"	"Bay of Ambon"	7	42	49	3430	1346	4776	3430	1346	4776
"2001.12.12"	"Israel"	"Samaria"	11	30	41	3441	1376	4817	3441	1376	4817
"2001.12.13"	"India"	"New Delhi"	7	30	37	3448	1406	4854	3448	1406	4854
"2001.12.13"	"Pakistan"	"Karachi"	0	19	19	3448	1425	4873	3448	1425	4873
"2001.12.14"	"India"	"Kalaroos"	2	0	2	3450	1425	4875	3450	1425	4875
"2001.12.15"	"India"	"Takiabal"	3	2	5	3453	1427	4880	3453	1427	4880
"2001.12.15"	"India"	"Pulwama"	4	15	19	3457	1442	4899	3457	1442	4899
"2001.12.17"	"India"	"Srinagar"	3	14	17	3460	1456	4916	3460	1456	4916
"2001.12.19"	"Indonesia"	"Kapaha"	9	1	10	3469	1457	4926	3469	1457	4926
"2001.12.19"	"India"	"Pulwama"	1	60	61	3470	1517	4987	3470	1517	4987
"2001.12.19"	"Pakistan"	"Kurram"	6	6	12	3476	1523	4999	3476	1523	4999
"2001.12.19"	"India"	"Dankot"	2	0	2	3478	1523	5001	3478	1523	5001
"2001.12.21"	"India"	"Mankot"	1	1	2	3479	1524	5003	3479	1524	5003
"2001.12.21"	"India"	"Poshkreeri"	3	1	4	3482	1525	5007	3482	1525	5007
"2001.12.21"	"India"	"Hogam"	2	2	4	3484	1527	5011	3484	1527	5011
"2001.12.24"	"India"	"Kashmir"	4	4	8	3488	1531	5019	3488	1531	5019
"2001.12.25"	"Israel"	"Beit Shean"	1	4	5	3489	1535	5024	3489	1535	5024
"2001.12.26"	"India"	"Chakor"	2	0	2	3491	1535	5026	3491	1535	5026
"2001.12.28"	"Pakistan"	"Karachi"	1	1	2	3492	1536	5028	3492	1536	5028
"2001.12.29"	"India"	"Jammu"	1	8	9	3493	1544	5037	3493	1544	5037
"2001.12.30"	"Nigeria"	"Vwang"	5	0	5	3498	1544	5042	3498	1544	5042
"2001.12.30"	"India"	"Kantha"	4	1	5	3502	1545	5047	3502	1545	5047
"2001.12.31"	"Pakistan"	"Karachi"	0	15	15	3502	1560	5062	3502	1560	5062
"2001.12.31"	"India"	"Mangnar Top"	6	1	7	3508	1561	5069	3508	1561	5069
"2002.01.01"	"India"	"Poshkar"	2	0	2	2	0	2	3510	1561	5071
"2002.01.01"	"India"	"Baramulla"	1	0	1	3	0	3	3511	1561	5072
"2002.01.01"	"Indonesia"	"Palu"	1	0	1	4	0	4	3512	1561	5073
"2002.01.02"	"India"	"Jehangir Chowk"	2	25	27	6	25	31	3514	1586	5100
"2002.01.02"	"India"	"Rajouri"	6	9	15	12	34	46	3520	1595	5115
"2002.01.03"	"Pakistan"	"Karachi"	1	0	1	13	34	47	3521	1595	5116
"2002.01.04"	"India"	"Kashmir"	2	0	2	15	34	49	3523	1595	5118
"2002.01.05"	"India"	"Mahore"	2	3	5	17	37	54	3525	1598	5123
"2002.01.06"	"USA"	"Tampa"	0	0	0	17	37	54	3525	1598	5123
"2002.01.06"	"India"	"Luddu"	4	4	8	21	41	62	3529	1602	5131
"2002.01.06"	"India"	"Ramsu"	3	12	15	24	53	77	3532	1614	5146
"2002.01.08"	"India"	"Srinagar"	1	2	3	25	55	80	3533	1616	5149
"2002.01.09"	"Pakistan"	"Gulshan-i-Iqbal"	1	0	1	26	55	81	3534	1616	5150
"2002.01.09"	"Israel"	"Kerem Shalom"	4	2	6	30	57	87	3538	1618	5156
"2002.01.10"	"India"	"Bafliaz"	1	0	1	31	57	88	3539	1618	5157
"2002.01.13"	"India"	"Beerwah"	1	0	1	32	57	89	3540	1618	5158
"2002.01.14"	"India"	"Kashmir"	6	3	9	38	60	98	3546	1621	5167
"2002.01.15"	"India"	"Keri"	2	0	2	40	60	100	3548	1621	5169
"2002.01.15"	"Israel"	"Beit Jala"	1	0	1	41	60	101	3549	1621	5170
"2002.01.15"	"Israel"	"Givat Ze-ev"	1	1	2	42	61	103	3550	1622	5172
"2002.01.16"	"Israel"	"Jenin"	1	0	1	43	61	104	3551	1622	5173
"2002.01.16"	"Pakistan"	"Lahore"	0	5	5	43	66	109	3551	1627	5178
"2002.01.16"	"Indonesia"	"Malei"	1	0	1	44	66	110	3552	1627	5179
"2002.01.17"	"India"	"Kanak Mandi"	2	8	10	46	74	120	3554	1635	5189
"2002.01.17"	"Israel"	"Hadera"	6	35	41	52	109	161	3560	1670	5230
"2002.01.18"	"India"	"Budhan"	0	2	2	52	111	163	3560	1672	5232
"2002.01.20"	"India"	"Behra"	11	3	14	63	114	177	3571	1675	5246
"2002.01.22"	"Bangladesh"	"Kolkata"	5	20	25	68	134	202	3576	1695	5271
"2002.01.22"	"Israel"	"Jerusalem"	2	40	42	70	174	244	3578	1735	5313
"2002.01.23"	"India"	"Donipora-Kantpora"	2	0	2	72	174	246	3580	1735	5315
"2002.01.24"	"India"	"Sathra"	1	3	4	73	177	250	3581	1738	5319
"2002.01.26"	"India"	"Hala"	2	0	2	75	177	252	3583	1738	5321
"2002.01.27"	"India"	"Pingla Dai"	2	0	2	77	177	254	3585	1738	5323
"2002.01.27"	"Israel"	"Jerusalem"	1	150	151	78	327	405	3586	1888	5474
"2002.01.30"	"India"	"Lachipora"	2	0	2	80	327	407	3588	1888	5476
"2002.01.31"	"India"	"Soo Bathoi"	2	0	2	82	327	409	3590	1888	5478
"2002.01.31"	"India"	"Sarhuti"	1	1	2	83	328	411	3591	1889	5480
"2002.01.31"	"India"	"Reasi"	3	5	8	86	333	419	3594	1894	5488
"2002.02.01"	"India"	"Sangrawas"	2	0	2	88	333	421	3596	1894	5490
"2002.02.01"	"India"	"Dodabug"	2	0	2	90	333	423	3598	1894	5492
"2002.02.01"	"India"	"Srinagar"	1	0	1	91	333	424	3599	1894	5493
"2002.02.03"	"Algeria"	"al-Medya"	12	8	20	103	341	444	3611	1902	5513
"2002.02.04"	"Algeria"	"Seidi Lakhder"	22	3	25	125	344	469	3633	1905	5538
"2002.02.04"	"India"	"Batfozen"	3	0	3	128	344	472	3636	1905	5541
"2002.02.04"	"Pakistan"	"Jhang"	1	0	1	129	344	473	3637	1905	5542
"2002.02.04"	"Bangladesh"	"Chittagong"	1	3	4	130	347	477	3638	1908	5546
"2002.02.06"	"Israel"	"Moshav Hamra"	3	0	3	133	347	480	3641	1908	5549
"2002.02.07"	"India"	"Chillar"	1	0	1	134	347	481	3642	1908	5550
"2002.02.08"	"Israel"	"Jerusalem"	1	0	1	135	347	482	3643	1908	5551
"2002.02.09"	"Israel"	"Ariel"	1	0	1	136	347	483	3644	1908	5552
"2002.02.10"	"Algeria"	"Bouqra"	6	0	6	142	347	489	3650	1908	5558
"2002.02.10"	"Israel"	"Be'er Sheva"	2	4	6	144	351	495	3652	1912	5564
"2002.02.12"	"India"	"Parori Gujaran"	3	1	4	147	352	499	3655	1913	5568
"2002.02.12"	"Pakistan"	"Karachi"	1	0	1	148	352	500	3656	1913	5569
"2002.02.13"	"India"	"Bathian"	1	0	1	149	352	501	3657	1913	5570
"2002.02.14"	"India"	"Thanna Mandi"	1	0	1	150	352	502	3658	1913	5571
"2002.02.15"	"India"	"Kashmir"	3	0	3	153	352	505	3661	1913	5574
"2002.02.15"	"Algeria"	"Jejil"	3	1	4	156	353	509	3664	1914	5578
"2002.02.16"	"Israel"	"Karnei Shomron"	3	30	33	159	383	542	3667	1944	5611
"2002.02.16"	"India"	"Narala"	8	7	15	167	390	557	3675	1951	5626
"2002.02.18"	"Israel"	"Gush Katif"	3	1	4	170	391	561	3678	1952	5630
"2002.02.19"	"Israel"	"Ramallah"	6	1	7	176	392	568	3684	1953	5637
"2002.02.19"	"India"	"Kishtwar"	1	16	17	177	408	585	3685	1969	5654
"2002.02.19"	"India"	"Gool"	2	0	2	179	408	587	3687	1969	5656
"2002.02.22"	"India"	"Aragam"	2	2	4	181	410	591	3689	1971	5660
"2002.02.22"	"Pakistan"	"Karachi"	1	0	1	182	410	592	3690	1971	5661
"2002.02.22"	"Israel"	"Jerusalem"	1	0	1	183	410	593	3691	1971	5662
"2002.02.23"	"India"	"Wagbal"	1	1	2	184	411	595	3692	1972	5664
"2002.02.24"	"Morocco"	"Casablanca"	1	0	1	185	411	596	3693	1972	5665
"2002.02.24"	"Nigeria"	"Gombi"	1	0	1	186	411	597	3694	1972	5666
"2002.02.25"	"Israel"	"Tekoa"	2	1	3	188	412	600	3696	1973	5669
"2002.02.25"	"Israel"	"Neve Ya'akov"	1	2	3	189	414	603	3697	1975	5672
"2002.02.26"	"Pakistan"	"Rawalpindi"	10	21	31	199	435	634	3707	1996	5703
"2002.02.26"	"India"	"Kashmir"	2	1	3	201	436	637	3709	1997	5706
"2002.02.26"	"India"	"Gujarat"	59	38	97	260	474	734	3768	2035	5803
"2002.02.27"	"India"	"Tangwari"	1	1	2	261	475	736	3769	2036	5805
"2002.02.27"	"Nigeria"	"Ilorin"	3	0	3	264	475	739	3772	2036	5808
"2002.02.28"	"India"	"Udhampur"	2	0	2	266	475	741	3774	2036	5810
"2002.02.28"	"Pakistan"	"Karachi"	2	11	13	268	486	754	3776	2047	5823
"2002.02.28"	"Israel"	"Atarot"	1	0	1	269	486	755	3777	2047	5824
"2002.03.02"	"Israel"	"Mar Saba"	1	0	1	270	486	756	3778	2047	5825
"2002.03.02"	"Israel"	"Jerusalem"	10	52	62	280	538	818	3788	2099	5887
"2002.03.02"	"India"	"Roshli"	2	0	2	282	538	820	3790	2099	5889
"2002.03.03"	"India"	"Kashmir"	2	0	2	284	538	822	3792	2099	5891
"2002.03.03"	"Israel"	"Ofra"	10	6	16	294	544	838	3802	2105	5907
"2002.03.03"	"Israel"	"Kissufim"	1	4	5	295	548	843	3803	2109	5912
"2002.03.04"	"Pakistan"	"Khyaban-e-Hafiz"	1	0	1	296	548	844	3804	2109	5913
"2002.03.04"	"India"	"Morha Pathana"	4	0	4	300	548	848	3808	2109	5917
"2002.03.05"	"Israel"	"Tel Aviv"	3	30	33	303	578	881	3811	2139	5950
"2002.03.05"	"Israel"	"Bethlehem"	1	1	2	304	579	883	3812	2140	5952
"2002.03.05"	"Israel"	"Afula"	1	17	18	305	596	901	3813	2157	5970
"2002.03.06"	"Israel"	"Khan Yunis"	2	0	2	307	596	903	3815	2157	5972
"2002.03.07"	"Israel"	"Gush Katif"	5	23	28	312	619	931	3820	2180	6000
"2002.03.07"	"India"	"Kashmir"	3	0	3	315	619	934	3823	2180	6003
"2002.03.07"	"Pakistan"	"Lyari"	1	0	1	316	619	935	3824	2180	6004
"2002.03.07"	"Nigeria"	"Enugu"	12	0	12	328	619	947	3836	2180	6016
"2002.03.08"	"Pakistan"	"Multan"	1	0	1	329	619	948	3837	2180	6017
"2002.03.08"	"Israel"	"Tulkarm"	1	0	1	330	619	949	3838	2180	6018
"2002.03.08"	"Algeria"	"al-Bleida"	6	0	6	336	619	955	3844	2180	6024
"2002.03.09"	"Israel"	"Netanya"	2	50	52	338	669	1007	3846	2230	6076
"2002.03.09"	"Israel"	"Jerusalem"	11	54	65	349	723	1072	3857	2284	6141
"2002.03.09"	"Pakistan"	"New Karachi"	1	1	2	350	724	1074	3858	2285	6143
"2002.03.10"	"India"	"Chak Seri"	1	1	2	351	725	1076	3859	2286	6145
"2002.03.10"	"Pakistan"	"Akora Khattak"	2	20	22	353	745	1098	3861	2306	6167
"2002.03.11"	"Pakistan"	"Muzaffargarh"	4	0	4	357	745	1102	3865	2306	6171
"2002.03.12"	"India"	"Kashmir"	4	0	4	361	745	1106	3869	2306	6175
"2002.03.12"	"Pakistan"	"Karimabad"	1	0	1	362	745	1107	3870	2306	6176
"2002.03.12"	"Israel"	"Metzuba"	6	7	13	368	752	1120	3876	2313	6189
"2002.03.13"	"India"	"Nowshera"	2	0	2	370	752	1122	3878	2313	6191
"2002.03.13"	"India"	"Morha Kuthyani"	2	0	2	372	752	1124	3880	2313	6193
"2002.03.14"	"Israel"	"Gaza"	3	2	5	375	754	1129	3883	2315	6198
"2002.03.16"	"Pakistan"	"Jhang"	5	0	5	380	754	1134	3888	2315	6203
"2002.03.17"	"Israel"	"Kfar Saba"	1	16	17	381	770	1151	3889	2331	6220
"2002.03.17"	"Pakistan"	"Islamabad"	5	45	50	386	815	1201	3894	2376	6270
"2002.03.18"	"Pakistan"	"Quetta"	1	0	1	387	815	1202	3895	2376	6271
"2002.03.19"	"India"	"Plangar"	1	0	1	388	815	1203	3896	2376	6272
"2002.03.19"	"Pakistan"	"Lahore"	3	0	3	391	815	1206	3899	2376	6275
"2002.03.19"	"USA"	"Tuscon"	1	0	1	392	815	1207	3900	2376	6276
"2002.03.19"	"Algeria"	"Souq al-Had"	6	0	6	398	815	1213	3906	2376	6282
"2002.03.19"	"Algeria"	"Souq al-Had"	4	0	4	402	815	1217	3910	2376	6286
"2002.03.19"	"Algeria"	"Algiers"	0	13	13	402	828	1230	3910	2389	6299
"2002.03.20"	"Israel"	"Musmus"	7	30	37	409	858	1267	3917	2419	6336
"2002.03.20"	"India"	"Dogripora"	2	5	7	411	863	1274	3919	2424	6343
"2002.03.21"	"India"	"Damhal Hanjipora"	0	14	14	411	877	1288	3919	2438	6357
"2002.03.21"	"Pakistan"	"Karachi"	1	0	1	412	877	1289	3920	2438	6358
"2002.03.21"	"Israel"	"Jerusalem"	3	86	89	415	963	1378	3923	2524	6447
"2002.03.22"	"India"	"Shopian"	0	35	35	415	998	1413	3923	2559	6482
"2002.03.23"	"India"	"Srinagar"	2	20	22	417	1018	1435	3925	2579	6504
"2002.03.24"	"India"	"Kashmir"	6	2	8	423	1020	1443	3931	2581	6512
"2002.03.24"	"Israel"	"Ramallah"	1	0	1	424	1020	1444	3932	2581	6513
"2002.03.25"	"India"	"Malanu"	1	0	1	425	1020	1445	3933	2581	6514
"2002.03.27"	"Israel"	"Netanya"	29	133	162	454	1153	1607	3962	2714	6676
"2002.03.28"	"Israel"	"Elon Moreh"	4	0	4	458	1153	1611	3966	2714	6680
"2002.03.29"	"India"	"Kalakote"	2	1	3	460	1154	1614	3968	2715	6683
"2002.03.29"	"India"	"Rajouri"	2	0	2	462	1154	1616	3970	2715	6685
"2002.03.29"	"Israel"	"Neztarim"	2	0	2	464	1154	1618	3972	2715	6687
"2002.03.29"	"Israel"	"Jerusalem"	4	28	32	468	1182	1650	3976	2743	6719
"2002.03.30"	"Israel"	"Tel Aviv"	1	30	31	469	1212	1681	3977	2773	6750
"2002.03.30"	"India"	"Jammu"	7	20	27	476	1232	1708	3984	2793	6777
"2002.03.31"	"India"	"Azmatabad"	1	0	1	477	1232	1709	3985	2793	6778
"2002.03.31"	"Pakistan"	"Bahawalpur"	2	0	2	479	1232	1711	3987	2793	6780
"2002.03.31"	"Israel"	"Haifa"	15	40	55	494	1272	1766	4002	2833	6835
"2002.04.01"	"India"	"Bowan-Watsar"	1	1	2	495	1273	1768	4003	2834	6837
"2002.04.01"	"Pakistan"	"Spin Qaira"	2	12	14	497	1285	1782	4005	2846	6851
"2002.04.02"	"India"	"Tabaloo-Sung"	2	0	2	499	1285	1784	4007	2846	6853
"2002.04.03"	"India"	"Chanchora"	2	1	3	501	1286	1787	4009	2847	6856
"2002.04.04"	"Indonesia"	"Ambon"	5	57	62	506	1343	1849	4014	2904	6918
"2002.04.04"	"India"	"Baramulla"	4	0	4	510	1343	1853	4018	2904	6922
"2002.04.04"	"India"	"Lopra"	1	0	1	511	1343	1854	4019	2904	6923
"2002.04.06"	"Israel"	"Rafiah Yam"	1	5	6	512	1348	1860	4020	2909	6929
"2002.04.08"	"India"	"Dandli Dansal"	8	6	14	520	1354	1874	4028	2915	6943
"2002.04.08"	"Afghanistan"	"Jalalabad"	9	92	101	529	1446	1975	4037	3007	7044
"2002.04.09"	"Israel"	"Jenin"	13	7	20	542	1453	1995	4050	3014	7064
"2002.04.09"	"India"	"Kokernag"	2	11	13	544	1464	2008	4052	3025	7077
"2002.04.09"	"India"	"Kulgam"	2	0	2	546	1464	2010	4054	3025	7079
"2002.04.10"	"Israel"	"Yagur"	8	22	30	554	1486	2040	4062	3047	7109
"2002.04.11"	"Tunisia"	"Erriadh"	21	18	39	575	1504	2079	4083	3065	7148
"2002.04.12"	"India"	"Kashmir"	10	17	27	585	1521	2106	4093	3082	7175
"2002.04.12"	"Israel"	"Jerusalem"	6	104	110	591	1625	2216	4099	3186	7285
"2002.04.13"	"India"	"Bonkoot"	1	2	3	592	1627	2219	4100	3188	7288
"2002.04.14"	"India"	"Pulwama"	1	9	10	593	1636	2229	4101	3197	7298
"2002.04.15"	"India"	"Doda"	1	0	1	594	1636	2230	4102	3197	7299
"2002.04.16"	"India"	"Awantipora"	2	4	6	596	1640	2236	4104	3201	7305
"2002.04.16"	"India"	"Srinagar"	2	0	2	598	1640	2238	4106	3201	7307
"2002.04.18"	"India"	"Dooru"	1	0	1	599	1640	2239	4107	3201	7308
"2002.04.20"	"India"	"Sagarian Azmatabad"	2	0	2	601	1640	2241	4109	3201	7310
"2002.04.20"	"India"	"Milan"	3	4	7	604	1644	2248	4112	3205	7317
"2002.04.21"	"Pakistan"	"Karachi"	1	0	1	605	1644	2249	4113	3205	7318
"2002.04.22"	"India"	"Nagam"	2	0	2	607	1644	2251	4115	3205	7320
"2002.04.22"	"India"	"Kashmir"	3	0	3	610	1644	2254	4118	3205	7323
"2002.04.23"	"Bangladesh"	"Chittagong"	1	0	1	611	1644	2255	4119	3205	7324
"2002.04.23"	"India"	"Shopian"	1	3	4	612	1647	2259	4120	3208	7328
"2002.04.24"	"Algeria"	"al-Jeije"	16	0	16	628	1647	2275	4136	3208	7344
"2002.04.25"	"Algeria"	"Mashraat Sava"	4	0	4	632	1647	2279	4140	3208	7348
"2002.04.25"	"India"	"Dharmsal"	2	0	2	634	1647	2281	4142	3208	7350
"2002.04.25"	"Pakistan"	"Lahore"	12	25	37	646	1672	2318	4154	3233	7387
"2002.04.25"	"India"	"Gharat Morh"	1	2	3	647	1674	2321	4155	3235	7390
"2002.04.27"	"Israel"	"Adora"	4	7	11	651	1681	2332	4159	3242	7401
"2002.04.28"	"Indonesia"	"Soya"	12	6	18	663	1687	2350	4171	3248	7419
"2002.04.28"	"Sudan"	"Shoba Karika"	24	23	47	687	1710	2397	4195	3271	7466
"2002.04.29"	"India"	"Sangarwani Keller"	1	0	1	688	1710	2398	4196	3271	7467
"2002.05.01"	"Bangladesh"	"Natore"	1	25	26	689	1735	2424	4197	3296	7493
"2002.05.01"	"Pakistan"	"Karachi"	0	20	20	689	1755	2444	4197	3316	7513
"2002.05.01"	"Pakistan"	"Muzaffarabad"	1	4	5	690	1759	2449	4198	3320	7518
"2002.05.02"	"India"	"Athwatoo"	1	0	1	691	1759	2450	4199	3320	7519
"2002.05.02"	"Pakistan"	"Karachi"	1	4	5	692	1763	2455	4200	3324	7524
"2002.05.02"	"Algeria"	"Kasar Shalala"	20	5	25	712	1768	2480	4220	3329	7549
"2002.05.02"	"Algeria"	"Sedi Khaled"	11	0	11	723	1768	2491	4231	3329	7560
"2002.05.03"	"India"	"Bandipore"	3	0	3	726	1768	2494	4234	3329	7563
"2002.05.04"	"India"	"Madiyani"	5	0	5	731	1768	2499	4239	3329	7568
"2002.05.05"	"Pakistan"	"Karachi"	1	0	1	732	1768	2500	4240	3329	7569
"2002.05.05"	"India"	"Kashmir"	2	0	2	734	1768	2502	4242	3329	7571
"2002.05.05"	"Pakistan"	"Karachi"	1	0	1	735	1768	2503	4243	3329	7572
"2002.05.06"	"Pakistan"	"Karachi"	3	0	3	738	1768	2506	4246	3329	7575
"2002.05.07"	"Pakistan"	"Karachi"	1	0	1	739	1768	2507	4247	3329	7576
"2002.05.07"	"Pakistan"	"Lahore"	3	0	3	742	1768	2510	4250	3329	7579
"2002.05.07"	"Israel"	"Rishon Lezion"	15	55	70	757	1823	2580	4265	3384	7649
"2002.05.08"	"Pakistan"	"Karachi"	16	34	50	773	1857	2630	4281	3418	7699
"2002.05.08"	"India"	"Morha Bagla"	1	0	1	774	1857	2631	4282	3418	7700
"2002.05.09"	"India"	"Dalwa"	1	1	2	775	1858	2633	4283	3419	7702
"2002.05.09"	"Pakistan"	"Rawalpindi"	2	1	3	777	1859	2636	4285	3420	7705
"2002.05.09"	"Dagestan"	"Kaspiisk"	45	170	215	822	2029	2851	4330	3590	7920
"2002.05.10"	"India"	"Nandipora-Beerwah"	2	0	2	824	2029	2853	4332	3590	7922
"2002.05.10"	"India"	"Kither"	1	1	2	825	2030	2855	4333	3591	7924
"2002.05.12"	"India"	"Butshungni-Winder"	2	2	4	827	2032	2859	4335	3593	7928
"2002.05.13"	"India"	"Sarawa"	1	0	1	828	2032	2860	4336	3593	7929
"2002.05.14"	"India"	"Kaluchak"	36	48	84	864	2080	2944	4372	3641	8013
"2002.05.14"	"Algeria"	"Tazmalt"	7	5	12	871	2085	2956	4379	3646	8025
"2002.05.14"	"Algeria"	"Baraqi"	5	0	5	876	2085	2961	4384	3646	8030
"2002.05.16"	"Indonesia"	"Tamonjeka"	2	0	2	878	2085	2963	4386	3646	8032
"2002.05.17"	"India"	"Jammu"	2	16	18	880	2101	2981	4388	3662	8050
"2002.05.17"	"India"	"Bonkoot"	1	1	2	881	2102	2983	4389	3663	8052
"2002.05.19"	"Israel"	"Netanya"	3	59	62	884	2161	3045	4392	3722	8114
"2002.05.19"	"India"	"Chasana"	4	7	11	888	2168	3056	4396	3729	8125
"2002.05.21"	"Pakistan"	"Karachi"	1	12	13	889	2180	3069	4397	3741	8138
"2002.05.22"	"Pakistan"	"Gulistan-e-Mustafa"	1	0	1	890	2180	3070	4398	3741	8139
"2002.05.22"	"India"	"Kashmir"	5	3	8	895	2183	3078	4403	3744	8147
"2002.05.22"	"Israel"	"Rishon Lezion"	2	40	42	897	2223	3120	4405	3784	8189
"2002.05.23"	"India"	"Kashmir"	2	10	12	899	2233	3132	4407	3794	8201
"2002.05.24"	"India"	"Kupwara"	2	0	2	901	2233	3134	4409	3794	8203
"2002.05.25"	"Indonesia"	"Saparua"	5	11	16	906	2244	3150	4414	3805	8219
"2002.05.25"	"India"	"Shopian"	9	0	9	915	2244	3159	4423	3805	8228
"2002.05.27"	"Israel"	"Petah Tikva"	2	37	39	917	2281	3198	4425	3842	8267
"2002.05.27"	"USA"	"Denton"	1	0	1	918	2281	3199	4426	3842	8268
"2002.05.28"	"India"	"Sharat Shopian"	2	0	2	920	2281	3201	4428	3842	8270
"2002.05.28"	"Israel"	"Itamar"	3	2	5	923	2283	3206	4431	3844	8275
"2002.05.30"	"India"	"Doda"	3	3	6	926	2286	3212	4434	3847	8281
"2002.05.30"	"India"	"Thuru"	2	0	2	928	2286	3214	4436	3847	8283
"2002.05.30"	"India"	"Thanna Mandi"	2	1	3	930	2287	3217	4438	3848	8286
"2002.05.30"	"Pakistan"	"Karachi"	1	0	1	931	2287	3218	4439	3848	8287
"2002.05.31"	"India"	"Srinagar"	0	14	14	931	2301	3232	4439	3862	8301
"2002.05.31"	"India"	"Gonikhan"	1	16	17	932	2317	3249	4440	3878	8318
"2002.06.01"	"India"	"Anantnag"	0	18	18	932	2335	3267	4440	3896	8336
"2002.06.02"	"India"	"Kashmir"	2	0	2	934	2335	3269	4442	3896	8338
"2002.06.02"	"Philippines"	"Jolo"	1	2	3	935	2337	3272	4443	3898	8341
"2002.06.02"	"England"	"Orpington"	1	0	1	936	2337	3273	4444	3898	8342
"2002.06.03"	"India"	"Dureja"	1	0	1	937	2337	3274	4445	3898	8343
"2002.06.05"	"Israel"	"Afula"	17	38	55	954	2375	3329	4462	3936	8398
"2002.06.05"	"Indonesia"	"Tentena"	4	17	21	958	2392	3350	4466	3953	8419
"2002.06.05"	"India"	"Kashmir"	3	0	3	961	2392	3353	4469	3953	8422
"2002.06.05"	"India"	"Bangalore"	2	0	2	963	2392	3355	4471	3953	8424
"2002.06.06"	"Nigeria"	"Katsina"	1	0	1	964	2392	3356	4472	3953	8425
"2002.06.06"	"Afghanistan"	"Kabul"	2	0	2	966	2392	3358	4474	3953	8427
"2002.06.08"	"India"	"Mahore"	4	0	4	970	2392	3362	4478	3953	8431
"2002.06.08"	"India"	"Sultan Pathri"	3	0	3	973	2392	3365	4481	3953	8434
"2002.06.09"	"Pakistan"	"Mashkey"	2	0	2	975	2392	3367	4483	3953	8436
"2002.06.09"	"India"	"Poonch"	1	0	1	976	2392	3368	4484	3953	8437
"2002.06.09"	"India"	"Berneli"	4	0	4	980	2392	3372	4488	3953	8441
"2002.06.09"	"Indonesia"	"Kayamanya"	1	0	1	981	2392	3373	4489	3953	8442
"2002.06.10"	"India"	"Kashmir"	3	0	3	984	2392	3376	4492	3953	8445
"2002.06.10"	"India"	"Gambhir Mugalan"	1	0	1	985	2392	3377	4493	3953	8446
"2002.06.10"	"Afghanistan"	"Kabul"	1	0	1	986	2392	3378	4494	3953	8447
"2002.06.11"	"Algeria"	"al-Medya"	12	9	21	998	2401	3399	4506	3962	8468
"2002.06.11"	"India"	"Surankote"	2	0	2	1000	2401	3401	4508	3962	8470
"2002.06.11"	"Pakistan"	"Lahore"	1	0	1	1001	2401	3402	4509	3962	8471
"2002.06.13"	"India"	"Dharam Chowki"	2	0	2	1003	2401	3404	4511	3962	8473
"2002.06.14"	"Pakistan"	"Karachi"	10	51	61	1013	2452	3465	4521	4013	8534
"2002.06.15"	"India"	"Bindra"	3	1	4	1016	2453	3469	4524	4014	8538
"2002.06.15"	"Pakistan"	"Faisalabad"	0	1	1	1016	2454	3470	4524	4015	8539
"2002.06.16"	"India"	"Balmakote"	5	3	8	1021	2457	3478	4529	4018	8547
"2002.06.17"	"Pakistan"	"Multan"	3	0	3	1024	2457	3481	4532	4018	8550
"2002.06.18"	"India"	"Branwar"	2	0	2	1026	2457	3483	4534	4018	8552
"2002.06.18"	"Israel"	"Jerusalem"	19	50	69	1045	2507	3552	4553	4068	8621
"2002.06.19"	"Israel"	"Jerusalem"	7	35	42	1052	2542	3594	4560	4103	8663
"2002.06.19"	"India"	"Khanyar"	1	0	1	1053	2542	3595	4561	4103	8664
"2002.06.20"	"Israel"	"Itamar"	4	4	8	1057	2546	3603	4565	4107	8672
"2002.06.21"	"India"	"Kashmir"	2	0	2	1059	2546	3605	4567	4107	8674
"2002.06.26"	"India"	"Chak Rishipora"	2	0	2	1061	2546	3607	4569	4107	8676
"2002.06.27"	"Algeria"	"Bou Ismail"	2	0	2	1063	2546	3609	4571	4107	8678
"2002.06.27"	"Pakistan"	"Kachi Abadi"	1	2	3	1064	2548	3612	4572	4109	8681
"2002.06.27"	"India"	"Gurwatan Bahak"	5	0	5	1069	2548	3617	4577	4109	8686
"2002.06.27"	"India"	"Lal Chowk"	1	37	38	1070	2585	3655	4578	4146	8724
"2002.06.27"	"Pakistan"	"Multan"	1	0	1	1071	2585	3656	4579	4146	8725
"2002.06.28"	"India"	"Kakran-Kulgam"	1	0	1	1072	2585	3657	4580	4146	8726
"2002.06.28"	"Algeria"	"Algiers"	13	0	13	1085	2585	3670	4593	4146	8739
"2002.06.29"	"India"	"Basuni"	3	0	3	1088	2585	3673	4596	4146	8742
"2002.06.30"	"India"	"Gadyari"	1	0	1	1089	2585	3674	4597	4146	8743
"2002.07.01"	"India"	"Kashmir"	3	0	3	1092	2585	3677	4600	4146	8746
"2002.07.02"	"India"	"Singhpura Chatru"	1	0	1	1093	2585	3678	4601	4146	8747
"2002.07.03"	"Pakistan"	"Kohat"	2	2	4	1095	2587	3682	4603	4148	8751
"2002.07.03"	"Indonesia"	"Landangan"	1	0	1	1096	2587	3683	4604	4148	8752
"2002.07.04"	"India"	"Kashmir"	2	0	2	1098	2587	3685	4606	4148	8754
"2002.07.04"	"USA"	"Los Angeles"	2	0	2	1100	2587	3687	4608	4148	8756
"2002.07.05"	"Algeria"	"al-Arbaa"	49	17	66	1149	2604	3753	4657	4165	8822
"2002.07.05"	"India"	"Gandoh"	3	1	4	1152	2605	3757	4660	4166	8826
"2002.07.05"	"India"	"Khansaheb"	0	16	16	1152	2621	3773	4660	4182	8842
"2002.07.07"	"India"	"Kasblari"	1	0	1	1153	2621	3774	4661	4182	8843
"2002.07.07"	"India"	"Handwara"	1	0	1	1154	2621	3775	4662	4182	8844
"2002.07.07"	"Philippines"	"Unknown"	2	1	3	1156	2622	3778	4664	4183	8847
"2002.07.07"	"Algeria"	"Algiers"	6	0	6	1162	2622	3784	4670	4183	8853
"2002.07.07"	"Indonesia"	"Wayura"	1	0	1	1163	2622	3785	4671	4183	8854
"2002.07.10"	"India"	"Surankote"	1	0	1	1164	2622	3786	4672	4183	8855
"2002.07.11"	"India"	"Ghat Palhalan"	2	1	3	1166	2623	3789	4674	4184	8858
"2002.07.11"	"India"	"Warpora"	1	0	1	1167	2623	3790	4675	4184	8859
"2002.07.12"	"Indonesia"	"Kawua"	1	4	5	1168	2627	3795	4676	4188	8864
"2002.07.13"	"India"	"Khrew"	1	0	1	1169	2627	3796	4677	4188	8865
"2002.07.13"	"Algeria"	"Algiers"	10	0	10	1179	2627	3806	4687	4188	8875
"2002.07.13"	"Pakistan"	"Mansehra"	0	12	12	1179	2639	3818	4687	4200	8887
"2002.07.13"	"India"	"Jammu"	28	30	58	1207	2669	3876	4715	4230	8945
"2002.07.14"	"India"	"Rajdhani"	1	0	1	1208	2669	3877	4716	4230	8946
"2002.07.15"	"India"	"Sambora"	1	0	1	1209	2669	3878	4717	4230	8947
"2002.07.16"	"Algeria"	"Wilad Alal"	7	0	7	1216	2669	3885	4724	4230	8954
"2002.07.16"	"India"	"Sarna"	1	0	1	1217	2669	3886	4725	4230	8955
"2002.07.17"	"India"	"Aishmuqam"	3	9	12	1220	2678	3898	4728	4239	8967
"2002.07.17"	"India"	"Kashmir"	3	0	3	1223	2678	3901	4731	4239	8970
"2002.07.17"	"India"	"Bonkoot"	3	3	6	1226	2681	3907	4734	4242	8976
"2002.07.17"	"Israel"	"Emmanuel"	7	26	33	1233	2707	3940	4741	4268	9009
"2002.07.17"	"Israel"	"Tel Aviv"	3	40	43	1236	2747	3983	4744	4308	9052
"2002.07.19"	"Indonesia"	"Poso"	2	0	2	1238	2747	3985	4746	4308	9054
"2002.07.20"	"India"	"Hill Tak"	3	0	3	1241	2747	3988	4749	4308	9057
"2002.07.21"	"India"	"Wali-Dok"	1	0	1	1242	2747	3989	4750	4308	9058
"2002.07.22"	"Indonesia"	"Mayoa"	0	3	3	1242	2750	3992	4750	4311	9061
"2002.07.23"	"India"	"Halla"	3	0	3	1245	2750	3995	4753	4311	9064
"2002.07.23"	"India"	"Rajouri"	1	27	28	1246	2777	4023	4754	4338	9092
"2002.07.24"	"India"	"Anantnag"	0	20	20	1246	2797	4043	4754	4358	9112
"2002.07.24"	"India"	"Chanser"	2	0	2	1248	2797	4045	4756	4358	9114
"2002.07.25"	"India"	"Batmaloo"	1	23	24	1249	2820	4069	4757	4381	9138
"2002.07.26"	"India"	"Budgam"	3	0	3	1252	2820	4072	4760	4381	9141
"2002.07.26"	"Israel"	"Hebron"	4	3	7	1256	2823	4079	4764	4384	9148
"2002.07.27"	"India"	"Badgam"	4	3	7	1260	2826	4086	4768	4387	9155
"2002.07.28"	"India"	"Thanna Mandi"	1	1	2	1261	2827	4088	4769	4388	9157
"2002.07.28"	"India"	"Surankote"	1	0	1	1262	2827	4089	4770	4388	9158
"2002.07.29"	"India"	"Mangota"	1	4	5	1263	2831	4094	4771	4392	9163
"2002.07.29"	"India"	"Rajpura"	0	15	15	1263	2846	4109	4771	4407	9178
"2002.07.30"	"Israel"	"Jerusalem"	0	7	7	1263	2853	4116	4771	4414	9185
"2002.07.30"	"India"	"Anantnag"	2	5	7	1265	2858	4123	4773	4419	9192
"2002.07.30"	"India"	"Kashmir"	3	0	3	1268	2858	4126	4776	4419	9195
"2002.07.31"	"India"	"Tral"	3	2	5	1271	2860	4131	4779	4421	9200
"2002.07.31"	"India"	"Shahdara Sharief"	1	0	1	1272	2860	4132	4780	4421	9201
"2002.07.31"	"Israel"	"Jerusalem"	9	90	99	1281	2950	4231	4789	4511	9300
"2002.08.01"	"India"	"Raika"	2	1	3	1283	2951	4234	4791	4512	9303
"2002.08.02"	"India"	"Ichhgooza"	1	0	1	1284	2951	4235	4792	4512	9304
"2002.08.03"	"India"	"Kashmir"	2	0	2	1286	2951	4237	4794	4512	9306
"2002.08.03"	"Israel"	"Jerusalem"	1	2	3	1287	2953	4240	4795	4514	9309
"2002.08.04"	"Israel"	"Meron Junction"	8	50	58	1295	3003	4298	4803	4564	9367
"2002.08.04"	"India"	"Morha Badana"	1	0	1	1296	3003	4299	4804	4564	9368
"2002.08.04"	"Indonesia"	"Matako"	0	8	8	1296	3011	4307	4804	4572	9376
"2002.08.05"	"Pakistan"	"Jhika Gali"	6	4	10	1302	3015	4317	4810	4576	9386
"2002.08.06"	"India"	"Pahalgam"	9	32	41	1311	3047	4358	4819	4608	9427
"2002.08.06"	"India"	"Rajouri"	0	12	12	1311	3059	4370	4819	4620	9439
"2002.08.06"	"India"	"Handwara"	9	3	12	1320	3062	4382	4828	4623	9451
"2002.08.06"	"India"	"Nar"	2	0	2	1322	3062	4384	4830	4623	9453
"2002.08.07"	"India"	"Surankote"	3	0	3	1325	3062	4387	4833	4623	9456
"2002.08.07"	"Indonesia"	"Tentena"	1	4	5	1326	3066	4392	4834	4627	9461
"2002.08.08"	"Algeria"	"Algiers"	6	1	7	1332	3067	4399	4840	4628	9468
"2002.08.08"	"India"	"Patrara"	4	0	4	1336	3067	4403	4844	4628	9472
"2002.08.08"	"India"	"Bijbehara"	0	15	15	1336	3082	4418	4844	4643	9487
"2002.08.09"	"Indonesia"	"Malei"	2	0	2	1338	3082	4420	4846	4643	9489
"2002.08.09"	"Pakistan"	"Taxila"	3	24	27	1341	3106	4447	4849	4667	9516
"2002.08.10"	"Philippines"	"Unknown"	2	4	6	1343	3110	4453	4851	4671	9522
"2002.08.11"	"India"	"Sarawa"	3	0	3	1346	3110	4456	4854	4671	9525
"2002.08.11"	"Indonesia"	"Kayamanya"	5	0	5	1351	3110	4461	4859	4671	9530
"2002.08.13"	"India"	"Kulgam"	1	21	22	1352	3131	4483	4860	4692	9552
"2002.08.15"	"Algeria"	"Harshoun"	26	0	26	1378	3131	4509	4886	4692	9578
"2002.08.15"	"Indonesia"	"Manyomba"	1	3	4	1379	3134	4513	4887	4695	9582
"2002.08.15"	"Iraq"	"Baghdad"	1	0	1	1380	3134	4514	4888	4695	9583
"2002.08.16"	"India"	"Fatehpur"	1	0	1	1381	3134	4515	4889	4695	9584
"2002.08.18"	"India"	"Bana"	2	0	2	1383	3134	4517	4891	4695	9586
"2002.08.18"	"India"	"Bhat Pura"	1	0	1	1384	3134	4518	4892	4695	9587
"2002.08.18"	"Pakistan"	"Skardu"	1	3	4	1385	3137	4522	4893	4698	9591
"2002.08.20"	"India"	"Gund"	0	1	1	1385	3138	4523	4893	4699	9592
"2002.08.22"	"India"	"Gorihakhar"	2	0	2	1387	3138	4525	4895	4699	9594
"2002.08.22"	"India"	"Lassana"	2	2	4	1389	3140	4529	4897	4701	9598
"2002.08.23"	"India"	"Srinagar"	2	0	2	1391	3140	4531	4899	4701	9600
"2002.08.23"	"India"	"Rajouri"	4	19	23	1395	3159	4554	4903	4720	9623
"2002.08.23"	"India"	"Thanna Mandi"	10	0	10	1405	3159	4564	4913	4720	9633
"2002.08.25"	"India"	"Surankote"	4	1	5	1409	3160	4569	4917	4721	9638
"2002.08.25"	"India"	"Reka Chowk"	0	12	12	1409	3172	4581	4917	4733	9650
"2002.08.26"	"India"	"Kashmir"	4	1	5	1413	3173	4586	4921	4734	9655
"2002.08.30"	"India"	"Kashmir"	5	2	7	1418	3175	4593	4926	4736	9662
"2002.08.31"	"Indonesia"	"Irian Jaya"	3	12	15	1421	3187	4608	4929	4748	9677
"2002.08.31"	"India"	"Maalbani"	3	0	3	1424	3187	4611	4932	4748	9680
"2002.08.31"	"India"	"Raie Kashte"	1	0	1	1425	3187	4612	4933	4748	9681
"2002.09.01"	"India"	"Gounthal"	2	1	3	1427	3188	4615	4935	4749	9684
"2002.09.01"	"Afghanistan"	"Kabul"	1	3	4	1428	3191	4619	4936	4752	9688
"2002.09.01"	"Algeria"	"Bantous"	4	6	10	1432	3197	4629	4940	4758	9698
"2002.09.02"	"India"	"Kashmir"	4	20	24	1436	3217	4653	4944	4778	9722
"2002.09.04"	"India"	"Pulwama"	3	0	3	1439	3217	4656	4947	4778	9725
"2002.09.05"	"Pakistan"	"North Nazimabad"	1	0	1	1440	3217	4657	4948	4778	9726
"2002.09.05"	"Afghanistan"	"Kabul"	22	65	87	1462	3282	4744	4970	4843	9813
"2002.09.06"	"India"	"Gorihakhar"	4	2	6	1466	3284	4750	4974	4845	9819
"2002.09.06"	"Afghanistan"	"Akora Khattak"	1	2	3	1467	3286	4753	4975	4847	9822
"2002.09.08"	"India"	"Kashmir"	2	7	9	1469	3293	4762	4977	4854	9831
"2002.09.08"	"Indonesia"	"Galunggung"	1	0	1	1470	3293	4763	4978	4854	9832
"2002.09.09"	"India"	"Thanna Mandi"	5	1	6	1475	3294	4769	4983	4855	9838
"2002.09.09"	"India"	"Lower Dubri"	4	2	6	1479	3296	4775	4987	4857	9844
"2002.09.09"	"India"	"Batmaloo"	0	13	13	1479	3309	4788	4987	4870	9857
"2002.09.10"	"India"	"Kashmir"	5	23	28	1484	3332	4816	4992	4893	9885
"2002.09.11"	"India"	"Kupwara"	4	5	9	1488	3337	4825	4996	4898	9894
"2002.09.11"	"India"	"Poonch"	14	22	36	1502	3359	4861	5010	4920	9930
"2002.09.11"	"India"	"Surankote"	12	22	34	1514	3381	4895	5022	4942	9964
"2002.09.15"	"Pakistan"	"Hyderabad"	1	5	6	1515	3386	4901	5023	4947	9970
"2002.09.16"	"India"	"Hasote"	1	2	3	1516	3388	4904	5024	4949	9973
"2002.09.16"	"India"	"Seri Khwaja"	1	0	1	1517	3388	4905	5025	4949	9974
"2002.09.16"	"Pakistan"	"Miranshah"	1	1	2	1518	3389	4907	5026	4950	9976
"2002.09.18"	"India"	"Katarmal"	10	0	10	1528	3389	4917	5036	4950	9986
"2002.09.18"	"India"	"Srinagar"	2	0	2	1530	3389	4919	5038	4950	9988
"2002.09.18"	"India"	"Golibud"	1	0	1	1531	3389	4920	5039	4950	9989
"2002.09.19"	"India"	"Jamsalan"	2	0	2	1533	3389	4922	5041	4950	9991
"2002.09.19"	"India"	"Doda"	2	0	2	1535	3389	4924	5043	4950	9993
"2002.09.19"	"Israel"	"Tel Aviv"	5	40	45	1540	3429	4969	5048	4990	10038
"2002.09.21"	"USA"	"Montgomery"	1	1	2	1541	3430	4971	5049	4991	10040
"2002.09.21"	"Indonesia"	"Kelang"	2	2	4	1543	3432	4975	5051	4993	10044
"2002.09.21"	"India"	"Hadipora"	2	0	2	1545	3432	4977	5053	4993	10046
"2002.09.21"	"India"	"Palpora"	1	0	1	1546	3432	4978	5054	4993	10047
"2002.09.21"	"USA"	"Atlanta"	1	0	1	1547	3432	4979	5055	4993	10048
"2002.09.23"	"USA"	"Baton Rouge"	1	0	1	1548	3432	4980	5056	4993	10049
"2002.09.24"	"India"	"Ahmedabad"	31	86	117	1579	3518	5097	5087	5079	10166
"2002.09.24"	"India"	"Udhyanpur"	2	0	2	1581	3518	5099	5089	5079	10168
"2002.09.24"	"India"	"Shamdilli"	1	0	1	1582	3518	5100	5090	5079	10169
"2002.09.24"	"India"	"Bijbehera"	2	0	2	1584	3518	5102	5092	5079	10171
"2002.09.25"	"India"	"Mogla"	5	3	8	1589	3521	5110	5097	5082	10179
"2002.09.25"	"Pakistan"	"Karachi"	7	3	10	1596	3524	5120	5104	5085	10189
"2002.09.26"	"India"	"Pulwama"	0	14	14	1596	3538	5134	5104	5099	10203
"2002.09.26"	"India"	"Maroti"	1	2	3	1597	3540	5137	5105	5101	10206
"2002.09.28"	"Bangladesh"	"Satkhira"	3	125	128	1600	3665	5265	5108	5226	10334
"2002.09.28"	"India"	"Anantnag"	3	4	7	1603	3669	5272	5111	5230	10341
"2002.09.29"	"India"	"Tral"	1	17	18	1604	3686	5290	5112	5247	10359
"2002.09.29"	"India"	"Kashmir"	2	0	2	1606	3686	5292	5114	5247	10361
"2002.09.29"	"Saudi Arabia"	"Riyadh"	1	0	1	1607	3686	5293	5115	5247	10362
"2002.09.30"	"India"	"Saran Khadi"	1	1	2	1608	3687	5295	5116	5248	10364
"2002.09.30"	"India"	"Graogund"	7	1	8	1615	3688	5303	5123	5249	10372
"2002.10.01"	"India"	"Hiranagar"	8	10	18	1623	3698	5321	5131	5259	10390
"2002.10.02"	"USA"	"Wheaton"	1	0	1	1624	3698	5322	5132	5259	10391
"2002.10.02"	"Philippines"	"Zamboanga"	4	24	28	1628	3722	5350	5136	5283	10419
"2002.10.02"	"India"	"Pastoona"	5	1	6	1633	3723	5356	5141	5284	10425
"2002.10.02"	"India"	"Manda Morh"	2	22	24	1635	3745	5380	5143	5306	10449
"2002.10.03"	"India"	"Doda"	2	0	2	1637	3745	5382	5145	5306	10451
"2002.10.03"	"USA"	"Maryland"	5	0	5	1642	3745	5387	5150	5306	10456
"2002.10.03"	"Algeria"	"Wadi Shurfa"	12	2	14	1654	3747	5401	5162	5308	10470
"2002.10.04"	"India"	"Kashmir"	6	0	6	1660	3747	5407	5168	5308	10476
"2002.10.06"	"India"	"Kashmir"	3	1	4	1663	3748	5411	5171	5309	10480
"2002.10.06"	"Yemen"	"Coast"	1	0	1	1664	3748	5412	5172	5309	10481
"2002.10.07"	"India"	"Kashmir"	3	1	4	1667	3749	5416	5175	5310	10485
"2002.10.08"	"India"	"Doda"	2	5	7	1669	3754	5423	5177	5315	10492
"2002.10.08"	"Israel"	"Zief Junction"	1	3	4	1670	3757	5427	5178	5318	10496
"2002.10.08"	"Kuwait"	"Failaka"	1	1	2	1671	3758	5429	5179	5319	10498
"2002.10.09"	"USA"	"Manassas"	1	0	1	1672	3758	5430	5180	5319	10499
"2002.10.09"	"India"	"Sorabati"	2	7	9	1674	3765	5439	5182	5326	10508
"2002.10.10"	"Israel"	"Tel Aviv"	1	20	21	1675	3785	5460	5183	5346	10529
"2002.10.10"	"Philippines"	"Kidapawan City"	6	10	16	1681	3795	5476	5189	5356	10545
"2002.10.11"	"USA"	"Fredericksburg"	1	0	1	1682	3795	5477	5190	5356	10546
"2002.10.11"	"India"	"Kangan"	1	6	7	1683	3801	5484	5191	5362	10553
"2002.10.12"	"Indonesia"	"Bali"	202	300	502	1885	4101	5986	5393	5662	11055
"2002.10.14"	"USA"	"Falls Church"	1	0	1	1886	4101	5987	5394	5662	11056
"2002.10.15"	"India"	"Lawaypora"	3	0	3	1889	4101	5990	5397	5662	11059
"2002.10.16"	"Algeria"	"Boukaat El Hadjadj"	13	1	14	1902	4102	6004	5410	5663	11073
"2002.10.16"	"Algeria"	"al-Qantara al-Zarqa"	2	0	2	1904	4102	6006	5412	5663	11075
"2002.10.16"	"Pakistan"	"Karachi"	0	9	9	1904	4111	6015	5412	5672	11084
"2002.10.16"	"India"	"Rajpura"	2	1	3	1906	4112	6018	5414	5673	11087
"2002.10.17"	"Philippines"	"Zamboanga"	7	152	159	1913	4264	6177	5421	5825	11246
"2002.10.18"	"India"	"Kupwara"	3	2	5	1916	4266	6182	5424	5827	11251
"2002.10.18"	"Philippines"	"Manila"	2	19	21	1918	4285	6203	5426	5846	11272
"2002.10.19"	"India"	"Kashmir"	3	5	8	1921	4290	6211	5429	5851	11280
"2002.10.20"	"Pakistan"	"Punjab"	1	20	21	1922	4310	6232	5430	5871	11301
"2002.10.20"	"India"	"Kashmir"	2	0	2	1924	4310	6234	5432	5871	11303
"2002.10.20"	"Philippines"	"Zamboanga"	1	18	19	1925	4328	6253	5433	5889	11322
"2002.10.21"	"Algeria"	"Ain Kechra"	7	5	12	1932	4333	6265	5440	5894	11334
"2002.10.21"	"Israel"	"Tel Aviv"	16	24	40	1948	4357	6305	5456	5918	11374
"2002.10.21"	"India"	"Tral"	1	8	9	1949	4365	6314	5457	5926	11383
"2002.10.22"	"India"	"Kashmir"	5	7	12	1954	4372	6326	5462	5933	11395
"2002.10.22"	"USA"	"Silver Spring"	1	0	1	1955	4372	6327	5463	5933	11396
"2002.10.23"	"India"	"Danis"	1	0	1	1956	4372	6328	5464	5933	11397
"2002.10.24"	"India"	"Sonargund"	1	0	1	1957	4372	6329	5465	5933	11398
"2002.10.24"	"Nigeria"	"Fajul"	40	48	88	1997	4420	6417	5505	5981	11486
"2002.10.25"	"Algeria"	"Boukaat Ouled Abdellah"	21	3	24	2018	4423	6441	5526	5984	11510
"2002.10.25"	"India"	"Goza Mohalla"	2	1	3	2020	4424	6444	5528	5985	11513
"2002.10.26"	"Russia"	"Moscow"	129	150	279	2149	4574	6723	5657	6135	11792
"2002.10.28"	"Jordan"	"Amman"	1	0	1	2150	4574	6724	5658	6135	11793
"2002.10.29"	"Israel"	"Hermesh"	3	1	4	2153	4575	6728	5661	6136	11797
"2002.10.29"	"India"	"Srinagar"	7	0	7	2160	4575	6735	5668	6136	11804
"2002.10.30"	"Algeria"	"Boukaat Sidi Bouaissa"	8	0	8	2168	4575	6743	5676	6136	11812
"2002.10.31"	"Nigeria"	"Zaria"	20	51	71	2188	4626	6814	5696	6187	11883
"2002.10.31"	"Israel"	"Gaza"	3	6	9	2191	4632	6823	5699	6193	11892
"2002.11.01"	"Pakistan"	"Quetta"	2	0	2	2193	4632	6825	5701	6193	11894
"2002.11.01"	"Pakistan"	"Lahore"	1	0	1	2194	4632	6826	5702	6193	11895
"2002.11.01"	"India"	"Kashmir"	3	2	5	2197	4634	6831	5705	6195	11900
"2002.11.02"	"India"	"Srinagar"	3	0	3	2200	4634	6834	5708	6195	11903
"2002.11.02"	"India"	"Budgam"	2	0	2	2202	4634	6836	5710	6195	11905
"2002.11.02"	"India"	"Naik Mohalla Palhalan"	2	0	2	2204	4634	6838	5712	6195	11907
"2002.11.02"	"India"	"Mastandara"	2	2	4	2206	4636	6842	5714	6197	11911
"2002.11.04"	"India"	"Rajouri"	1	14	15	2207	4650	6857	5715	6211	11926
"2002.11.04"	"India"	"Madaana"	4	1	5	2211	4651	6862	5719	6212	11931
"2002.11.04"	"Israel"	"Kfar Saba"	2	40	42	2213	4691	6904	5721	6252	11973
"2002.11.05"	"India"	"Doda"	3	0	3	2216	4691	6907	5724	6252	11976
"2002.11.06"	"India"	"Achhabal"	2	11	13	2218	4702	6920	5726	6263	11989
"2002.11.07"	"India"	"Billawar"	2	0	2	2220	4702	6922	5728	6263	11991
"2002.11.07"	"Algeria"	"Chlef"	4	6	10	2224	4708	6932	5732	6269	12001
"2002.11.08"	"India"	"Kashmir"	5	0	5	2229	4708	6937	5737	6269	12006
"2002.11.10"	"Israel"	"Metzer"	5	0	5	2234	4708	6942	5742	6269	12011
"2002.11.11"	"India"	"Srinagar"	13	5	18	2247	4713	6960	5755	6274	12029
"2002.11.11"	"India"	"Rajouri"	1	0	1	2248	4713	6961	5756	6274	12030
"2002.11.12"	"Algeria"	"Medea"	2	0	2	2250	4713	6963	5758	6274	12032
"2002.11.13"	"India"	"Kapran-Dooru"	1	0	1	2251	4713	6964	5759	6274	12033
"2002.11.14"	"India"	"Kashmir"	2	2	4	2253	4715	6968	5761	6276	12037
"2002.11.15"	"Pakistan"	"Hyderabad"	2	9	11	2255	4724	6979	5763	6285	12048
"2002.11.15"	"Israel"	"Hebron"	12	14	26	2267	4738	7005	5775	6299	12074
"2002.11.16"	"Algeria"	"Azeffoun"	1	0	1	2268	4738	7006	5776	6299	12075
"2002.11.17"	"India"	"Gool"	1	0	1	2269	4738	7007	5777	6299	12076
"2002.11.18"	"Israel"	"Rimonim Junction"	1	0	1	2270	4738	7008	5778	6299	12077
"2002.11.19"	"India"	"Barsoo"	1	0	1	2271	4738	7009	5779	6299	12078
"2002.11.20"	"India"	"Kashmir"	3	2	5	2274	4740	7014	5782	6301	12083
"2002.11.20"	"Algeria"	"El-Ancer"	3	1	4	2277	4741	7018	5785	6302	12087
"2002.11.20"	"Israel"	"Tulkarm"	1	1	2	2278	4742	7020	5786	6303	12089
"2002.11.21"	"Lebanon"	"Sidon"	1	0	1	2279	4742	7021	5787	6303	12090
"2002.11.21"	"Kuwait"	"Arifjan"	0	2	2	2279	4744	7023	5787	6305	12092
"2002.11.21"	"Israel"	"Jerusalem"	11	50	61	2290	4794	7084	5798	6355	12153
"2002.11.21"	"Algeria"	"Ain Rich"	6	2	8	2296	4796	7092	5804	6357	12161
"2002.11.21"	"India"	"Sarurnagar"	2	20	22	2298	4816	7114	5806	6377	12183
"2002.11.21"	"India"	"Anantnag"	2	0	2	2300	4816	7116	5808	6377	12185
"2002.11.22"	"Nigeria"	"Kaduna"	216	521	737	2516	5337	7853	6024	6898	12922
"2002.11.22"	"India"	"Srinagar"	6	9	15	2522	5346	7868	6030	6907	12937
"2002.11.23"	"Algeria"	"Tizi Ouzou"	9	12	21	2531	5358	7889	6039	6919	12958
"2002.11.23"	"India"	"Lower Munda"	19	34	53	2550	5392	7942	6058	6953	13011
"2002.11.24"	"India"	"Tral"	2	1	3	2552	5393	7945	6060	6954	13014
"2002.11.24"	"India"	"Jammu"	12	45	57	2564	5438	8002	6072	6999	13071
"2002.11.25"	"India"	"Kashmir"	3	0	3	2567	5438	8005	6075	6999	13074
"2002.11.26"	"India"	"Waterhail"	3	0	3	2570	5438	8008	6078	6999	13077
"2002.11.27"	"India"	"Kashmir"	2	0	2	2572	5438	8010	6080	6999	13079
"2002.11.28"	"Israel"	"Beit Shean"	6	35	41	2578	5473	8051	6086	7034	13120
"2002.11.28"	"Kenya"	"Mombasa"	13	26	39	2591	5499	8090	6099	7060	13159
"2002.12.01"	"India"	"Bilalabad Mohalla"	3	3	6	2594	5502	8096	6102	7063	13165
"2002.12.01"	"India"	"Hari Mohalla"	1	0	1	2595	5502	8097	6103	7063	13166
"2002.12.01"	"India"	"Srinagar"	1	8	9	2596	5510	8106	6104	7071	13175
"2002.12.02"	"India"	"Ghatkopar"	2	34	36	2598	5544	8142	6106	7105	13211
"2002.12.02"	"Algeria"	"Relizane"	4	6	10	2602	5550	8152	6110	7111	13221
"2002.12.03"	"India"	"Manyalan"	4	0	4	2606	5550	8156	6114	7111	13225
"2002.12.05"	"Indonesia"	"Makassar"	3	11	14	2609	5561	8170	6117	7122	13239
"2002.12.05"	"Pakistan"	"Karachi"	3	0	3	2612	5561	8173	6120	7122	13242
"2002.12.05"	"India"	"Bhagwa"	1	3	4	2613	5564	8177	6121	7125	13246
"2002.12.06"	"Bangladesh"	"Mymenshingh"	27	200	227	2640	5764	8404	6148	7325	13473
"2002.12.07"	"Pakistan"	"Shahkas"	4	7	11	2644	5771	8415	6152	7332	13484
"2002.12.12"	"India"	"Pulwama"	0	26	26	2644	5797	8441	6152	7358	13510
"2002.12.12"	"Algeria"	"Boukadir"	4	16	20	2648	5813	8461	6156	7374	13530
"2002.12.12"	"Israel"	"Hebron"	2	0	2	2650	5813	8463	6158	7374	13532
"2002.12.12"	"Nigeria"	"Rim"	13	0	13	2663	5813	8476	6171	7374	13545
"2002.12.12"	"India"	"Joura"	1	0	1	2664	5813	8477	6172	7374	13546
"2002.12.13"	"Algeria"	"Sidi Baizid"	6	0	6	2670	5813	8483	6178	7374	13552
"2002.12.13"	"Chechnya"	"Grozny"	2	2	4	2672	5815	8487	6180	7376	13556
"2002.12.14"	"Algeria"	"Sidi Baizid"	3	0	3	2675	5815	8490	6183	7376	13559
"2002.12.16"	"India"	"Rajouri"	2	6	8	2677	5821	8498	6185	7382	13567
"2002.12.18"	"Algeria"	"Sidi Medjaded"	10	0	10	2687	5821	8508	6195	7382	13577
"2002.12.19"	"Pakistan"	"Karachi"	3	0	3	2690	5821	8511	6198	7382	13580
"2002.12.19"	"India"	"Kashmir"	2	20	22	2692	5841	8533	6200	7402	13602
"2002.12.20"	"India"	"Paraott"	3	0	3	2695	5841	8536	6203	7402	13605
"2002.12.20"	"India"	"Hangal"	1	0	1	2696	5841	8537	6204	7402	13606
"2002.12.21"	"Pakistan"	"Hyderabad"	2	7	9	2698	5848	8546	6206	7409	13615
"2002.12.22"	"India"	"Reban"	4	3	7	2702	5851	8553	6210	7412	13622
"2002.12.22"	"India"	"Surankote"	3	2	5	2705	5853	8558	6213	7414	13627
"2002.12.24"	"India"	"Bela Khwas"	2	2	4	2707	5855	8562	6215	7416	13631
"2002.12.24"	"India"	"Mahore"	2	0	2	2709	5855	8564	6217	7416	13633
"2002.12.24"	"Philippines"	"Cotabato"	17	13	30	2726	5868	8594	6234	7429	13663
"2002.12.25"	"Pakistan"	"Daska"	3	14	17	2729	5882	8611	6237	7443	13680
"2002.12.25"	"India"	"Gopalpora"	3	0	3	2732	5882	8614	6240	7443	13683
"2002.12.25"	"India"	"Doda"	2	0	2	2734	5882	8616	6242	7443	13685
"2002.12.26"	"Philippines"	"Mindanao"	12	10	22	2746	5892	8638	6254	7453	13707
"2002.12.27"	"Chechnya"	"Grozny"	80	127	207	2826	6019	8845	6334	7580	13914
"2002.12.27"	"Israel"	"Otniel"	4	6	10	2830	6025	8855	6338	7586	13924
"2002.12.28"	"Algeria"	"Boudouaou"	1	5	6	2831	6030	8861	6339	7591	13930
"2002.12.28"	"India"	"Srinagar"	2	0	2	2833	6030	8863	6341	7591	13932
"2002.12.30"	"India"	"Bijbehara"	1	0	1	2834	6030	8864	6342	7591	13933
"2002.12.30"	"Yemen"	"Jibla"	3	1	4	2837	6031	8868	6345	7592	13937
"2002.12.31"	"Philippines"	"Tacurong"	10	20	30	2847	6051	8898	6355	7612	13967
"2002.12.31"	"India"	"Surankote"	2	4	6	2849	6055	8904	6357	7616	13973
"2003.01.01"	"India"	"Gahend"	1	0	1	1	0	1	6358	7616	13974
"2003.01.02"	"Israel"	"Menahamiya"	1	0	1	2	0	2	6359	7616	13975
"2003.01.02"	"Israel"	"Jordan Vally"	1	0	1	3	0	3	6360	7616	13976
"2003.01.02"	"India"	"Kashmir"	2	0	2	5	0	5	6362	7616	13978
"2003.01.05"	"Algeria"	"Blida"	13	0	13	18	0	18	6375	7616	13991
"2003.01.05"	"Algeria"	"Aures Mountains"	49	19	68	67	19	86	6424	7635	14059
"2003.01.05"	"Israel"	"Tel Aviv"	23	100	123	90	119	209	6447	7735	14182
"2003.01.07"	"India"	"Hapatanar"	3	0	3	93	119	212	6450	7735	14185
"2003.01.07"	"India"	"Srinagar"	1	0	1	94	119	213	6451	7735	14186
"2003.01.08"	"Algeria"	"Douadiche"	5	1	6	99	120	219	6456	7736	14192
"2003.01.09"	"Algeria"	"Tizi Ouzou"	8	0	8	107	120	227	6464	7736	14200
"2003.01.09"	"India"	"Bandipore"	2	0	2	109	120	229	6466	7736	14202
"2003.01.10"	"India"	"Kashmir"	2	7	9	111	127	238	6468	7743	14211
"2003.01.10"	"Chechnya"	"Grozny"	9	3	12	120	130	250	6477	7746	14223
"2003.01.11"	"England"	"Birmingham"	1	0	1	121	130	251	6478	7746	14224
"2003.01.11"	"India"	"Hari Budha"	2	0	2	123	130	253	6480	7746	14226
"2003.01.13"	"Israel"	"Nitzana"	1	1	2	124	131	255	6481	7747	14228
"2003.01.13"	"Israel"	"Moshav Gadish"	1	5	6	125	136	261	6482	7752	14234
"2003.01.13"	"India"	"Panar"	2	0	2	127	136	263	6484	7752	14236
"2003.01.13"	"Philippines"	"Zamboanga"	3	0	3	130	136	266	6487	7752	14239
"2003.01.14"	"India"	"Seeldhar"	3	1	4	133	137	270	6490	7753	14243
"2003.01.14"	"England"	"Manchester"	1	3	4	134	140	274	6491	7756	14247
"2003.01.15"	"India"	"Doda"	1	3	4	135	143	278	6492	7759	14251
"2003.01.15"	"India"	"Patta Dhar"	1	3	4	136	146	282	6493	7762	14255
"2003.01.17"	"Israel"	"Givat Harsina"	1	3	4	137	149	286	6494	7765	14259
"2003.01.18"	"Israel"	"Kiryat Arba"	1	3	4	138	152	290	6495	7768	14263
"2003.01.18"	"Bangladesh"	"Dariapur"	8	15	23	146	167	313	6503	7783	14286
"2003.01.19"	"India"	"Kulgam"	0	21	21	146	188	334	6503	7804	14307
"2003.01.19"	"India"	"Bandipore"	3	0	3	149	188	337	6506	7804	14310
"2003.01.20"	"India"	"Doda"	2	0	2	151	188	339	6508	7804	14312
"2003.01.20"	"India"	"Rajouri"	1	4	5	152	192	344	6509	7808	14317
"2003.01.20"	"India"	"Baramulla"	1	0	1	153	192	345	6510	7808	14318
"2003.01.20"	"Bangladesh"	"Begungram Astana"	5	0	5	158	192	350	6515	7808	14323
"2003.01.21"	"Kuwait"	"Kuwait City"	1	1	2	159	193	352	6516	7809	14325
"2003.01.21"	"India"	"Doda"	3	1	4	162	194	356	6519	7810	14329
"2003.01.22"	"India"	"Dhok"	1	0	1	163	194	357	6520	7810	14330
"2003.01.23"	"Israel"	"Hebron"	3	0	3	166	194	360	6523	7810	14333
"2003.01.23"	"Pakistan"	"Swat"	3	0	3	169	194	363	6526	7810	14336
"2003.01.23"	"India"	"Shrai"	2	0	2	171	194	365	6528	7810	14338
"2003.01.25"	"India"	"Aeshmuqam"	1	6	7	172	200	372	6529	7816	14345
"2003.01.26"	"Afghanistan"	"Nangarhar"	2	1	3	174	201	375	6531	7817	14348
"2003.01.26"	"Lebanon"	"Beirut"	1	3	4	175	204	379	6532	7820	14352
"2003.01.27"	"India"	"Kashmir"	2	0	2	177	204	381	6534	7820	14354
"2003.01.27"	"Pal. Auth."	"Abu Qash"	1	0	1	178	204	382	6535	7820	14355
"2003.01.27"	"India"	"Mumbai"	1	27	28	179	231	410	6536	7847	14383
"2003.01.28"	"Israel"	"Gaza"	3	0	3	182	231	413	6539	7847	14386
"2003.01.28"	"India"	"Udhir"	2	0	2	184	231	415	6541	7847	14388
"2003.01.31"	"Pakistan"	"Faisalabad"	2	2	4	186	233	419	6543	7849	14392
"2003.01.31"	"India"	"Srinagar"	1	0	1	187	233	420	6544	7849	14393
"2003.01.31"	"India"	"Anantnag"	1	15	16	188	248	436	6545	7864	14409
"2003.01.31"	"Afghanistan"	"Kandahar"	18	1	19	206	249	455	6563	7865	14428
"2003.02.01"	"India"	"Bemina"	1	0	1	207	249	456	6564	7865	14429
"2003.02.02"	"Chechnya"	"Grozny"	2	0	2	209	249	458	6566	7865	14431
"2003.02.03"	"Pakistan"	"Karachi"	1	2	3	210	251	461	6567	7867	14434
"2003.02.03"	"Algeria"	"Hassi-Khelifa"	1	0	1	211	251	462	6568	7867	14435
"2003.02.05"	"Pakistan"	"Karachi"	1	0	1	212	251	463	6569	7867	14436
"2003.02.06"	"India"	"Kalal Kas"	1	1	2	213	252	465	6570	7868	14438
"2003.02.06"	"Pakistan"	"Karachi"	2	0	2	215	252	467	6572	7868	14440
"2003.02.06"	"Chechnya"	"Dyshne-Vedeno"	3	3	6	218	255	473	6575	7871	14446
"2003.02.06"	"Israel"	"Nablus"	2	0	2	220	255	475	6577	7871	14448
"2003.02.07"	"India"	"Frisal"	2	3	5	222	258	480	6579	7874	14453
"2003.02.08"	"Iraq"	"Sulaimaniyah"	6	0	6	228	258	486	6585	7874	14459
"2003.02.09"	"Chechnya"	"Grozny"	3	0	3	231	258	489	6588	7874	14462
"2003.02.09"	"Algeria"	"Drra El Mizan"	3	0	3	234	258	492	6591	7874	14465
"2003.02.09"	"India"	"Varmul"	1	0	1	235	258	493	6592	7874	14466
"2003.02.10"	"Afghanistan"	"Naushki"	7	12	19	242	270	512	6599	7886	14485
"2003.02.10"	"Philippines"	"Mindanao"	3	8	11	245	278	523	6602	7894	14496
"2003.02.11"	"Israel"	"Bethlehem"	1	0	1	246	278	524	6603	7894	14497
"2003.02.12"	"India"	"Konibol"	1	4	5	247	282	529	6604	7898	14502
"2003.02.12"	"India"	"Dharam"	3	0	3	250	282	532	6607	7898	14505
"2003.02.13"	"India"	"Bonkoot"	3	2	5	253	284	537	6610	7900	14510
"2003.02.15"	"Israel"	"Beit Lahia"	4	0	4	257	284	541	6614	7900	14514
"2003.02.15"	"Algeria"	"Kabylie"	2	0	2	259	284	543	6616	7900	14516
"2003.02.16"	"India"	"Varmul"	2	0	2	261	284	545	6618	7900	14518
"2003.02.17"	"Saudi Arabia"	"Skaka"	1	0	1	262	284	546	6619	7900	14519
"2003.02.18"	"Philippines"	"Matanog"	7	11	18	269	295	564	6626	7911	14537
"2003.02.19"	"Philippines"	"Tubud"	14	8	22	283	303	586	6640	7919	14559
"2003.02.20"	"Philippines"	"Kabacan"	1	10	11	284	313	597	6641	7929	14570
"2003.02.20"	"Philippines"	"Awang Airport"	1	6	7	285	319	604	6642	7935	14577
"2003.02.20"	"India"	"Baramulla"	6	3	9	291	322	613	6648	7938	14586
"2003.02.20"	"Saudi Arabia"	"Riyadh"	1	0	1	292	322	614	6649	7938	14587
"2003.02.21"	"Pakistan"	"Korangi"	1	0	1	293	322	615	6650	7938	14588
"2003.02.21"	"India"	"Srinagar"	2	0	2	295	322	617	6652	7938	14590
"2003.02.22"	"Algeria"	"Draa El Mizan"	2	1	3	297	323	620	6654	7939	14593
"2003.02.22"	"Pakistan"	"Karachi"	9	8	17	306	331	637	6663	7947	14610
"2003.02.22"	"India"	"Bandipore"	1	0	1	307	331	638	6664	7947	14611
"2003.02.23"	"India"	"Gadyog"	2	0	2	309	331	640	6666	7947	14613
"2003.02.23"	"Algeria"	"Ouargla"	4	0	4	313	331	644	6670	7947	14617
"2003.02.24"	"Pakistan"	"Ghulam Hussain"	2	0	2	315	331	646	6672	7947	14619
"2003.02.24"	"India"	"Rai Sehot"	4	3	7	319	334	653	6676	7950	14626
"2003.02.25"	"Philippines"	"Zamboanga"	2	2	4	321	336	657	6678	7952	14630
"2003.02.25"	"East Timor"	"Aidabaleten"	1	2	3	322	338	660	6679	7954	14633
"2003.02.25"	"Afghanistan"	"Dilaram"	1	1	2	323	339	662	6680	7955	14635
"2003.02.25"	"Algeria"	"Hameur El Ain"	12	7	19	335	346	681	6692	7962	14654
"2003.02.25"	"India"	"Punzgam"	1	0	1	336	346	682	6693	7962	14655
"2003.02.26"	"Iraq"	"Zamaqi"	3	0	3	339	346	685	6696	7962	14658
"2003.02.27"	"Chechnya"	"Argun"	3	0	3	342	346	688	6699	7962	14661
"2003.02.27"	"Pakistan"	"Karachi"	2	0	2	344	346	690	6701	7962	14663
"2003.02.27"	"Pakistan"	"Joharabad"	1	0	1	345	346	691	6702	7962	14664
"2003.02.28"	"India"	"Shindra Mohalla Kasian"	1	0	1	346	346	692	6703	7962	14665
"2003.02.28"	"Pakistan"	"Islamabad"	2	6	8	348	352	700	6705	7968	14673
"2003.02.28"	"Philippines"	"Bukidnon"	1	0	1	349	352	701	6706	7968	14674
"2003.03.01"	"Lebanon"	"Ein el-Hilweh"	1	2	3	350	354	704	6707	7970	14677
"2003.03.01"	"Bangladesh"	"Bagerhat"	1	3	4	351	357	708	6708	7973	14681
"2003.03.03"	"India"	"Yaripora"	1	1	2	352	358	710	6709	7974	14683
"2003.03.04"	"Philippines"	"Davao"	21	150	171	373	508	881	6730	8124	14854
"2003.03.05"	"Chechnya"	"Dyshne-Vedeno"	2	4	6	375	512	887	6732	8128	14860
"2003.03.05"	"Israel"	"Haifa"	15	30	45	390	542	932	6747	8158	14905
"2003.03.06"	"Philippines"	"Buayan"	4	0	4	394	542	936	6751	8158	14909
"2003.03.07"	"Israel"	"Kiryat Arba"	3	8	11	397	550	947	6754	8166	14920
"2003.03.07"	"Philippines"	"Mindanao"	1	2	3	398	552	950	6755	8168	14923
"2003.03.10"	"India"	"Kashmir"	3	0	3	401	552	953	6758	8168	14926
"2003.03.10"	"Philippines"	"Pikit"	2	4	6	403	556	959	6760	8172	14932
"2003.03.10"	"Israel"	"Hebron"	1	4	5	404	560	964	6761	8176	14937
"2003.03.11"	"Afghanistan"	"Kandahar"	3	5	8	407	565	972	6764	8181	14945
"2003.03.11"	"Bangladesh"	"Dhaka"	2	2	4	409	567	976	6766	8183	14949
"2003.03.11"	"India"	"City Chowk"	2	9	11	411	576	987	6768	8192	14960
"2003.03.12"	"India"	"Kashmir"	2	2	4	413	578	991	6770	8194	14964
"2003.03.13"	"India"	"Bombay"	10	55	65	423	633	1056	6780	8249	15029
"2003.03.13"	"India"	"Poonch"	2	5	7	425	638	1063	6782	8254	15036
"2003.03.13"	"India"	"Rajouri"	4	33	37	429	671	1100	6786	8287	15073
"2003.03.14"	"India"	"Poonch"	7	15	22	436	686	1122	6793	8302	15095
"2003.03.14"	"India"	"Batmaloo"	2	0	2	438	686	1124	6795	8302	15097
"2003.03.15"	"India"	"Gool"	13	5	18	451	691	1142	6808	8307	15115
"2003.03.17"	"India"	"Pulwama"	2	0	2	453	691	1144	6810	8307	15117
"2003.03.18"	"India"	"Shopian"	1	0	1	454	691	1145	6811	8307	15118
"2003.03.18"	"Philippines"	"Baliki"	1	2	3	455	693	1148	6812	8309	15121
"2003.03.18"	"Philippines"	"Cotabato"	0	5	5	455	698	1153	6812	8314	15126
"2003.03.18"	"Nigeria"	"Kadarko"	22	44	66	477	742	1219	6834	8358	15192
"2003.03.19"	"Philippines"	"Mindanao"	9	4	13	486	746	1232	6843	8362	15205
"2003.03.19"	"Afghanistan"	"Sherabik"	3	0	3	489	746	1235	6846	8362	15208
"2003.03.19"	"India"	"Kashmir"	2	0	2	491	746	1237	6848	8362	15210
"2003.03.20"	"India"	"Srinagar"	2	2	4	493	748	1241	6850	8364	15214
"2003.03.20"	"Lebanon"	"Sidon"	1	13	14	494	761	1255	6851	8377	15228
"2003.03.20"	"Philippines"	"Buldon"	3	2	5	497	763	1260	6854	8379	15233
"2003.03.20"	"India"	"Khanyar"	1	4	5	498	767	1265	6855	8383	15238
"2003.03.21"	"India"	"Kalalkas"	2	4	6	500	771	1271	6857	8387	15244
"2003.03.22"	"Iraq"	"Sayed Sadiq"	5	8	13	505	779	1284	6862	8395	15257
"2003.03.22"	"India"	"Surankote"	1	2	3	506	781	1287	6863	8397	15260
"2003.03.22"	"India"	"Lever"	2	0	2	508	781	1289	6865	8397	15262
"2003.03.23"	"India"	"Nadimarg"	24	0	24	532	781	1313	6889	8397	15286
"2003.03.23"	"Kuwait"	"Camp Penn."	2	11	13	534	792	1326	6891	8408	15299
"2003.03.24"	"Afghanistan"	"Latkoo"	9	6	15	543	798	1341	6900	8414	15314
"2003.03.25"	"Philippines"	"Carmen"	2	0	2	545	798	1343	6902	8414	15316
"2003.03.25"	"India"	"Chasana"	1	3	4	546	801	1347	6903	8417	15320
"2003.03.26"	"Algeria"	"Mefta"	9	0	9	555	801	1356	6912	8417	15329
"2003.03.26"	"Philippines"	"M'lang"	7	5	12	562	806	1368	6919	8422	15341
"2003.03.26"	"India"	"Jammu"	1	6	7	563	812	1375	6920	8428	15348
"2003.03.26"	"Chechnya"	"Grozny"	4	3	7	567	815	1382	6924	8431	15355
"2003.03.26"	"Chechnya"	"Grozny"	2	0	2	569	815	1384	6926	8431	15357
"2003.03.26"	"India"	"Ahmadabad"	1	0	1	570	815	1385	6927	8431	15358
"2003.03.27"	"Algeria"	"Chtathia"	8	0	8	578	815	1393	6935	8431	15366
"2003.03.27"	"Algeria"	"Chiffa"	4	4	8	582	819	1401	6939	8435	15374
"2003.03.27"	"India"	"Banihal"	1	0	1	583	819	1402	6940	8435	15375
"2003.03.27"	"India"	"Vilgam"	2	0	2	585	819	1404	6942	8435	15377
"2003.03.28"	"India"	"Surankote"	2	6	8	587	825	1412	6944	8441	15385
"2003.03.28"	"Algeria"	"Kfar Shatatiya"	12	0	12	599	825	1424	6956	8441	15397
"2003.03.29"	"Philippines"	"Malamawi"	5	4	9	604	829	1433	6961	8445	15406
"2003.03.29"	"Philippines"	"Lambayong"	4	0	4	608	829	1437	6965	8445	15410
"2003.03.29"	"Iraq"	"Najaf"	4	0	4	612	829	1441	6969	8445	15414
"2003.03.30"	"Israel"	"Netanya"	0	38	38	612	867	1479	6969	8483	15452
"2003.03.31"	"India"	"Nowpora Jageer"	1	0	1	613	867	1480	6970	8483	15453
"2003.04.01"	"India"	"Kashmir"	3	0	3	616	867	1483	6973	8483	15456
"2003.04.01"	"Iran"	"Tehran"	1	0	1	617	867	1484	6974	8483	15457
"2003.04.02"	"India"	"Anantnag"	1	12	13	618	879	1497	6975	8495	15470
"2003.04.02"	"Philippines"	"Davao"	16	44	60	634	923	1557	6991	8539	15530
"2003.04.02"	"India"	"Shopian"	1	19	20	635	942	1577	6992	8558	15550
"2003.04.03"	"India"	"Dolipora"	3	0	3	638	942	1580	6995	8558	15553
"2003.04.03"	"Afghanistan"	"Deh Rawood"	2	0	2	640	942	1582	6997	8558	15555
"2003.04.03"	"Philippines"	"Basilan"	1	2	3	641	944	1585	6998	8560	15558
"2003.04.04"	"Chechnya"	"Grozny"	8	10	18	649	954	1603	7006	8570	15576
"2003.04.04"	"Iraq"	"Hadithah Dam"	3	2	5	652	956	1608	7009	8572	15581
"2003.04.04"	"Nigeria"	"Fobur"	1	4	5	653	960	1613	7010	8576	15586
"2003.04.04"	"Indonesia"	"Wamena"	15	0	15	668	960	1628	7025	8576	15601
"2003.04.04"	"Pakistan"	"Karachi"	1	0	1	669	960	1629	7026	8576	15602
"2003.04.05"	"India"	"Kehlil"	1	5	6	670	965	1635	7027	8581	15608
"2003.04.05"	"Afghanistan"	"Jalalabad"	0	5	5	670	970	1640	7027	8586	15613
"2003.04.05"	"Philippines"	"Tacurong"	2	2	4	672	972	1644	7029	8588	15617
"2003.04.05"	"Philippines"	"Parang"	0	11	11	672	983	1655	7029	8599	15628
"2003.04.06"	"India"	"Kharbatpora"	1	0	1	673	983	1656	7030	8599	15629
"2003.04.06"	"Iraq"	"Haswa"	5	2	7	678	985	1663	7035	8601	15636
"2003.04.07"	"India"	"Kamboli Dhok"	2	0	2	680	985	1665	7037	8601	15638
"2003.04.07"	"Chechnya"	"Grozny"	8	0	8	688	985	1673	7045	8601	15646
"2003.04.09"	"India"	"Anantnag"	1	0	1	689	985	1674	7046	8601	15647
"2003.04.10"	"Israel"	"Moshav Bekaot"	2	9	11	691	994	1685	7048	8610	15658
"2003.04.10"	"Iraq"	"Najaf"	2	0	2	693	994	1687	7050	8610	15660
"2003.04.10"	"Philippines"	"Maguindanao"	13	1	14	706	995	1701	7063	8611	15674
"2003.04.10"	"Iraq"	"Baghdad"	0	4	4	706	999	1705	7063	8615	15678
"2003.04.11"	"India"	"Qazigund"	1	31	32	707	1030	1737	7064	8646	15710
"2003.04.13"	"Afghanistan"	"Matta Cheena"	4	2	6	711	1032	1743	7068	8648	15716
"2003.04.13"	"Afghanistan"	"Kandahar"	1	2	3	712	1034	1746	7069	8650	15719
"2003.04.13"	"Afghanistan"	"Spin Boldak"	2	0	2	714	1034	1748	7071	8650	15721
"2003.04.13"	"Afghanistan"	"Khost"	4	0	4	718	1034	1752	7075	8650	15725
"2003.04.13"	"Chechnya"	"Roshnichu"	2	0	2	720	1034	1754	7077	8650	15727
"2003.04.13"	"India"	"Kasblari"	1	1	2	721	1035	1756	7078	8651	15729
"2003.04.14"	"Philippines"	"Kabacan"	1	7	8	722	1042	1764	7079	8658	15737
"2003.04.15"	"Chechnya"	"Grozny"	17	0	17	739	1042	1781	7096	8658	15754
"2003.04.15"	"Israel"	"Karni Terminal"	2	7	9	741	1049	1790	7098	8665	15763
"2003.04.15"	"India"	"Topa"	1	0	1	742	1049	1791	7099	8665	15764
"2003.04.16"	"Philippines"	"Cotabato"	0	3	3	742	1052	1794	7099	8668	15767
"2003.04.17"	"India"	"Magam"	1	8	9	743	1060	1803	7100	8676	15776
"2003.04.17"	"India"	"Udhampur"	1	2	3	744	1062	1806	7101	8678	15779
"2003.04.17"	"India"	"Hassanwani"	1	0	1	745	1062	1807	7102	8678	15780
"2003.04.18"	"India"	"Hadipora"	1	0	1	746	1062	1808	7103	8678	15781
"2003.04.18"	"Eritrea"	"Bisha"	6	0	6	752	1062	1814	7109	8678	15787
"2003.04.18"	"Sri Lanka"	"Kattaiparichchan"	2	14	16	754	1076	1830	7111	8692	15803
"2003.04.19"	"Philippines"	"Alamada"	6	3	9	760	1079	1839	7117	8695	15812
"2003.04.19"	"India"	"Malpora"	1	1	2	761	1080	1841	7118	8696	15814
"2003.04.22"	"India"	"Tral"	6	12	18	767	1092	1859	7124	8708	15832
"2003.04.22"	"Afghanistan"	"Khost"	3	2	5	770	1094	1864	7127	8710	15837
"2003.04.22"	"Nigeria"	"Kano"	7	0	7	777	1094	1871	7134	8710	15844
"2003.04.23"	"Chechnya"	"Grozny"	6	0	6	783	1094	1877	7140	8710	15850
"2003.04.23"	"India"	"Gondoh"	2	0	2	785	1094	1879	7142	8710	15852
"2003.04.24"	"Israel"	"Kfar Saba"	1	13	14	786	1107	1893	7143	8723	15866
"2003.04.24"	"India"	"Tral"	1	3	4	787	1110	1897	7144	8726	15870
"2003.04.24"	"Philippines"	"Lanao del Norte"	12	0	12	799	1110	1909	7156	8726	15882
"2003.04.25"	"India"	"Srinagar"	3	34	37	802	1144	1946	7159	8760	15919
"2003.04.25"	"India"	"Bandipore"	6	6	12	808	1150	1958	7165	8766	15931
"2003.04.26"	"India"	"Srinagar"	3	7	10	811	1157	1968	7168	8773	15941
"2003.04.26"	"India"	"Baramulla"	0	11	11	811	1168	1979	7168	8784	15952
"2003.04.27"	"Indonesia"	"Jakarta"	0	11	11	811	1179	1990	7168	8795	15963
"2003.04.29"	"Israel"	"Tel Aviv"	3	55	58	814	1234	2048	7171	8850	16021
"2003.04.29"	"Afghanistan"	"Spin Boldak"	3	2	5	817	1236	2053	7174	8852	16026
"2003.04.30"	"Philippines"	"Crossing Salvo"	2	6	8	819	1242	2061	7176	8858	16034
"2003.04.30"	"India"	"Kala Wachi"	0	5	5	819	1247	2066	7176	8863	16039
"2003.04.30"	"India"	"Shogababa"	1	3	4	820	1250	2070	7177	8866	16043
"2003.04.30"	"India"	"Dodi"	1	4	5	821	1254	2075	7178	8870	16048
"2003.04.30"	"Sudan"	"Molli"	64	0	64	885	1254	2139	7242	8870	16112
"2003.05.01"	"India"	"Dangiwacha & Magraypora"	2	0	2	887	1254	2141	7244	8870	16114
"2003.05.02"	"Philippines"	"Pikit"	3	0	3	890	1254	2144	7247	8870	16117
"2003.05.03"	"India"	"Anantnag"	0	15	15	890	1269	2159	7247	8885	16132
"2003.05.04"	"Philippines"	"Siocon"	27	23	50	917	1292	2209	7274	8908	16182
"2003.05.04"	"Algeria"	"Medea"	2	3	5	919	1295	2214	7276	8911	16187
"2003.05.05"	"Israel"	"Shilo"	1	2	3	920	1297	2217	7277	8913	16190
"2003.05.05"	"India"	"Doda"	1	17	18	921	1314	2235	7278	8930	16208
"2003.05.06"	"India"	"Pulwama"	1	30	31	922	1344	2266	7279	8960	16239
"2003.05.06"	"Algeria"	"Keddara"	6	0	6	928	1344	2272	7285	8960	16245
"2003.05.07"	"India"	"Baramulla"	2	5	7	930	1349	2279	7287	8965	16252
"2003.05.07"	"Afghanistan"	"Deh Rawood"	1	0	1	931	1349	2280	7288	8965	16253
"2003.05.07"	"Lebanon"	"Tripoli"	1	0	1	932	1349	2281	7289	8965	16254
"2003.05.07"	"Chechnya"	"Urus-Martan"	4	0	4	936	1349	2285	7293	8965	16258
"2003.05.09"	"India"	"Bijbehara"	3	0	3	939	1349	2288	7296	8965	16261
"2003.05.09"	"Chechnya"	"Grozny"	1	2	3	940	1351	2291	7297	8967	16264
"2003.05.09"	"India"	"Argi"	1	0	1	941	1351	2292	7298	8967	16265
"2003.05.10"	"Philippines"	"Koronadal"	13	40	53	954	1391	2345	7311	9007	16318
"2003.05.11"	"India"	"Kupwara"	3	7	10	957	1398	2355	7314	9014	16328
"2003.05.11"	"Israel"	"Ofra"	1	0	1	958	1398	2356	7315	9014	16329
"2003.05.11"	"India"	"Khiram"	1	1	2	959	1399	2358	7316	9015	16331
"2003.05.11"	"India"	"Roulka"	1	6	7	960	1405	2365	7317	9021	16338
"2003.05.12"	"India"	"Bela"	1	0	1	961	1405	2366	7318	9021	16339
"2003.05.12"	"Saudi Arabia"	"Riyadh"	35	194	229	996	1599	2595	7353	9215	16568
"2003.05.12"	"Chechnya"	"Znamenskoye"	60	100	160	1056	1699	2755	7413	9315	16728
"2003.05.13"	"India"	"Kashmir"	3	0	3	1059	1699	2758	7416	9315	16731
"2003.05.14"	"India"	"Kashmir"	2	0	2	1061	1699	2760	7418	9315	16733
"2003.05.14"	"Chechnya"	"Iliskhan-Yurt"	14	145	159	1075	1844	2919	7432	9460	16892
"2003.05.14"	"Yemen"	"Jibla"	0	4	4	1075	1848	2923	7432	9464	16896
"2003.05.15"	"Pakistan"	"Karachi"	0	5	5	1075	1853	2928	7432	9469	16901
"2003.05.15"	"India"	"Kashmir"	4	0	4	1079	1853	2932	7436	9469	16905
"2003.05.15"	"Pakistan"	"Faisalabad"	1	11	12	1080	1864	2944	7437	9480	16917
"2003.05.16"	"India"	"Kashmir"	4	3	7	1084	1867	2951	7441	9483	16924
"2003.05.16"	"Morocco"	"Casablanca"	41	65	106	1125	1932	3057	7482	9548	17030
"2003.05.17"	"Algeria"	"Seraidi"	3	4	7	1128	1936	3064	7485	9552	17037
"2003.05.17"	"India"	"Srinagar"	2	0	2	1130	1936	3066	7487	9552	17039
"2003.05.17"	"Israel"	"Hebron"	2	0	2	1132	1936	3068	7489	9552	17041
"2003.05.17"	"India"	"Bhadoon"	1	1	2	1133	1937	3070	7490	9553	17043
"2003.05.17"	"Pakistan"	"Multan"	1	0	1	1134	1937	3071	7491	9553	17044
"2003.05.18"	"India"	"Kupwara"	2	0	2	1136	1937	3073	7493	9553	17046
"2003.05.18"	"India"	"Mehratop"	6	0	6	1142	1937	3079	7499	9553	17052
"2003.05.18"	"Israel"	"Jerusalem"	7	20	27	1149	1957	3106	7506	9573	17079
"2003.05.19"	"India"	"Chamror"	3	0	3	1152	1957	3109	7509	9573	17082
"2003.05.20"	"Israel"	"Afula"	3	70	73	1155	2027	3182	7512	9643	17155
"2003.05.20"	"India"	"Gujjarpati Aargam"	2	0	2	1157	2027	3184	7514	9643	17157
"2003.05.20"	"India"	"Tral"	1	0	1	1158	2027	3185	7515	9643	17158
"2003.05.21"	"India"	"Anantnag"	1	1	2	1159	2028	3187	7516	9644	17160
"2003.05.21"	"India"	"GoI Chakri"	1	3	4	1160	2031	3191	7517	9647	17164
"2003.05.21"	"India"	"Sangam & Chogal"	2	0	2	1162	2031	3193	7519	9647	17166
"2003.05.22"	"Sudan"	"Longochok"	59	0	59	1221	2031	3252	7578	9647	17225
"2003.05.23"	"Israel"	"Gaza"	0	8	8	1221	2039	3260	7578	9655	17233
"2003.05.23"	"Pakistan"	"Karachi"	1	8	9	1222	2047	3269	7579	9663	17242
"2003.05.24"	"Chechnya"	"Grozny"	14	0	14	1236	2047	3283	7593	9663	17256
"2003.05.25"	"India"	"Rajouri"	5	0	5	1241	2047	3288	7598	9663	17261
"2003.05.25"	"Algeria"	"Boukaat El Maqam"	8	0	8	1249	2047	3296	7606	9663	17269
"2003.05.25"	"India"	"Jul-Sheeri"	2	0	2	1251	2047	3298	7608	9663	17271
"2003.05.26"	"India"	"Bandipore"	3	0	3	1254	2047	3301	7611	9663	17274
"2003.05.26"	"Algeria"	"Chlef"	14	0	14	1268	2047	3315	7625	9663	17288
"2003.05.27"	"India"	"Tararan Wali"	1	2	3	1269	2049	3318	7626	9665	17291
"2003.05.27"	"India"	"Arin Dardpora"	3	0	3	1272	2049	3321	7629	9665	17294
"2003.05.29"	"Indonesia"	"Marowo"	1	1	2	1273	2050	3323	7630	9666	17296
"2003.05.29"	"Philippines"	"Cotabato"	5	0	5	1278	2050	3328	7635	9666	17301
"2003.05.30"	"Chechnya"	"Khankala"	7	15	22	1285	2065	3350	7642	9681	17323
"2003.05.30"	"India"	"Hiltak & Kandi"	3	0	3	1288	2065	3353	7645	9681	17326
"2003.05.30"	"India"	"Karyot"	2	0	2	1290	2065	3355	7647	9681	17328
"2003.05.30"	"India"	"Kashmir"	4	3	7	1294	2068	3362	7651	9684	17335
"2003.05.31"	"Saudi Arabia"	"Turba"	2	2	4	1296	2070	3366	7653	9686	17339
"2003.05.31"	"Pakistan"	"Quetta"	1	1	2	1297	2071	3368	7654	9687	17341
"2003.06.01"	"India"	"Bhatta Dhar"	3	0	3	1300	2071	3371	7657	9687	17344
"2003.06.02"	"Indonesia"	"Kapompa"	1	1	2	1301	2072	3373	7658	9688	17346
"2003.06.02"	"India"	"Jammu"	4	0	4	1305	2072	3377	7662	9688	17350
"2003.06.03"	"India"	"Kishtwar"	2	0	2	1307	2072	3379	7664	9688	17352
"2003.06.03"	"Kosovo"	"Obilic"	3	0	3	1310	2072	3382	7667	9688	17355
"2003.06.04"	"Algeria"	"Beni Douala"	8	0	8	1318	2072	3390	7675	9688	17363
"2003.06.04"	"Algeria"	"Boumedefaa"	12	2	14	1330	2074	3404	7687	9690	17377
"2003.06.04"	"India"	"Malat"	1	0	1	1331	2074	3405	7688	9690	17378
"2003.06.05"	"Chechnya"	"North Border"	17	12	29	1348	2086	3434	7705	9702	17407
"2003.06.05"	"Afghanistan"	"Kandahar"	9	0	9	1357	2086	3443	7714	9702	17416
"2003.06.07"	"India"	"Chrung"	1	3	4	1358	2089	3447	7715	9705	17420
"2003.06.07"	"Turkey"	"Yaylim"	1	0	1	1359	2089	3448	7716	9705	17421
"2003.06.07"	"India"	"Samot"	3	1	4	1362	2090	3452	7719	9706	17425
"2003.06.08"	"Afghanistan"	"Kabul"	5	11	16	1367	2101	3468	7724	9717	17441
"2003.06.08"	"Israel"	"Erez"	5	4	9	1372	2105	3477	7729	9721	17450
"2003.06.08"	"India"	"Pasri Adda"	1	0	1	1373	2105	3478	7730	9721	17451
"2003.06.08"	"Pakistan"	"Quetta"	12	9	21	1385	2114	3499	7742	9730	17472
"2003.06.08"	"India"	"Bhillwar"	4	0	4	1389	2114	3503	7746	9730	17476
"2003.06.08"	"India"	"Machipora-Handwara"	1	0	1	1390	2114	3504	7747	9730	17477
"2003.06.08"	"Nigeria"	"Numan"	1	0	1	1391	2114	3505	7748	9730	17478
"2003.06.09"	"India"	"Kashmir"	2	0	2	1393	2114	3507	7750	9730	17480
"2003.06.09"	"Chechnya"	"Dyshne-Vedeno"	2	9	11	1395	2123	3518	7752	9739	17491
"2003.06.10"	"India"	"Kasbrari"	1	0	1	1396	2123	3519	7753	9739	17492
"2003.06.11"	"Israel"	"Jerusalem"	16	112	128	1412	2235	3647	7769	9851	17620
"2003.06.12"	"India"	"Kokernag"	2	5	7	1414	2240	3654	7771	9856	17627
"2003.06.12"	"Pakistan"	"Karachi"	2	0	2	1416	2240	3656	7773	9856	17629
"2003.06.12"	"Algeria"	"Batna"	3	0	3	1419	2240	3659	7776	9856	17632
"2003.06.12"	"Algeria"	"M'sila"	2	0	2	1421	2240	3661	7778	9856	17634
"2003.06.12"	"Afghanistan"	"Terin Kot"	9	6	15	1430	2246	3676	7787	9862	17649
"2003.06.12"	"India"	"Pazalpora"	3	0	3	1433	2246	3679	7790	9862	17652
"2003.06.13"	"India"	"Kupwara"	3	1	4	1436	2247	3683	7793	9863	17656
"2003.06.14"	"Algeria"	"El-Youssoufia"	8	2	10	1444	2249	3693	7801	9865	17666
"2003.06.16"	"Algeria"	"Tizi N'Tleta"	4	1	5	1448	2250	3698	7805	9866	17671
"2003.06.16"	"India"	"Mangota"	1	0	1	1449	2250	3699	7806	9866	17672
"2003.06.17"	"India"	"Khiram & Shopian"	3	3	6	1452	2253	3705	7809	9869	17678
"2003.06.17"	"Israel"	"Kibbutz Eyal"	1	3	4	1453	2256	3709	7810	9872	17682
"2003.06.18"	"Chechnya"	"Grozny"	4	1	5	1457	2257	3714	7814	9873	17687
"2003.06.18"	"India"	"Jameri"	2	0	2	1459	2257	3716	7816	9873	17689
"2003.06.19"	"Israel"	"Moshav Sde Terumot"	1	0	1	1460	2257	3717	7817	9873	17690
"2003.06.19"	"Algeria"	"El Ancer"	4	0	4	1464	2257	3721	7821	9873	17694
"2003.06.19"	"Iraq"	"Baghdad"	1	2	3	1465	2259	3724	7822	9875	17697
"2003.06.20"	"India"	"Dodi & Samot"	2	0	2	1467	2259	3726	7824	9875	17699
"2003.06.20"	"Algeria"	"Theniet El-Abed"	1	3	4	1468	2262	3730	7825	9878	17703
"2003.06.20"	"Israel"	"Ofra"	1	3	4	1469	2265	3734	7826	9881	17707
"2003.06.20"	"Chechnya"	"Grozny"	6	36	42	1475	2301	3776	7832	9917	17749
"2003.06.20"	"India"	"Pulwama"	0	27	27	1475	2328	3803	7832	9944	17776
"2003.06.20"	"Pakistan"	"Quetta"	1	0	1	1476	2328	3804	7833	9944	17777
"2003.06.21"	"Algeria"	"Merjet el-Abed"	5	0	5	1481	2328	3809	7838	9944	17782
"2003.06.22"	"India"	"Shopian"	3	0	3	1484	2328	3812	7841	9944	17785
"2003.06.23"	"India"	"Lassipora"	3	1	4	1487	2329	3816	7844	9945	17789
"2003.06.23"	"Israel"	"Gaza"	4	4	8	1491	2333	3824	7848	9949	17797
"2003.06.23"	"India"	"Pulwama"	2	33	35	1493	2366	3859	7850	9982	17832
"2003.06.23"	"India"	"Sam Samad"	1	0	1	1494	2366	3860	7851	9982	17833
"2003.06.24"	"Iraq"	"Amarah"	6	8	14	1500	2374	3874	7857	9990	17847
"2003.06.25"	"India"	"Wagbal & Kishtwar"	2	0	2	1502	2374	3876	7859	9990	17849
"2003.06.25"	"Algeria"	"Tablat"	8	1	9	1510	2375	3885	7867	9991	17858
"2003.06.25"	"India"	"Kulgam"	2	1	3	1512	2376	3888	7869	9992	17861
"2003.06.25"	"Afghanistan"	"Spin Boldak"	2	1	3	1514	2377	3891	7871	9993	17864
"2003.06.26"	"Israel"	"Baqa al-Gharbiya"	1	0	1	1515	2377	3892	7872	9993	17865
"2003.06.26"	"Iraq"	"Baghdad"	1	1	2	1516	2378	3894	7873	9994	17867
"2003.06.28"	"Algeria"	"El Milia"	1	0	1	1517	2378	3895	7874	9994	17868
"2003.06.28"	"India"	"Chalpora Wadipora"	1	0	1	1518	2378	3896	7875	9994	17869
"2003.06.28"	"India"	"Jammu"	12	8	20	1530	2386	3916	7887	10002	17889
"2003.06.29"	"India"	"Kharoosa"	1	0	1	1531	2386	3917	7888	10002	17890
"2003.06.30"	"India"	"Swara Chalil"	1	0	1	1532	2386	3918	7889	10002	17891
"2003.06.30"	"India"	"Seri Chawana"	2	1	3	1534	2387	3921	7891	10003	17894
"2003.06.30"	"Israel"	"Jenin"	1	0	1	1535	2387	3922	7892	10003	17895
"2003.06.30"	"Chechnya"	"Starye Atagi"	4	8	12	1539	2395	3934	7896	10011	17907
"2003.06.30"	"Iraq"	"Fallujah"	5	15	20	1544	2410	3954	7901	10026	17927
"2003.07.01"	"India"	"Doda"	1	10	11	1545	2420	3965	7902	10036	17938
"2003.07.02"	"India"	"Shopian"	2	0	2	1547	2420	3967	7904	10036	17940
"2003.07.02"	"India"	"Handwara"	2	0	2	1549	2420	3969	7906	10036	17942
"2003.07.02"	"India"	"Balas Dharam"	1	1	2	1550	2421	3971	7907	10037	17944
"2003.07.03"	"Iraq"	"Baghdad"	1	0	1	1551	2421	3972	7908	10037	17945
"2003.07.04"	"Pakistan"	"Quetta"	53	60	113	1604	2481	4085	7961	10097	18058
"2003.07.04"	"India"	"Larnu"	4	20	24	1608	2501	4109	7965	10117	18082
"2003.07.05"	"India"	"Doda"	2	0	2	1610	2501	4111	7967	10117	18084
"2003.07.05"	"Algeria"	"Tizi Ouzou"	3	0	3	1613	2501	4114	7970	10117	18087
"2003.07.05"	"Iraq"	"Baghdad"	1	0	1	1614	2501	4115	7971	10117	18088
"2003.07.05"	"Russia"	"Moscow"	14	24	38	1628	2525	4153	7985	10141	18126
"2003.07.05"	"Iraq"	"Ramadi"	7	40	47	1635	2565	4200	7992	10181	18173
"2003.07.05"	"Pakistan"	"Ranala Kot"	1	0	1	1636	2565	4201	7993	10181	18174
"2003.07.06"	"Chechnya"	"Grozny"	3	2	5	1639	2567	4206	7996	10183	18179
"2003.07.06"	"Israel"	"Ramallah"	1	0	1	1640	2567	4207	7997	10183	18180
"2003.07.06"	"Iraq"	"Baghdad"	1	0	1	1641	2567	4208	7998	10183	18181
"2003.07.06"	"India"	"Baramulla"	3	1	4	1644	2568	4212	8001	10184	18185
"2003.07.07"	"India"	"Nowshera"	5	1	6	1649	2569	4218	8006	10185	18191
"2003.07.08"	"Israel"	"Kfar Yavetz"	1	3	4	1650	2572	4222	8007	10188	18195
"2003.07.09"	"India"	"Kulgam"	1	0	1	1651	2572	4223	8008	10188	18196
"2003.07.10"	"Indonesia"	"Kawua"	0	5	5	1651	2577	4228	8008	10193	18201
"2003.07.10"	"Indonesia"	"Sulawesi"	1	0	1	1652	2577	4229	8009	10193	18202
"2003.07.10"	"Philippines"	"Koronadal"	3	29	32	1655	2606	4261	8012	10222	18234
"2003.07.10"	"Russia"	"Moscow"	1	0	1	1656	2606	4262	8013	10222	18235
"2003.07.10"	"India"	"Doda"	2	0	2	1658	2606	4264	8015	10222	18237
"2003.07.10"	"India"	"Khara"	1	0	1	1659	2606	4265	8016	10222	18238
"2003.07.10"	"Iran"	"Tehran"	1	0	1	1660	2606	4266	8017	10222	18239
"2003.07.11"	"Pakistan"	"Karachi"	2	0	2	1662	2606	4268	8019	10222	18241
"2003.07.12"	"Chechnya"	"Shatoi"	9	5	14	1671	2611	4282	8028	10227	18255
"2003.07.12"	"Chechnya"	"Benoi-Vedeno"	3	3	6	1674	2614	4288	8031	10230	18261
"2003.07.12"	"Chechnya"	"Alkhan-Kala"	3	2	5	1677	2616	4293	8034	10232	18266
"2003.07.12"	"India"	"Chak Banola"	1	3	4	1678	2619	4297	8035	10235	18270
"2003.07.12"	"India"	"Kashmir"	1	8	9	1679	2627	4306	8036	10243	18279
"2003.07.13"	"India"	"Surankote and Mendhar"	3	0	3	1682	2627	4309	8039	10243	18282
"2003.07.13"	"India"	"Machil"	2	0	2	1684	2627	4311	8041	10243	18284
"2003.07.14"	"Algeria"	"Tizi Ouzou"	3	0	3	1687	2627	4314	8044	10243	18287
"2003.07.14"	"Afghanistan"	"Kandahar"	5	2	7	1692	2629	4321	8049	10245	18294
"2003.07.14"	"India"	"Hapat Nar"	2	3	5	1694	2632	4326	8051	10248	18299
"2003.07.15"	"Israel"	"Tel Aviv"	1	2	3	1695	2634	4329	8052	10250	18302
"2003.07.15"	"India"	"Bomthan"	4	0	4	1699	2634	4333	8056	10250	18306
"2003.07.16"	"Iraq"	"Haditha"	2	0	2	1701	2634	4335	8058	10250	18308
"2003.07.16"	"India"	"Guzarbal Bonkoot"	2	0	2	1703	2634	4337	8060	10250	18310
"2003.07.16"	"India"	"Beerwah"	1	1	2	1704	2635	4339	8061	10251	18312
"2003.07.16"	"Pakistan"	"Hyderabad"	0	11	11	1704	2646	4350	8061	10262	18323
"2003.07.17"	"Dagestan"	"Unknown"	3	0	3	1707	2646	4353	8064	10262	18326
"2003.07.17"	"Chechnya"	"Khasavyurt"	4	15	19	1711	2661	4372	8068	10277	18345
"2003.07.17"	"India"	"Harong"	3	0	3	1714	2661	4375	8071	10277	18348
"2003.07.17"	"Algeria"	"Skikda"	4	0	4	1718	2661	4379	8075	10277	18352
"2003.07.18"	"Iraq"	"Fallujah"	1	0	1	1719	2661	4380	8076	10277	18353
"2003.07.18"	"Afghanistan"	"Khost"	8	1	9	1727	2662	4389	8084	10278	18362
"2003.07.18"	"India"	"Shopian"	2	0	2	1729	2662	4391	8086	10278	18364
"2003.07.19"	"India"	"Tral"	0	19	19	1729	2681	4410	8086	10297	18383
"2003.07.19"	"India"	"Nag Batra & Khour"	2	1	3	1731	2682	4413	8088	10298	18386
"2003.07.21"	"Iraq"	"Baghdad"	2	3	5	1733	2685	4418	8090	10301	18391
"2003.07.21"	"Chechnya"	"Assinovskya"	1	4	5	1734	2689	4423	8091	10305	18396
"2003.07.22"	"India"	"Aknoor"	8	12	20	1742	2701	4443	8099	10317	18416
"2003.07.22"	"India"	"Banganga"	7	42	49	1749	2743	4492	8106	10359	18465
"2003.07.22"	"Iraq"	"Hilla"	1	1	2	1750	2744	4494	8107	10360	18467
"2003.07.25"	"India"	"Morha Bachchai"	2	4	6	1752	2748	4500	8109	10364	18473
"2003.07.25"	"Sudan"	"Shoba East"	42	10	52	1794	2758	4552	8151	10374	18525
"2003.07.25"	"India"	"Kashmir"	4	0	4	1798	2758	4556	8155	10374	18529
"2003.07.25"	"Kosovo"	"Kosovska Mitrovica"	1	4	5	1799	2762	4561	8156	10378	18534
"2003.07.26"	"Chechnya"	"Grozny"	1	1	2	1800	2763	4563	8157	10379	18536
"2003.07.26"	"Iraq"	"Baqubah"	3	4	7	1803	2767	4570	8160	10383	18543
"2003.07.26"	"India"	"Narkote"	1	0	1	1804	2767	4571	8161	10383	18544
"2003.07.27"	"India"	"Thanna Mandi"	1	12	13	1805	2779	4584	8162	10395	18557
"2003.07.27"	"Afghanistan"	"Girishk"	6	0	6	1811	2779	4590	8168	10395	18563
"2003.07.27"	"Pakistan"	"Miranshah"	0	9	9	1811	2788	4599	8168	10404	18572
"2003.07.28"	"India"	"Mumbai"	2	47	49	1813	2835	4648	8170	10451	18621
"2003.07.28"	"Pakistan"	"Saidgai"	3	4	7	1816	2839	4655	8173	10455	18628
"2003.07.28"	"India"	"Surankote"	1	1	2	1817	2840	4657	8174	10456	18630
"2003.07.29"	"Pal. Auth."	"West Bank"	1	0	1	1818	2840	4658	8175	10456	18631
"2003.07.29"	"Philippines"	"Patikul"	3	0	3	1821	2840	4661	8178	10456	18634
"2003.07.29"	"Afghanistan"	"Spin Kotal"	1	1	2	1822	2841	4663	8179	10457	18636
"2003.07.29"	"Chechnya"	"Ingushetia"	5	0	5	1827	2841	4668	8184	10457	18641
"2003.07.29"	"Algeria"	"Sahara"	1	0	1	1828	2841	4669	8185	10457	18642
"2003.07.29"	"India"	"Bandipore"	1	1	2	1829	2842	4671	8186	10458	18644
"2003.07.29"	"Afghanistan"	"Nakhohni"	1	0	1	1830	2842	4672	8187	10458	18645
"2003.07.30"	"Afghanistan"	"Paktika"	1	2	3	1831	2844	4675	8188	10460	18648
"2003.07.30"	"India"	"Kokernag"	1	0	1	1832	2844	4676	8189	10460	18649
"2003.07.31"	"India"	"Shopian"	1	0	1	1833	2844	4677	8190	10460	18650
"2003.07.31"	"Chechnya"	"Pervomayskoy"	4	0	4	1837	2844	4681	8194	10460	18654
"2003.07.31"	"Algeria"	"Jijel"	3	3	6	1840	2847	4687	8197	10463	18660
"2003.08.01"	"Russia"	"Mozdok"	50	100	150	1890	2947	4837	8247	10563	18810
"2003.08.01"	"India"	"Khablan"	1	1	2	1891	2948	4839	8248	10564	18812
"2003.08.02"	"Iraq"	"Baghdad"	3	3	6	1894	2951	4845	8251	10567	18818
"2003.08.03"	"India"	"Buntrchan"	1	0	1	1895	2951	4846	8252	10567	18819
"2003.08.03"	"Israel"	"Jerusalem"	0	4	4	1895	2955	4850	8252	10571	18823
"2003.08.03"	"Algeria"	"Chlef"	3	0	3	1898	2955	4853	8255	10571	18826
"2003.08.04"	"India"	"Mahore"	2	0	2	1900	2955	4855	8257	10571	18828
"2003.08.05"	"Indonesia"	"Jakarta"	14	100	114	1914	3055	4969	8271	10671	18942
"2003.08.05"	"Iraq"	"Tikrit"	1	0	1	1915	3055	4970	8272	10671	18943
"2003.08.06"	"India"	"Sangrampora"	2	0	2	1917	3055	4972	8274	10671	18945
"2003.08.06"	"USA"	"Houston"	1	0	1	1918	3055	4973	8275	10671	18946
"2003.08.07"	"Iraq"	"Baghdad"	16	43	59	1934	3098	5032	8291	10714	19005
"2003.08.07"	"India"	"Srinagar"	2	5	7	1936	3103	5039	8293	10719	19012
"2003.08.07"	"Afghanistan"	"Desho"	7	0	7	1943	3103	5046	8300	10719	19019
"2003.08.07"	"Ingushetia"	"Border"	6	7	13	1949	3110	5059	8306	10726	19032
"2003.08.07"	"India"	"Tral & Dhok"	3	0	3	1952	3110	5062	8309	10726	19035
"2003.08.09"	"Pakistan"	"Karachi"	5	0	5	1957	3110	5067	8314	10726	19040
"2003.08.09"	"India"	"Kasblari"	2	0	2	1959	3110	5069	8316	10726	19042
"2003.08.10"	"India"	"Kupwara"	2	0	2	1961	3110	5071	8318	10726	19044
"2003.08.10"	"Pakistan"	"Lahore"	5	0	5	1966	3110	5076	8323	10726	19049
"2003.08.11"	"Israel"	"Shlomi"	1	4	5	1967	3114	5081	8324	10730	19054
"2003.08.11"	"India"	"Kandi"	1	0	1	1968	3114	5082	8325	10730	19055
"2003.08.12"	"India"	"Budhan"	1	0	1	1969	3114	5083	8326	10730	19056
"2003.08.12"	"Israel"	"Tel Aviv"	1	10	11	1970	3124	5094	8327	10740	19067
"2003.08.12"	"Israel"	"Ariel"	1	2	3	1971	3126	5097	8328	10742	19070
"2003.08.12"	"Afghanistan"	"Ghazni"	2	3	5	1973	3129	5102	8330	10745	19075
"2003.08.13"	"Kosovo"	"Gorazdevac"	2	4	6	1975	3133	5108	8332	10749	19081
"2003.08.13"	"Chechnya"	"Vedeno"	5	3	8	1980	3136	5116	8337	10752	19089
"2003.08.13"	"Afghanistan"	"Kabul"	2	1	3	1982	3137	5119	8339	10753	19092
"2003.08.13"	"Saudi Arabia"	"Riyadh"	3	2	5	1985	3139	5124	8342	10755	19097
"2003.08.13"	"Afghanistan"	"Lashkargah"	15	5	20	2000	3144	5144	8357	10760	19117
"2003.08.13"	"India"	"Bandipore"	3	48	51	2003	3192	5195	8360	10808	19168
"2003.08.13"	"India"	"Poonch"	2	0	2	2005	3192	5197	8362	10808	19170
"2003.08.14"	"India"	"Kashmir"	2	0	2	2007	3192	5199	8364	10808	19172
"2003.08.14"	"India"	"Bandipore"	2	40	42	2009	3232	5241	8366	10848	19214
"2003.08.14"	"India"	"Khudwani"	1	7	8	2010	3239	5249	8367	10855	19222
"2003.08.14"	"Iraq"	"Zubayr"	1	2	3	2011	3241	5252	8368	10857	19225
"2003.08.14"	"Chechnya"	"Samachki"	2	10	12	2013	3251	5264	8370	10867	19237
"2003.08.15"	"India"	"Pakherpora"	0	16	16	2013	3267	5280	8370	10883	19253
"2003.08.16"	"India"	"Kashmir"	3	0	3	2016	3267	5283	8373	10883	19256
"2003.08.16"	"Iraq"	"Baghdad"	6	59	65	2022	3326	5348	8379	10942	19321
"2003.08.16"	"Pakistan"	"Karachi"	2	0	2	2024	3326	5350	8381	10942	19323
"2003.08.17"	"Afghanistan"	"Barmal (Patika)"	7	0	7	2031	3326	5357	8388	10942	19330
"2003.08.17"	"India"	"Rajouri"	1	0	1	2032	3326	5358	8389	10942	19331
"2003.08.18"	"Afghanistan"	"Kharwar"	10	0	10	2042	3326	5368	8399	10942	19341
"2003.08.18"	"India"	"Kashmir"	3	0	3	2045	3326	5371	8402	10942	19344
"2003.08.19"	"Pakistan"	"Rajouri"	1	0	1	2046	3326	5372	8403	10942	19345
"2003.08.19"	"India"	"Baramulla"	2	0	2	2048	3326	5374	8405	10942	19347
"2003.08.19"	"Iraq"	"Baghdad"	23	100	123	2071	3426	5497	8428	11042	19470
"2003.08.19"	"Israel"	"Jerusalem"	20	100	120	2091	3526	5617	8448	11142	19590
"2003.08.20"	"Iraq"	"Tikrit"	1	2	3	2092	3528	5620	8449	11144	19593
"2003.08.20"	"India"	"Naristan"	1	0	1	2093	3528	5621	8450	11144	19594
"2003.08.21"	"Chechnya"	"Grozny"	9	2	11	2102	3530	5632	8459	11146	19605
"2003.08.22"	"Philippines"	"Barangay Matarling"	1	4	5	2103	3534	5637	8460	11150	19610
"2003.08.22"	"Pakistan"	"Hyderabad"	0	5	5	2103	3539	5642	8460	11155	19615
"2003.08.22"	"India"	"Badikote"	1	0	1	2104	3539	5643	8461	11155	19616
"2003.08.23"	"Afghanistan"	"Dai Chupan"	5	0	5	2109	3539	5648	8466	11155	19621
"2003.08.23"	"Iraq"	"Basra"	3	1	4	2112	3540	5652	8469	11156	19625
"2003.08.24"	"Iraq"	"Najaf"	3	10	13	2115	3550	5665	8472	11166	19638
"2003.08.25"	"India"	"Mumbai"	51	156	207	2166	3706	5872	8523	11322	19845
"2003.08.25"	"Russia"	"Krasnodar"	3	17	20	2169	3723	5892	8526	11339	19865
"2003.08.25"	"India"	"Katarmal"	3	0	3	2172	3723	5895	8529	11339	19868
"2003.08.26"	"Chechnya"	"Grozny"	3	0	3	2175	3723	5898	8532	11339	19871
"2003.08.27"	"Dagestan"	"Makhachkala"	1	1	2	2176	3724	5900	8533	11340	19873
"2003.08.28"	"Afghanistan"	"Spin Boldak"	3	0	3	2179	3724	5903	8536	11340	19876
"2003.08.28"	"India"	"Bijbehara"	1	2	3	2180	3726	5906	8537	11342	19879
"2003.08.28"	"India"	"Srinagar"	4	0	4	2184	3726	5910	8541	11342	19883
"2003.08.29"	"Iraq"	"Najaf"	85	142	227	2269	3868	6137	8626	11484	20110
"2003.08.29"	"Israel"	"Ramallah"	1	1	2	2270	3869	6139	8627	11485	20112
"2003.08.30"	"India"	"Kashmir"	3	0	3	2273	3869	6142	8630	11485	20115
"2003.08.31"	"Kosovo"	"Gnjilane"	1	5	6	2274	3874	6148	8631	11490	20121
"2003.08.31"	"India"	"Jugnu"	1	0	1	2275	3874	6149	8632	11490	20122
"2003.08.31"	"India"	"Handwara"	4	0	4	2279	3874	6153	8636	11490	20126
"2003.08.31"	"Sudan"	"Habila"	30	0	30	2309	3874	6183	8666	11490	20156
"2003.09.01"	"Iraq"	"Baghdad"	2	1	3	2311	3875	6186	8668	11491	20159
"2003.09.01"	"India"	"Jawahar Tunnel"	1	3	4	2312	3878	6190	8669	11494	20163
"2003.09.02"	"Iraq"	"Baghdad"	1	10	11	2313	3888	6201	8670	11504	20174
"2003.09.02"	"India"	"Alla Kala"	3	0	3	2316	3888	6204	8673	11504	20177
"2003.09.02"	"India"	"Udhampur"	4	0	4	2320	3888	6208	8677	11504	20181
"2003.09.02"	"Pakistan"	"Karachi"	2	0	2	2322	3888	6210	8679	11504	20183
"2003.09.02"	"India"	"Awantipora"	1	20	21	2323	3908	6231	8680	11524	20204
"2003.09.03"	"Russia"	"Kislovodsk"	5	29	34	2328	3937	6265	8685	11553	20238
"2003.09.03"	"India"	"Chamalwas"	5	0	5	2333	3937	6270	8690	11553	20243
"2003.09.03"	"Iraq"	"Ramadi"	1	2	3	2334	3939	6273	8691	11555	20246
"2003.09.04"	"India"	"Poonch"	1	2	3	2335	3941	6276	8692	11557	20249
"2003.09.04"	"Israel"	"Jenin"	1	4	5	2336	3945	6281	8693	11561	20254
"2003.09.04"	"Pakistan"	"Karachi"	5	0	5	2341	3945	6286	8698	11561	20259
"2003.09.05"	"Algeria"	"Mizrana Forest"	2	3	5	2343	3948	6291	8700	11564	20264
"2003.09.05"	"Iraq"	"Mosul"	1	1	2	2344	3949	6293	8701	11565	20266
"2003.09.05"	"Afghanistan"	"Nangrahar"	2	19	21	2346	3968	6314	8703	11584	20287
"2003.09.05"	"Iraq"	"al-Shab City"	0	3	3	2346	3971	6317	8703	11587	20290
"2003.09.06"	"India"	"Udhampur"	3	6	9	2349	3977	6326	8706	11593	20299
"2003.09.06"	"India"	"Srinagar"	7	37	44	2356	4014	6370	8713	11630	20343
"2003.09.08"	"Afghanistan"	"Ghazni"	4	1	5	2360	4015	6375	8717	11631	20348
"2003.09.08"	"Afghanistan"	"Shah Wali Kot"	5	5	10	2365	4020	6385	8722	11636	20358
"2003.09.08"	"India"	"Sarmarg"	1	0	1	2366	4020	6386	8723	11636	20359
"2003.09.09"	"India"	"Sopat"	1	1	2	2367	4021	6388	8724	11637	20361
"2003.09.09"	"India"	"Doda"	1	7	8	2368	4028	6396	8725	11644	20369
"2003.09.09"	"Israel"	"Tel Aviv"	8	15	23	2376	4043	6419	8733	11659	20392
"2003.09.09"	"Israel"	"Jerusalem"	7	50	57	2383	4093	6476	8740	11709	20449
"2003.09.09"	"Iraq"	"Arbil"	3	41	44	2386	4134	6520	8743	11750	20493
"2003.09.11"	"India"	"Srinagar"	2	14	16	2388	4148	6536	8745	11764	20509
"2003.09.11"	"England"	"Bradford"	1	0	1	2389	4148	6537	8746	11764	20510
"2003.09.13"	"India"	"Hajan"	3	8	11	2392	4156	6548	8749	11772	20521
"2003.09.13"	"India"	"Neelidori"	4	6	10	2396	4162	6558	8753	11778	20531
"2003.09.13"	"India"	"Bijbehara"	2	14	16	2398	4176	6574	8755	11792	20547
"2003.09.14"	"India"	"Sam Samad"	2	0	2	2400	4176	6576	8757	11792	20549
"2003.09.15"	"Philippines"	"Campo Uno"	2	0	2	2402	4176	6578	8759	11792	20551
"2003.09.15"	"Russia"	"Magas"	3	25	28	2405	4201	6606	8762	11817	20579
"2003.09.15"	"Iraq"	"Khaldiya"	1	2	3	2406	4203	6609	8763	11819	20582
"2003.09.15"	"Iraq"	"Mosul"	1	13	14	2407	4216	6623	8764	11832	20596
"2003.09.16"	"India"	"Khanyar"	1	7	8	2408	4223	6631	8765	11839	20604
"2003.09.17"	"India"	"Laam"	2	1	3	2410	4224	6634	8767	11840	20607
"2003.09.17"	"India"	"Chak Nutnusa"	2	1	3	2412	4225	6637	8769	11841	20610
"2003.09.17"	"Algeria"	"Oued Djemaa"	9	0	9	2421	4225	6646	8778	11841	20619
"2003.09.18"	"India"	"Kashmir"	4	0	4	2425	4225	6650	8782	11841	20623
"2003.09.18"	"Afghanistan"	"Ghazni"	4	0	4	2429	4225	6654	8786	11841	20627
"2003.09.19"	"Algeria"	"Boumerdes"	1	0	1	2430	4225	6655	8787	11841	20628
"2003.09.19"	"India"	"Kashmir"	5	0	5	2435	4225	6660	8792	11841	20633
"2003.09.21"	"India"	"Thanna Mandi"	2	0	2	2437	4225	6662	8794	11841	20635
"2003.09.21"	"Iraq"	"Baghdad"	2	13	15	2439	4238	6677	8796	11854	20650
"2003.09.21"	"India"	"Rajouri"	4	27	31	2443	4265	6708	8800	11881	20681
"2003.09.22"	"Iraq"	"Baghdad"	1	16	17	2444	4281	6725	8801	11897	20698
"2003.09.22"	"Israel"	"Jerusalem"	2	16	18	2446	4297	6743	8803	11913	20716
"2003.09.23"	"India"	"Chak Banola"	2	0	2	2448	4297	6745	8805	11913	20718
"2003.09.24"	"Afghanistan"	"Helmand"	2	1	3	2450	4298	6748	8807	11914	20721
"2003.09.24"	"Iraq"	"Mosul"	2	8	10	2452	4306	6758	8809	11922	20731
"2003.09.24"	"Iraq"	"Baghdad"	1	18	19	2453	4324	6777	8810	11940	20750
"2003.09.25"	"Iraq"	"Baghdad"	1	2	3	2454	4326	6780	8811	11942	20753
"2003.09.25"	"Iraq"	"Baghdad"	1	2	3	2455	4328	6783	8812	11944	20756
"2003.09.26"	"Israel"	"Negahot"	2	2	4	2457	4330	6787	8814	11946	20760
"2003.09.26"	"Bangladesh"	"Fatullah"	1	10	11	2458	4340	6798	8815	11956	20771
"2003.09.26"	"Iraq"	"Baqubah"	9	15	24	2467	4355	6822	8824	11971	20795
"2003.09.27"	"Pakistan"	"Karachi"	0	10	10	2467	4365	6832	8824	11981	20805
"2003.09.27"	"Afghanistan"	"Sangin"	7	0	7	2474	4365	6839	8831	11981	20812
"2003.09.27"	"India"	"Mahore"	4	0	4	2478	4365	6843	8835	11981	20816
"2003.09.28"	"Kosovo"	"Bresje"	2	39	41	2480	4404	6884	8837	12020	20857
"2003.09.30"	"Algeria"	"Montgorno"	8	3	11	2488	4407	6895	8845	12023	20868
"2003.09.30"	"India"	"Surankote"	2	3	5	2490	4410	6900	8847	12026	20873
"2003.09.30"	"Dagestan"	"Unknown"	5	0	5	2495	4410	6905	8852	12026	20878
"2003.09.30"	"India"	"Srinagar"	0	19	19	2495	4429	6924	8852	12045	20897
"2003.10.01"	"Indonesia"	"Pandiri"	1	0	1	2496	4429	6925	8853	12045	20898
"2003.10.01"	"Iraq"	"Tikrit"	1	2	3	2497	4431	6928	8854	12047	20901
"2003.10.01"	"India"	"Thuru"	1	1	2	2498	4432	6930	8855	12048	20903
"2003.10.02"	"Chechnya"	"Shali"	2	0	2	2500	4432	6932	8857	12048	20905
"2003.10.02"	"Somalia"	"Borama"	1	0	1	2501	4432	6933	8858	12048	20906
"2003.10.02"	"India"	"Budhan"	1	0	1	2502	4432	6934	8859	12048	20907
"2003.10.02"	"India"	"Kreeri Bazaar"	1	0	1	2503	4432	6935	8860	12048	20908
"2003.10.03"	"Pakistan"	"Quetta"	1	2	3	2504	4434	6938	8861	12050	20911
"2003.10.03"	"Philippines"	"Midsayap"	4	20	24	2508	4454	6962	8865	12070	20935
"2003.10.03"	"Pakistan"	"Karachi"	6	8	14	2514	4462	6976	8871	12078	20949
"2003.10.03"	"Iraq"	"Tikrit"	2	0	2	2516	4462	6978	8873	12078	20951
"2003.10.03"	"Iraq"	"Baghdad"	0	5	5	2516	4467	6983	8873	12083	20956
"2003.10.03"	"Afghanistan"	"Kabul"	2	3	5	2518	4470	6988	8875	12086	20961
"2003.10.03"	"India"	"Pulwama"	3	0	3	2521	4470	6991	8878	12086	20964
"2003.10.04"	"Israel"	"Haifa"	19	55	74	2540	4525	7065	8897	12141	21038
"2003.10.04"	"India"	"Rowshera"	0	6	6	2540	4531	7071	8897	12147	21044
"2003.10.04"	"India"	"Suidhar"	2	1	3	2542	4532	7074	8899	12148	21047
"2003.10.05"	"Pakistan"	"Islamabad"	5	0	5	2547	4532	7079	8904	12148	21052
"2003.10.05"	"Afghanistan"	"Lashkargah"	2	3	5	2549	4535	7084	8906	12151	21057
"2003.10.05"	"Algeria"	"Beni Bouateb"	1	0	1	2550	4535	7085	8907	12151	21058
"2003.10.05"	"Somalia"	"Borama"	1	0	1	2551	4535	7086	8908	12151	21059
"2003.10.06"	"Israel"	"Metulla"	1	1	2	2552	4536	7088	8909	12152	21061
"2003.10.07"	"India"	"Ganeshphora"	3	2	5	2555	4538	7093	8912	12154	21066
"2003.10.07"	"Iraq"	"Baghdad"	4	3	7	2559	4541	7100	8916	12157	21073
"2003.10.07"	"Iraq"	"Kirkuk"	1	1	2	2560	4542	7102	8917	12158	21075
"2003.10.07"	"Lebanon"	"Israeli Border"	1	0	1	2561	4542	7103	8918	12158	21076
"2003.10.07"	"Philippines"	"Manila"	3	3	6	2564	4545	7109	8921	12161	21082
"2003.10.08"	"Iraq"	"Kirkuk"	1	1	2	2565	4546	7111	8922	12162	21084
"2003.10.09"	"Algeria"	"Batna"	1	0	1	2566	4546	7112	8923	12162	21085
"2003.10.09"	"Indonesia"	"Poso"	2	0	2	2568	4546	7114	8925	12162	21087
"2003.10.09"	"Iraq"	"Baghdad"	8	32	40	2576	4578	7154	8933	12194	21127
"2003.10.09"	"Iraq"	"Baghdad"	1	0	1	2577	4578	7155	8934	12194	21128
"2003.10.09"	"Israel"	"Tulkarm"	1	2	3	2578	4580	7158	8935	12196	21131
"2003.10.10"	"Iraq"	"Baiji"	2	4	6	2580	4584	7164	8937	12200	21137
"2003.10.11"	"India"	"Nagbal"	1	0	1	2581	4584	7165	8938	12200	21138
"2003.10.11"	"Indonesia"	"Sulawesi"	8	24	32	2589	4608	7197	8946	12224	21170
"2003.10.12"	"Afghanistan"	"Zabul"	8	2	10	2597	4610	7207	8954	12226	21180
"2003.10.12"	"Iraq"	"Baghdad"	6	32	38	2603	4642	7245	8960	12258	21218
"2003.10.12"	"Iraq"	"Fallujah"	2	0	2	2605	4642	7247	8962	12258	21220
"2003.10.13"	"India"	"Chalas"	2	2	4	2607	4644	7251	8964	12260	21224
"2003.10.13"	"Iraq"	"Baiji"	1	1	2	2608	4645	7253	8965	12261	21226
"2003.10.13"	"Chechnya"	"Shatoi"	9	0	9	2617	4645	7262	8974	12261	21235
"2003.10.14"	"India"	"Jabri"	1	1	2	2618	4646	7264	8975	12262	21237
"2003.10.14"	"Iraq"	"Baghdad"	1	3	4	2619	4649	7268	8976	12265	21241
"2003.10.15"	"Algeria"	"Barber"	1	2	3	2620	4651	7271	8977	12267	21244
"2003.10.15"	"Israel"	"Gaza"	3	1	4	2623	4652	7275	8980	12268	21248
"2003.10.15"	"India"	"Choontimulla"	1	5	6	2624	4657	7281	8981	12273	21254
"2003.10.16"	"Chechnya"	"Achkoy-Martan"	0	4	4	2624	4661	7285	8981	12277	21258
"2003.10.16"	"Iraq"	"Karbala"	5	7	12	2629	4668	7297	8986	12284	21270
"2003.10.17"	"Chechnya"	"Grozny"	1	1	2	2630	4669	7299	8987	12285	21272
"2003.10.17"	"India"	"Srinagar"	3	11	14	2633	4680	7313	8990	12296	21286
"2003.10.18"	"Afghanistan"	"Helmand"	2	2	4	2635	4682	7317	8992	12298	21290
"2003.10.19"	"Israel"	"Ein Yabrud"	3	1	4	2638	4683	7321	8995	12299	21294
"2003.10.19"	"Afghanistan"	"Asadabad"	4	5	9	2642	4688	7330	8999	12304	21303
"2003.10.20"	"India"	"Srinagar"	1	50	51	2643	4738	7381	9000	12354	21354
"2003.10.21"	"Somalia"	"Sheikh"	2	0	2	2645	4738	7383	9002	12354	21356
"2003.10.21"	"India"	"Kulgam"	0	17	17	2645	4755	7400	9002	12371	21373
"2003.10.22"	"Israel"	"Hebron"	0	2	2	2645	4757	7402	9002	12373	21375
"2003.10.24"	"Iraq"	"Amarah"	1	0	1	2646	4757	7403	9003	12373	21376
"2003.10.24"	"Iraq"	"Mosul"	2	4	6	2648	4761	7409	9005	12377	21382
"2003.10.24"	"Israel"	"Netzarim"	3	2	5	2651	4763	7414	9008	12379	21387
"2003.10.25"	"Afghanistan"	"Shkin"	2	0	2	2653	4763	7416	9010	12379	21389
"2003.10.25"	"Iraq"	"Habbaniya"	3	2	5	2656	4765	7421	9013	12381	21394
"2003.10.26"	"India"	"Kishtwar"	1	9	10	2657	4774	7431	9014	12390	21404
"2003.10.26"	"Iraq"	"Baghdad"	1	15	16	2658	4789	7447	9015	12405	21420
"2003.10.26"	"Iraq"	"Baghdad"	1	0	1	2659	4789	7448	9016	12405	21421
"2003.10.26"	"India"	"Bijbehara"	0	14	14	2659	4803	7462	9016	12419	21435
"2003.10.26"	"Thailand"	"Narathiwat"	3	0	3	2662	4803	7465	9019	12419	21438
"2003.10.27"	"Indonesia"	"Sulawesi"	1	0	1	2663	4803	7466	9020	12419	21439
"2003.10.27"	"India"	"Gaghwal"	4	9	13	2667	4812	7479	9024	12428	21452
"2003.10.27"	"Philippines"	"Tawi Tawi"	5	0	5	2672	4812	7484	9029	12428	21457
"2003.10.27"	"Iraq"	"Baghdad"	11	20	31	2683	4832	7515	9040	12448	21488
"2003.10.27"	"Iraq"	"Baghdad"	16	94	110	2699	4926	7625	9056	12542	21598
"2003.10.28"	"India"	"Aknoor"	2	8	10	2701	4934	7635	9058	12550	21608
"2003.10.28"	"Algeria"	"Adekar"	2	0	2	2703	4934	7637	9060	12550	21610
"2003.10.28"	"Iraq"	"Mosul"	1	0	1	2704	4934	7638	9061	12550	21611
"2003.10.28"	"Philippines"	"Cotabato"	0	5	5	2704	4939	7643	9061	12555	21616
"2003.10.28"	"Iraq"	"Fallujah"	3	6	9	2707	4945	7652	9064	12561	21625
"2003.10.28"	"India"	"Khilani"	3	7	10	2710	4952	7662	9067	12568	21635
"2003.10.28"	"India"	"Srinagar"	3	32	35	2713	4984	7697	9070	12600	21670
"2003.10.29"	"India"	"Anantnag"	0	20	20	2713	5004	7717	9070	12620	21690
"2003.10.29"	"Algeria"	"Tipaza"	3	0	3	2716	5004	7720	9073	12620	21693
"2003.10.29"	"Iraq"	"Mosul"	3	0	3	2719	5004	7723	9076	12620	21696
"2003.10.30"	"India"	"Kashmir"	2	1	3	2721	5005	7726	9078	12621	21699
"2003.10.31"	"India"	"Kashmir"	3	16	19	2724	5021	7745	9081	12637	21718
"2003.11.01"	"Bangladesh"	"Jessore"	1	3	4	2725	5024	7749	9082	12640	21722
"2003.11.02"	"Israel"	"Nablus"	1	5	6	2726	5029	7755	9083	12645	21728
"2003.11.02"	"Iraq"	"Fallujah"	2	0	2	2728	5029	7757	9085	12645	21730
"2003.11.02"	"India"	"Surankote"	1	0	1	2729	5029	7758	9086	12645	21731
"2003.11.03"	"Iraq"	"Karbala"	2	4	6	2731	5033	7764	9088	12649	21737
"2003.11.03"	"Saudi Arabia"	"Mecca"	2	1	3	2733	5034	7767	9090	12650	21740
"2003.11.04"	"Iraq"	"Mosul"	2	0	2	2735	5034	7769	9092	12650	21742
"2003.11.04"	"India"	"Hari Budda"	3	2	5	2738	5036	7774	9095	12652	21747
"2003.11.05"	"India"	"Srinagar"	1	0	1	2739	5036	7775	9096	12652	21748
"2003.11.05"	"Iraq"	"Mosul"	3	9	12	2742	5045	7787	9099	12661	21760
"2003.11.05"	"India"	"Tangmarg"	3	0	3	2745	5045	7790	9102	12661	21763
"2003.11.06"	"India"	"Baramulla"	3	0	3	2748	5045	7793	9105	12661	21766
"2003.11.07"	"Iraq"	"Baghdad"	6	0	6	2754	5045	7799	9111	12661	21772
"2003.11.08"	"Sudan"	"Darfur"	42	0	42	2796	5045	7841	9153	12661	21814
"2003.11.08"	"Algeria"	"Bouira"	0	4	4	2796	5049	7845	9153	12665	21818
"2003.11.08"	"Saudi Arabia"	"Riyadh"	17	122	139	2813	5171	7984	9170	12787	21957
"2003.11.09"	"India"	"Awantipora Chowk"	5	0	5	2818	5171	7989	9175	12787	21962
"2003.11.10"	"India"	"Badgam"	2	0	2	2820	5171	7991	9177	12787	21964
"2003.11.10"	"Philippines"	"Basilan"	1	3	4	2821	5174	7995	9178	12790	21968
"2003.11.11"	"India"	"Quil Muqam"	2	0	2	2823	5174	7997	9180	12790	21970
"2003.11.11"	"Iraq"	"Basra"	6	9	15	2829	5183	8012	9186	12799	21985
"2003.11.12"	"Afghanistan"	"Kunar"	4	3	7	2833	5186	8019	9190	12802	21992
"2003.11.12"	"Iraq"	"Nasiriyah"	31	80	111	2864	5266	8130	9221	12882	22103
"2003.11.13"	"Iraq"	"Balad"	1	1	2	2865	5267	8132	9222	12883	22105
"2003.11.14"	"India"	"Kashmir"	3	0	3	2868	5267	8135	9225	12883	22108
"2003.11.14"	"Ingushetia"	"Troitskaya"	5	10	15	2873	5277	8150	9230	12893	22123
"2003.11.15"	"Indonesia"	"Sulawesi"	2	0	2	2875	5277	8152	9232	12893	22125
"2003.11.15"	"India"	"Hazratbal"	2	6	8	2877	5283	8160	9234	12899	22133
"2003.11.15"	"Turkey"	"Istanbul"	23	257	280	2900	5540	8440	9257	13156	22413
"2003.11.16"	"Afghanistan"	"Ghazni"	1	0	1	2901	5540	8441	9258	13156	22414
"2003.11.16"	"India"	"Gole Chakri"	3	4	7	2904	5544	8448	9261	13160	22421
"2003.11.16"	"Indonesia"	"Sulawesi"	1	0	1	2905	5544	8449	9262	13160	22422
"2003.11.17"	"India"	"Tatagaon"	3	0	3	2908	5544	8452	9265	13160	22425
"2003.11.18"	"India"	"Srinagar"	1	5	6	2909	5549	8458	9266	13165	22431
"2003.11.18"	"Israel"	"Gush Etzion Tunnel"	2	0	2	2911	5549	8460	9268	13165	22433
"2003.11.19"	"Afghanistan"	"Khost"	14	23	37	2925	5572	8497	9282	13188	22470
"2003.11.19"	"Algeria"	"Henchir Toumeghni"	2	3	5	2927	5575	8502	9284	13191	22475
"2003.11.19"	"Jordan"	"Israeli Border"	1	5	6	2928	5580	8508	9285	13196	22481
"2003.11.19"	"Iraq"	"Ramadi"	2	1	3	2930	5581	8511	9287	13197	22484
"2003.11.19"	"France"	"Paris"	2	0	2	2932	5581	8513	9289	13197	22486
"2003.11.19"	"Bangladesh"	"Chittagong"	11	0	11	2943	5581	8524	9300	13197	22497
"2003.11.20"	"Turkey"	"Istanbul"	31	400	431	2974	5981	8955	9331	13597	22928
"2003.11.20"	"Iraq"	"Kirkuk"	4	6	10	2978	5987	8965	9335	13603	22938
"2003.11.21"	"India"	"Budgam"	2	0	2	2980	5987	8967	9337	13603	22940
"2003.11.22"	"Iraq"	"Baghdad"	4	20	24	2984	6007	8991	9341	13623	22964
"2003.11.22"	"Iraq"	"Khan Bani Saad"	9	10	19	2993	6017	9010	9350	13633	22983
"2003.11.22"	"Iraq"	"Baqubah"	9	15	24	3002	6032	9034	9359	13648	23007
"2003.11.22"	"Israel"	"Jerusalem"	2	0	2	3004	6032	9036	9361	13648	23009
"2003.11.23"	"Iraq"	"Mosul"	2	0	2	3006	6032	9038	9363	13648	23011
"2003.11.23"	"India"	"Mitrigam"	1	0	1	3007	6032	9039	9364	13648	23012
"2003.11.25"	"India"	"Anantnag"	2	4	6	3009	6036	9045	9366	13652	23018
"2003.11.25"	"Israel"	"Nablus"	1	0	1	3010	6036	9046	9367	13652	23019
"2003.11.27"	"India"	"Srinagar"	1	12	13	3011	6048	9059	9368	13664	23032
"2003.11.27"	"Philippines"	"Barira"	5	4	9	3016	6052	9068	9373	13668	23041
"2003.11.28"	"Algeria"	"Djelfa"	9	3	12	3025	6055	9080	9382	13671	23053
"2003.11.28"	"India"	"Shaashi"	1	0	1	3026	6055	9081	9383	13671	23054
"2003.11.29"	"Iraq"	"Tikrit"	3	0	3	3029	6055	9084	9386	13671	23057
"2003.11.29"	"India"	"Wadna"	1	4	5	3030	6059	9089	9387	13675	23062
"2003.11.29"	"Iraq"	"Suwayrah"	7	1	8	3037	6060	9097	9394	13676	23070
"2003.11.30"	"Iraq"	"Tikrit"	2	2	4	3039	6062	9101	9396	13678	23074
"2003.11.30"	"India"	"Jammu"	4	8	12	3043	6070	9113	9400	13686	23086
"2003.11.30"	"Indonesia"	"Poso"	2	0	2	3045	6070	9115	9402	13686	23088
"2003.12.02"	"India"	"Srinagar"	0	21	21	3045	6091	9136	9402	13707	23109
"2003.12.02"	"USA"	"Chicago"	1	0	1	3046	6091	9137	9403	13707	23110
"2003.12.03"	"Philippines"	"Muti"	4	0	4	3050	6091	9141	9407	13707	23114
"2003.12.04"	"Afghanistan"	"Bukwakay"	1	11	12	3051	6102	9153	9408	13718	23126
"2003.12.04"	"Yemen"	"al-Baidah"	1	1	2	3052	6103	9155	9409	13719	23128
"2003.12.05"	"Iraq"	"Baghdad"	4	13	17	3056	6116	9172	9413	13732	23145
"2003.12.05"	"Russia"	"Yessentuki"	44	150	194	3100	6266	9366	9457	13882	23339
"2003.12.06"	"Algeria"	"Bouira"	1	0	1	3101	6266	9367	9458	13882	23340
"2003.12.06"	"Afghanistan"	"Kandahar"	0	18	18	3101	6284	9385	9458	13900	23358
"2003.12.08"	"Afghanistan"	"Muqur"	2	0	2	3103	6284	9387	9460	13900	23360
"2003.12.08"	"Chechnya"	"Itum Kale"	4	1	5	3107	6285	9392	9464	13901	23365
"2003.12.08"	"India"	"Anantnag"	0	10	10	3107	6295	9402	9464	13911	23375
"2003.12.09"	"Russia"	"Moscow"	6	14	20	3113	6309	9422	9470	13925	23395
"2003.12.09"	"Iraq"	"Mosul"	0	62	62	3113	6371	9484	9470	13987	23457
"2003.12.09"	"Iraq"	"Baghdad"	3	2	5	3116	6373	9489	9473	13989	23462
"2003.12.09"	"Iraq"	"Mosul"	1	2	3	3117	6375	9492	9474	13991	23465
"2003.12.10"	"Iraq"	"Mosul"	2	4	6	3119	6379	9498	9476	13995	23471
"2003.12.10"	"India"	"Poonch"	3	15	18	3122	6394	9516	9479	14010	23489
"2003.12.11"	"Iraq"	"Ramadi"	1	14	15	3123	6408	9531	9480	14024	23504
"2003.12.12"	"Pakistan"	"Quetta"	1	0	1	3124	6408	9532	9481	14024	23505
"2003.12.12"	"Israel"	"Nablus"	0	7	7	3124	6415	9539	9481	14031	23512
"2003.12.14"	"Iraq"	"Khaldiya"	17	33	50	3141	6448	9589	9498	14064	23562
"2003.12.14"	"Philippines"	"North Cotabato"	4	3	7	3145	6451	9596	9502	14067	23569
"2003.12.15"	"Iraq"	"Baghdad"	8	10	18	3153	6461	9614	9510	14077	23587
"2003.12.15"	"Iraq"	"Ameriyah"	0	7	7	3153	6468	9621	9510	14084	23594
"2003.12.15"	"Dagestan"	"Shauri & Mokok"	9	0	9	3162	6468	9630	9519	14084	23603
"2003.12.16"	"Philippines"	"Datu Piang"	4	12	16	3166	6480	9646	9523	14096	23619
"2003.12.16"	"Algeria"	"Medea"	2	0	2	3168	6480	9648	9525	14096	23621
"2003.12.17"	"India"	"Gagarsula"	1	4	5	3169	6484	9653	9526	14100	23626
"2003.12.17"	"Iraq"	"Baghdad"	2	1	3	3171	6485	9656	9528	14101	23629
"2003.12.18"	"India"	"Rajouri"	2	3	5	3173	6488	9661	9530	14104	23634
"2003.12.19"	"Iraq"	"Baghdad"	1	5	6	3174	6493	9667	9531	14109	23640
"2003.12.20"	"Afghanistan"	"Khaima"	5	2	7	3179	6495	9674	9536	14111	23647
"2003.12.21"	"India"	"Kulgam"	0	14	14	3179	6509	9688	9536	14125	23661
"2003.12.22"	"Iraq"	"Baghdad"	3	2	5	3182	6511	9693	9539	14127	23666
"2003.12.22"	"Israel"	"Kfar Darom"	2	2	4	3184	6513	9697	9541	14129	23670
"2003.12.22"	"Iraq"	"Mosul"	1	0	1	3185	6513	9698	9542	14129	23671
"2003.12.23"	"India"	"Bandipore"	0	10	10	3185	6523	9708	9542	14139	23681
"2003.12.24"	"Iraq"	"Baghdad"	1	2	3	3186	6525	9711	9543	14141	23684
"2003.12.24"	"Iraq"	"Irbil"	3	12	15	3189	6537	9726	9546	14153	23699
"2003.12.24"	"Sudan"	"Darfur"	24	25	49	3213	6562	9775	9570	14178	23748
"2003.12.25"	"Pakistan"	"Rawalpindi"	17	46	63	3230	6608	9838	9587	14224	23811
"2003.12.25"	"Israel"	"Tel Aviv"	4	18	22	3234	6626	9860	9591	14242	23833
"2003.12.26"	"India"	"Singhpora"	1	11	12	3235	6637	9872	9592	14253	23845
"2003.12.27"	"Iraq"	"Karbala"	12	37	49	3247	6674	9921	9604	14290	23894
"2003.12.27"	"India"	"Tral"	1	8	9	3248	6682	9930	9605	14298	23903
"2003.12.28"	"India"	"Surigam"	1	0	1	3249	6682	9931	9606	14298	23904
"2003.12.28"	"Iraq"	"Baghdad"	3	5	8	3252	6687	9939	9609	14303	23912
"2003.12.28"	"Afghanistan"	"Kabul"	6	0	6	3258	6687	9945	9615	14303	23918
"2003.12.29"	"India"	"Jammu"	0	10	10	3258	6697	9955	9615	14313	23928
"2003.12.29"	"Afghanistan"	"Spin Boldak"	5	3	8	3263	6700	9963	9620	14316	23936
"2003.12.29"	"India"	"Bamkote"	1	0	1	3264	6700	9964	9621	14316	23937
"2003.12.30"	"India"	"Lawaypora"	0	34	34	3264	6734	9998	9621	14350	23971
"2003.12.30"	"Iraq"	"Baghdad"	1	3	4	3265	6737	10002	9622	14353	23975
"2003.12.31"	"Iraq"	"Baghdad"	8	35	43	3273	6772	10045	9630	14388	24018
"2004.01.01"	"India"	"Srinagar"	1	6	7	1	6	7	9631	14394	24025
"2004.01.01"	"India"	"Rainawari"	0	7	7	1	13	14	9631	14401	24032
"2004.01.01"	"Nigeria"	"Damaturu"	1	0	1	2	13	15	9632	14401	24033
"2004.01.03"	"India"	"Jammu"	4	15	19	6	28	34	9636	14416	24052
"2004.01.04"	"Thailand"	"Narathiwat"	4	0	4	10	28	38	9640	14416	24056
"2004.01.04"	"Philippines"	"Parang"	22	81	103	32	109	141	9662	14497	24159
"2004.01.05"	"Pakistan"	"Khanewal"	1	0	1	33	109	142	9663	14497	24160
"2004.01.05"	"Thailand"	"Pattani"	2	0	2	35	109	144	9665	14497	24162
"2004.01.05"	"Egypt"	"Patmos Center"	1	2	3	36	111	147	9666	14499	24165
"2004.01.06"	"Afghanistan"	"Kandahar"	15	15	30	51	126	177	9681	14514	24195
"2004.01.06"	"Iraq"	"Fallujah"	2	1	3	53	127	180	9683	14515	24198
"2004.01.07"	"Iraq"	"Baghdad"	1	30	31	54	157	211	9684	14545	24229
"2004.01.08"	"Pakistan"	"Adam"	4	0	4	58	157	215	9688	14545	24233
"2004.01.08"	"Iraq"	"Fallujah"	9	0	9	67	157	224	9697	14545	24242
"2004.01.09"	"India"	"Jammu"	0	20	20	67	177	244	9697	14565	24262
"2004.01.09"	"Iraq"	"Baqubah"	4	36	40	71	213	284	9701	14601	24302
"2004.01.10"	"India"	"Lurgam"	2	0	2	73	213	286	9703	14601	24304
"2004.01.10"	"Indonesia"	"Palopo"	4	2	6	77	215	292	9707	14603	24310
"2004.01.11"	"Afghanistan"	"Gerdi Sari"	1	0	1	78	215	293	9708	14603	24311
"2004.01.11"	"Israel"	"Talmon"	1	2	3	79	217	296	9709	14605	24314
"2004.01.11"	"Chechnya"	"Dyshne-Vedeno"	1	1	2	80	218	298	9710	14606	24316
"2004.01.12"	"Bangladesh"	"Mazar"	3	36	39	83	254	337	9713	14642	24355
"2004.01.12"	"Afghanistan"	"Kashrud"	4	0	4	87	254	341	9717	14642	24359
"2004.01.12"	"India"	"Anantnag"	1	14	15	88	268	356	9718	14656	24374
"2004.01.12"	"Chechnya"	"Shali"	4	0	4	92	268	360	9722	14656	24378
"2004.01.14"	"Iraq"	"Baqubah"	2	12	14	94	280	374	9724	14668	24392
"2004.01.14"	"Israel"	"Gaza"	4	10	14	98	290	388	9728	14678	24406
"2004.01.14"	"Algeria"	"Zaouia"	1	1	2	99	291	390	9729	14679	24408
"2004.01.15"	"Pakistan"	"Karachi"	0	12	12	99	303	402	9729	14691	24420
"2004.01.16"	"India"	"Srinagar"	0	7	7	99	310	409	9729	14698	24427
"2004.01.17"	"Iraq"	"Tikrit"	5	2	7	104	312	416	9734	14700	24434
"2004.01.18"	"Algeria"	"Leghdira"	1	2	3	105	314	419	9735	14702	24437
"2004.01.18"	"Iraq"	"Baghdad"	23	61	84	128	375	503	9758	14763	24521
"2004.01.19"	"Israel"	"Lebanese Border"	1	2	3	129	377	506	9759	14765	24524
"2004.01.19"	"Afghanistan"	"Manzalbath"	15	58	73	144	435	579	9774	14823	24597
"2004.01.21"	"Afghanistan"	"Uruzgan"	5	1	6	149	436	585	9779	14824	24603
"2004.01.21"	"Indonesia"	"Maranatha"	1	0	1	150	436	586	9780	14824	24604
"2004.01.21"	"Iraq"	"Fallujah"	4	5	9	154	441	595	9784	14829	24613
"2004.01.21"	"Iraq"	"Fallujah"	4	1	5	158	442	600	9788	14830	24618
"2004.01.22"	"Iraq"	"Baghdad"	2	1	3	160	443	603	9790	14831	24621
"2004.01.22"	"Thailand"	"Narathiwat"	1	0	1	161	443	604	9791	14831	24622
"2004.01.23"	"Thailand"	"Narathiwat"	1	0	1	162	443	605	9792	14831	24623
"2004.01.23"	"India"	"Kashmir"	4	0	4	166	443	609	9796	14831	24627
"2004.01.24"	"Iraq"	"Samarrah"	4	36	40	170	479	649	9800	14867	24667
"2004.01.24"	"Thailand"	"Yala"	2	1	3	172	480	652	9802	14868	24670
"2004.01.24"	"Iran"	"Khatoun Abad"	2	2	4	174	482	656	9804	14870	24674
"2004.01.25"	"Iraq"	"Ramadi"	4	0	4	178	482	660	9808	14870	24678
"2004.01.26"	"Iraq"	"Al-Amiriyah"	2	3	5	180	485	665	9810	14873	24683
"2004.01.26"	"Chechnya"	"Sharoi"	4	4	8	184	489	673	9814	14877	24691
"2004.01.26"	"Iraq"	"Baghdad"	2	2	4	186	491	677	9816	14879	24695
"2004.01.27"	"Iraq"	"Samarrah"	3	4	7	189	495	684	9819	14883	24702
"2004.01.27"	"Afghanistan"	"Kabul"	2	11	13	191	506	697	9821	14894	24715
"2004.01.27"	"Iraq"	"Baghdad"	5	4	9	196	510	706	9826	14898	24724
"2004.01.27"	"Algeria"	"Tizi Ouzou"	3	0	3	199	510	709	9829	14898	24727
"2004.01.27"	"Iraq"	"Baghdad"	2	1	3	201	511	712	9831	14899	24730
"2004.01.28"	"Iraq"	"Baghdad"	4	17	21	205	528	733	9835	14916	24751
"2004.01.28"	"Afghanistan"	"Kabul"	1	4	5	206	532	738	9836	14920	24756
"2004.01.29"	"Israel"	"Jerusalem"	11	50	61	217	582	799	9847	14970	24817
"2004.01.29"	"India"	"Handwara"	4	0	4	221	582	803	9851	14970	24821
"2004.01.29"	"Dagestan"	"Makhachkala"	2	2	4	223	584	807	9853	14972	24825
"2004.01.30"	"Saudi Arabia"	"Riyadh"	7	1	8	230	585	815	9860	14973	24833
"2004.01.31"	"Iraq"	"Mosul"	9	45	54	239	630	869	9869	15018	24887
"2004.01.31"	"Sudan"	"Surra"	250	30	280	489	660	1149	10119	15048	25167
"2004.02.01"	"Iraq"	"Arbil"	117	133	250	606	793	1399	10236	15181	25417
"2004.02.01"	"Chechnya"	"Alleroi"	5	0	5	611	793	1404	10241	15181	25422
"2004.02.01"	"Afghanistan"	"Deh Rawood"	8	5	13	619	798	1417	10249	15186	25435
"2004.02.02"	"India"	"Srinagar"	1	1	2	620	799	1419	10250	15187	25437
"2004.02.03"	"Russia"	"Vladikavkaz"	2	10	12	622	809	1431	10252	15197	25449
"2004.02.03"	"India"	"Chewdara"	3	0	3	625	809	1434	10255	15197	25452
"2004.02.04"	"Thailand"	"Yarang"	1	0	1	626	809	1435	10256	15197	25453
"2004.02.05"	"Chechnya"	"Grozny"	7	11	18	633	820	1453	10263	15208	25471
"2004.02.05"	"India"	"Salar"	4	7	11	637	827	1464	10267	15215	25482
"2004.02.05"	"Algeria"	"Tizi Ouzou"	5	0	5	642	827	1469	10272	15215	25487
"2004.02.06"	"Russia"	"Moscow"	40	134	174	682	961	1643	10312	15349	25661
"2004.02.07"	"Egypt"	"Cairo"	0	3	3	682	964	1646	10312	15352	25664
"2004.02.08"	"Iraq"	"Sawaryah"	3	11	14	685	975	1660	10315	15363	25678
"2004.02.08"	"Algeria"	"Miliana"	2	0	2	687	975	1662	10317	15363	25680
"2004.02.08"	"Philippines"	"Mangosatubig"	2	1	3	689	976	1665	10319	15364	25683
"2004.02.09"	"Iraq"	"Mosul"	2	0	2	691	976	1667	10321	15364	25685
"2004.02.10"	"Chechnya"	"Oktyabrsky"	3	0	3	694	976	1670	10324	15364	25688
"2004.02.10"	"Chechnya"	"Grozny"	6	0	6	700	976	1676	10330	15364	25694
"2004.02.10"	"Algeria"	"Jijel"	4	3	7	704	979	1683	10334	15367	25701
"2004.02.10"	"Iraq"	"Iskandariya"	53	150	203	757	1129	1886	10387	15517	25904
"2004.02.10"	"Iraq"	"Baghdad"	4	0	4	761	1129	1890	10391	15517	25908
"2004.02.10"	"Thailand"	"Narathiwat"	1	0	1	762	1129	1891	10392	15517	25909
"2004.02.11"	"Iraq"	"Baghdad"	47	75	122	809	1204	2013	10439	15592	26031
"2004.02.11"	"Afghanistan"	"Khost"	1	0	1	810	1204	2014	10440	15592	26032
"2004.02.12"	"Algeria"	"Toudja"	7	3	10	817	1207	2024	10447	15595	26042
"2004.02.13"	"Afghanistan"	"Bala Buluk"	4	0	4	821	1207	2028	10451	15595	26046
"2004.02.13"	"Dagestan"	"Bamnatbekyurt"	3	4	7	824	1211	2035	10454	15599	26053
"2004.02.13"	"Afghanistan"	"All Shaire"	2	6	8	826	1217	2043	10456	15605	26061
"2004.02.14"	"Iraq"	"Fallujah"	21	33	54	847	1250	2097	10477	15638	26115
"2004.02.14"	"Thailand"	"Narathiwat"	2	0	2	849	1250	2099	10479	15638	26117
"2004.02.15"	"Iraq"	"Baghdad"	1	4	5	850	1254	2104	10480	15642	26122
"2004.02.16"	"India"	"Budgam"	2	0	2	852	1254	2106	10482	15642	26124
"2004.02.16"	"India"	"Hyderpora Chowk"	3	0	3	855	1254	2109	10485	15642	26127
"2004.02.17"	"Sudan"	"Anka"	15	8	23	870	1262	2132	10500	15650	26150
"2004.02.17"	"India"	"Dada"	2	0	2	872	1262	2134	10502	15650	26152
"2004.02.18"	"Kosovo"	"Staro"	2	0	2	874	1262	2136	10504	15650	26154
"2004.02.18"	"Iraq"	"Hilla"	8	106	114	882	1368	2250	10512	15756	26268
"2004.02.18"	"Thailand"	"Deage"	1	0	1	883	1368	2251	10513	15756	26269
"2004.02.19"	"Philippines"	"Jolo"	1	1	2	884	1369	2253	10514	15757	26271
"2004.02.19"	"Nigeria"	"Jos"	4	0	4	888	1369	2257	10518	15757	26275
"2004.02.20"	"Iraq"	"Baghdad"	2	1	3	890	1370	2260	10520	15758	26278
"2004.02.22"	"Israel"	"Jerusalem"	8	61	69	898	1431	2329	10528	15819	26347
"2004.02.22"	"Afghanistan"	"Thalogan"	1	1	2	899	1432	2331	10529	15820	26349
"2004.02.23"	"Iraq"	"Kirkuk"	8	35	43	907	1467	2374	10537	15855	26392
"2004.02.23"	"India"	"Dadsara"	1	4	5	908	1471	2379	10538	15859	26397
"2004.02.23"	"India"	"Gagarsula"	2	3	5	910	1474	2384	10540	15862	26402
"2004.02.23"	"Chechnya"	"Grozny"	1	0	1	911	1474	2385	10541	15862	26403
"2004.02.24"	"Iraq"	"Mosul"	3	0	3	914	1474	2388	10544	15862	26406
"2004.02.25"	"Nigeria"	"Yelwa"	49	0	49	963	1474	2437	10593	15862	26455
"2004.02.26"	"Chechnya"	"Assinovskaya"	14	0	14	977	1474	2451	10607	15862	26469
"2004.02.26"	"Afghanistan"	"Sarobi"	5	3	8	982	1477	2459	10612	15865	26477
"2004.02.27"	"Philippines"	"Mariveles"	186	12	198	1168	1489	2657	10798	15877	26675
"2004.02.27"	"Algeria"	"Boukerdane"	2	0	2	1170	1489	2659	10800	15877	26677
"2004.02.27"	"Israel"	"Lahav"	2	0	2	1172	1489	2661	10802	15877	26679
"2004.02.27"	"India"	"Beerwah"	1	3	4	1173	1492	2665	10803	15880	26683
"2004.02.27"	"Bangladesh"	"Dhaka"	0	1	1	1173	1493	2666	10803	15881	26684
"2004.02.28"	"India"	"Bijbehara"	0	13	13	1173	1506	2679	10803	15894	26697
"2004.02.28"	"Pakistan"	"Islamabad"	0	4	4	1173	1510	2683	10803	15898	26701
"2004.02.29"	"India"	"Srinagar"	0	8	8	1173	1518	2691	10803	15906	26709
"2004.03.01"	"India"	"Pulwama"	3	0	3	1176	1518	2694	10806	15906	26712
"2004.03.01"	"Thailand"	"Mayoh"	1	0	1	1177	1518	2695	10807	15906	26713
"2004.03.01"	"Eritrea"	"Teseney"	3	12	15	1180	1530	2710	10810	15918	26728
"2004.03.02"	"Pakistan"	"Quetta"	42	160	202	1222	1690	2912	10852	16078	26930
"2004.03.02"	"Iraq"	"Baghdad"	58	233	291	1280	1923	3203	10910	16311	27221
"2004.03.02"	"Iraq"	"Karbala"	123	340	463	1403	2263	3666	11033	16651	27684
"2004.03.03"	"India"	"Jammu"	7	12	19	1410	2275	3685	11040	16663	27703
"2004.03.04"	"Iraq"	"Baghdad"	3	5	8	1413	2280	3693	11043	16668	27711
"2004.03.04"	"Afghanistan"	"Pakistani Border"	7	0	7	1420	2280	3700	11050	16668	27718
"2004.03.05"	"Afghanistan"	"Shay Joy"	2	2	4	1422	2282	3704	11052	16670	27722
"2004.03.06"	"Israel"	"Erez"	3	9	12	1425	2291	3716	11055	16679	27734
"2004.03.06"	"Yemen"	"Zammar"	5	30	35	1430	2321	3751	11060	16709	27769
"2004.03.06"	"Afghanistan"	"Nokhaiz"	1	0	1	1431	2321	3752	11061	16709	27770
"2004.03.06"	"Sudan"	"al-Kureinik"	15	0	15	1446	2321	3767	11076	16709	27785
"2004.03.06"	"Sudan"	"Tawila"	75	350	425	1521	2671	4192	11151	17059	28210
"2004.03.07"	"Algeria"	"Kabylie"	2	4	6	1523	2675	4198	11153	17063	28216
"2004.03.07"	"Iraq"	"Mosul"	2	2	4	1525	2677	4202	11155	17065	28220
"2004.03.07"	"Dagestan"	"Makhachkala"	1	1	2	1526	2678	4204	11156	17066	28222
"2004.03.08"	"Chechnya"	"Grozny"	9	5	14	1535	2683	4218	11165	17071	28236
"2004.03.08"	"Sudan"	"Aish Barra"	12	0	12	1547	2683	4230	11177	17071	28248
"2004.03.09"	"Iraq"	"Hilla"	3	0	3	1550	2683	4233	11180	17071	28251
"2004.03.09"	"Turkey"	"Istanbul"	2	7	9	1552	2690	4242	11182	17078	28260
"2004.03.09"	"India"	"Budgam"	3	35	38	1555	2725	4280	11185	17113	28298
"2004.03.10"	"Iraq"	"Basra"	2	0	2	1557	2725	4282	11187	17113	28300
"2004.03.10"	"Algeria"	"El Harrach"	1	0	1	1558	2725	4283	11188	17113	28301
"2004.03.11"	"Spain"	"Madrid"	201	1841	2042	1759	4566	6325	11389	18954	30343
"2004.03.11"	"Iraq"	"Baghdad"	2	1	3	1761	4567	6328	11391	18955	30346
"2004.03.11"	"Indonesia"	"Maranatha"	1	5	6	1762	4572	6334	11392	18960	30352
"2004.03.11"	"Afghanistan"	"Khost"	2	3	5	1764	4575	6339	11394	18963	30357
"2004.03.12"	"Algeria"	"Tebessa"	4	0	4	1768	4575	6343	11398	18963	30361
"2004.03.12"	"India"	"Pulwama"	13	12	25	1781	4587	6368	11411	18975	30386
"2004.03.14"	"Israel"	"Ashdod"	10	19	29	1791	4606	6397	11421	18994	30415
"2004.03.14"	"Scotland"	"Glasgow"	1	0	1	1792	4606	6398	11422	18994	30416
"2004.03.15"	"Iraq"	"Mosul"	4	1	5	1796	4607	6403	11426	18995	30421
"2004.03.15"	"Chechnya"	"Grozny"	9	22	31	1805	4629	6434	11435	19017	30452
"2004.03.15"	"Kosovo"	"Pristina"	1	0	1	1806	4629	6435	11436	19017	30453
"2004.03.16"	"Iraq"	"Mussayib"	2	0	2	1808	4629	6437	11438	19017	30455
"2004.03.16"	"Iraq"	"Mosul"	1	2	3	1809	4631	6440	11439	19019	30458
"2004.03.16"	"Iraq"	"Baghdad"	2	11	13	1811	4642	6453	11441	19030	30471
"2004.03.16"	"Russia"	"Arkhangelsk"	58	12	70	1869	4654	6523	11499	19042	30541
"2004.03.17"	"Algeria"	"Berrouaghia"	8	2	10	1877	4656	6533	11507	19044	30551
"2004.03.17"	"Iraq"	"Baghdad"	3	9	12	1880	4665	6545	11510	19053	30563
"2004.03.17"	"Iraq"	"Baghdad"	7	51	58	1887	4716	6603	11517	19104	30621
"2004.03.18"	"Iraq"	"Baqubah"	3	10	13	1890	4726	6616	11520	19114	30634
"2004.03.18"	"Iraq"	"Basra"	3	1	4	1893	4727	6620	11523	19115	30638
"2004.03.18"	"Iraq"	"Baghdad"	4	1	5	1897	4728	6625	11527	19116	30643
"2004.03.19"	"Israel"	"Jerusalem"	1	0	1	1898	4728	6626	11528	19116	30644
"2004.03.19"	"Somalia"	"Hergeysa"	2	0	2	1900	4728	6628	11530	19116	30646
"2004.03.19"	"Pakistan"	"Karachi"	1	6	7	1901	4734	6635	11531	19122	30653
"2004.03.19"	"Chechnya"	"Achkoy-Martan"	2	3	5	1903	4737	6640	11533	19125	30658
"2004.03.20"	"India"	"Manasbal"	2	40	42	1905	4777	6682	11535	19165	30700
"2004.03.21"	"Iraq"	"Baghdad"	4	12	16	1909	4789	6698	11539	19177	30716
"2004.03.21"	"Thailand"	"Pattani"	3	0	3	1912	4789	6701	11542	19177	30719
"2004.03.21"	"India"	"Tanka"	3	4	7	1915	4793	6708	11545	19181	30726
"2004.03.22"	"Iraq"	"Baghdad"	2	0	2	1917	4793	6710	11547	19181	30728
"2004.03.22"	"Iraq"	"Balad"	2	25	27	1919	4818	6737	11549	19206	30755
"2004.03.22"	"Iraq"	"Baghdad"	2	0	2	1921	4818	6739	11551	19206	30757
"2004.03.22"	"Pakistan"	"Islamabad"	11	12	23	1932	4830	6762	11562	19218	30780
"2004.03.23"	"Pakistan"	"Bannu"	4	4	8	1936	4834	6770	11566	19222	30788
"2004.03.23"	"Iraq"	"Hilla"	9	2	11	1945	4836	6781	11575	19224	30799
"2004.03.23"	"Iraq"	"Kirkuk"	2	2	4	1947	4838	6785	11577	19226	30803
"2004.03.23"	"Iraq"	"Mosul"	2	6	8	1949	4844	6793	11579	19232	30811
"2004.03.23"	"Chechnya"	"Grozny"	10	13	23	1959	4857	6816	11589	19245	30834
"2004.03.23"	"Kosovo"	"Kuzmin"	2	1	3	1961	4858	6819	11591	19246	30837
"2004.03.23"	"Thailand"	"Yala"	1	0	1	1962	4858	6820	11592	19246	30838
"2004.03.24"	"Iraq"	"Baghdad"	3	6	9	1965	4864	6829	11595	19252	30847
"2004.03.24"	"India"	"Rajouri"	1	1	2	1966	4865	6831	11596	19253	30849
"2004.03.25"	"Iraq"	"Mosul"	1	0	1	1967	4865	6832	11597	19253	30850
"2004.03.26"	"Pakistan"	"Zam Cham"	2	12	14	1969	4877	6846	11599	19265	30864
"2004.03.26"	"Iraq"	"Fallujah"	8	25	33	1977	4902	6879	11607	19290	30897
"2004.03.26"	"Pakistan"	"South Waziristan"	8	0	8	1985	4902	6887	11615	19290	30905
"2004.03.27"	"Afghanistan"	"Khost"	0	6	6	1985	4908	6893	11615	19296	30911
"2004.03.27"	"Iraq"	"Mosul"	2	19	21	1987	4927	6914	11617	19315	30932
"2004.03.27"	"Iraq"	"Mosul"	2	0	2	1989	4927	6916	11619	19315	30934
"2004.03.27"	"Thailand"	"Sungai Kolok"	0	28	28	1989	4955	6944	11619	19343	30962
"2004.03.27"	"Indonesia"	"Poso"	1	0	1	1990	4955	6945	11620	19343	30963
"2004.03.28"	"Afghanistan"	"Deh Rawood"	2	13	15	1992	4968	6960	11622	19356	30978
"2004.03.29"	"Uzbekistan"	"Tashkent"	19	49	68	2011	5017	7028	11641	19405	31046
"2004.03.30"	"Uzbekistan"	"Tashkent"	4	0	4	2015	5017	7032	11645	19405	31050
"2004.03.30"	"Indonesia"	"Tomura"	1	1	2	2016	5018	7034	11646	19406	31052
"2004.03.31"	"Sudan"	"Deleig"	120	0	120	2136	5018	7154	11766	19406	31172
"2004.03.31"	"Iraq"	"Baqubah"	0	10	10	2136	5028	7164	11766	19416	31182
"2004.03.31"	"Iraq"	"Fallujah"	4	0	4	2140	5028	7168	11770	19416	31186
"2004.03.31"	"Iraq"	"Ramadi"	6	5	11	2146	5033	7179	11776	19421	31197
"2004.04.01"	"Chechnya"	"Gudermes"	2	6	8	2148	5039	7187	11778	19427	31205
"2004.04.02"	"Pakistan"	"Lahore"	1	0	1	2149	5039	7188	11779	19427	31206
"2004.04.02"	"Uzbekistan"	"Bukhara"	1	0	1	2150	5039	7189	11780	19427	31207
"2004.04.02"	"Iraq"	"Baqubah"	3	3	6	2153	5042	7195	11783	19430	31213
"2004.04.03"	"India"	"Kashmir"	8	7	15	2161	5049	7210	11791	19437	31228
"2004.04.03"	"Israel"	"Avnei Hefetz"	1	0	1	2162	5049	7211	11792	19437	31229
"2004.04.03"	"Spain"	"Madrid"	1	11	12	2163	5060	7223	11793	19448	31241
"2004.04.04"	"Iraq"	"Mahmudiyah"	2	0	2	2165	5060	7225	11795	19448	31243
"2004.04.04"	"Iraq"	"Baghdad"	9	24	33	2174	5084	7258	11804	19472	31276
"2004.04.04"	"Pakistan"	"Karachi"	5	1	6	2179	5085	7264	11809	19473	31282
"2004.04.05"	"India"	"Srinagar"	0	60	60	2179	5145	7324	11809	19533	31342
"2004.04.05"	"Somalia"	"Berbera"	1	1	2	2180	5146	7326	11810	19534	31344
"2004.04.06"	"Pakistan"	"Karachi"	3	0	3	2183	5146	7329	11813	19534	31347
"2004.04.06"	"Iraq"	"Kut"	1	0	1	2184	5146	7330	11814	19534	31348
"2004.04.07"	"India"	"Choornar Forest"	4	16	20	2188	5162	7350	11818	19550	31368
"2004.04.07"	"India"	"Parigam"	1	0	1	2189	5162	7351	11819	19550	31369
"2004.04.08"	"India"	"Uri"	11	68	79	2200	5230	7430	11830	19618	31448
"2004.04.08"	"Iraq"	"Fallujah"	1	5	6	2201	5235	7436	11831	19623	31454
"2004.04.08"	"Afghanistan"	"Tirin Kot"	1	2	3	2202	5237	7439	11832	19625	31457
"2004.04.09"	"Iraq"	"Baghdad"	3	0	3	2205	5237	7442	11835	19625	31460
"2004.04.10"	"Iraq"	"Hit"	4	12	16	2209	5249	7458	11839	19637	31476
"2004.04.10"	"Thailand"	"Had Yai"	1	35	36	2210	5284	7494	11840	19672	31512
"2004.04.10"	"Indonesia"	"Poso"	0	7	7	2210	5291	7501	11840	19679	31519
"2004.04.10"	"Pakistan"	"Karachi"	1	6	7	2211	5297	7508	11841	19685	31526
"2004.04.11"	"Nigeria"	"Rwang Doka and Jenkur"	3	0	3	2214	5297	7511	11844	19685	31529
"2004.04.11"	"Indonesia"	"Sulawesi"	0	7	7	2214	5304	7518	11844	19692	31536
"2004.04.11"	"Pakistan"	"Karachi"	1	9	10	2215	5313	7528	11845	19701	31546
"2004.04.11"	"Iraq"	"Baghdad"	2	0	2	2217	5313	7530	11847	19701	31548
"2004.04.11"	"Philippines"	"Sabah"	3	0	3	2220	5313	7533	11850	19701	31551
"2004.04.12"	"Chechnya"	"Ishkhoi-Yurt"	7	0	7	2227	5313	7540	11857	19701	31558
"2004.04.13"	"USA"	"Raleigh"	1	4	5	2228	5317	7545	11858	19705	31563
"2004.04.13"	"Saudi Arabia"	"Um Sedrah"	4	2	6	2232	5319	7551	11862	19707	31569
"2004.04.14"	"Iraq"	"Mosul"	4	6	10	2236	5325	7561	11866	19713	31579
"2004.04.14"	"India"	"Banihal"	2	22	24	2238	5347	7585	11868	19735	31603
"2004.04.14"	"Afghanistan"	"Khost"	2	2	4	2240	5349	7589	11870	19737	31607
"2004.04.15"	"Afghanistan"	"Chinarto"	10	0	10	2250	5349	7599	11880	19737	31617
"2004.04.15"	"Iraq"	"Baghdad"	2	0	2	2252	5349	7601	11882	19737	31619
"2004.04.15"	"USA"	"Scottsville"	1	2	3	2253	5351	7604	11883	19739	31622
"2004.04.15"	"Sudan"	"Darfur"	32	0	32	2285	5351	7636	11915	19739	31654
"2004.04.16"	"Afghanistan"	"Del Aram Road"	8	0	8	2293	5351	7644	11923	19739	31662
"2004.04.16"	"Iraq"	"Mosul"	8	17	25	2301	5368	7669	11931	19756	31687
"2004.04.17"	"Algeria"	"Baghlia"	2	7	9	2303	5375	7678	11933	19763	31696
"2004.04.17"	"Kosovo"	"Mitrovica"	2	10	12	2305	5385	7690	11935	19773	31708
"2004.04.17"	"Israel"	"Erez"	1	3	4	2306	5388	7694	11936	19776	31712
"2004.04.18"	"Thailand"	"Sungai Padi"	1	0	1	2307	5388	7695	11937	19776	31713
"2004.04.19"	"Afghanistan"	"Spin Boldak"	1	1	2	2308	5389	7697	11938	19777	31715
"2004.04.19"	"Algeria"	"Tipaza"	3	0	3	2311	5389	7700	11941	19777	31718
"2004.04.19"	"Chechnya"	"Grozny"	3	0	3	2314	5389	7703	11944	19777	31721
"2004.04.20"	"Iraq"	"Baghdad"	22	90	112	2336	5479	7815	11966	19867	31833
"2004.04.20"	"India"	"Srinagar"	16	24	40	2352	5503	7855	11982	19891	31873
"2004.04.21"	"Iraq"	"Basra"	68	100	168	2420	5603	8023	12050	19991	32041
"2004.04.21"	"Saudi Arabia"	"Riyadh"	6	148	154	2426	5751	8177	12056	20139	32195
"2004.04.21"	"India"	"Udhampur"	2	2	4	2428	5753	8181	12058	20141	32199
"2004.04.22"	"India"	"Srinagar"	2	6	8	2430	5759	8189	12060	20147	32207
"2004.04.22"	"Iraq"	"Baghdad"	1	0	1	2431	5759	8190	12061	20147	32208
"2004.04.22"	"Afghanistan"	"Sperah"	1	0	1	2432	5759	8191	12062	20147	32209
"2004.04.22"	"Thailand"	"Rayang"	3	0	3	2435	5759	8194	12065	20147	32212
"2004.04.23"	"India"	"Surankote"	1	2	3	2436	5761	8197	12066	20149	32215
"2004.04.23"	"India"	"Srinagar"	0	23	23	2436	5784	8220	12066	20172	32238
"2004.04.24"	"Iraq"	"Basra"	2	4	6	2438	5788	8226	12068	20176	32244
"2004.04.24"	"Iraq"	"Baghdad"	12	25	37	2450	5813	8263	12080	20201	32281
"2004.04.24"	"Iraq"	"Tikrit"	4	16	20	2454	5829	8283	12084	20217	32301
"2004.04.24"	"Iraq"	"Baghdad"	5	6	11	2459	5835	8294	12089	20223	32312
"2004.04.24"	"Iraq"	"Iskandariya"	14	11	25	2473	5846	8319	12103	20234	32337
"2004.04.24"	"India"	"Bazipora"	2	0	2	2475	5846	8321	12105	20234	32339
"2004.04.24"	"Thailand"	"Pattani"	2	1	3	2477	5847	8324	12107	20235	32342
"2004.04.25"	"Israel"	"Migdal Oz"	1	2	3	2478	5849	8327	12108	20237	32345
"2004.04.25"	"India"	"Kulgam"	3	46	49	2481	5895	8376	12111	20283	32394
"2004.04.25"	"Iraq"	"Mosul"	2	10	12	2483	5905	8388	12113	20293	32406
"2004.04.25"	"Indonesia"	"Ambon"	38	24	62	2521	5929	8450	12151	20317	32468
"2004.04.26"	"Afghanistan"	"Panjwayi"	3	2	5	2524	5931	8455	12154	20319	32473
"2004.04.27"	"Syria"	"Damascus"	2	0	2	2526	5931	8457	12156	20319	32475
"2004.04.28"	"Thailand"	"Yala"	5	15	20	2531	5946	8477	12161	20334	32495
"2004.04.28"	"India"	"Srinagar"	2	55	57	2533	6001	8534	12163	20389	32552
"2004.04.28"	"Iraq"	"Mosul"	9	0	9	2542	6001	8543	12172	20389	32561
"2004.04.28"	"Iraq"	"Kut"	2	1	3	2544	6002	8546	12174	20390	32564
"2004.04.28"	"Turkey"	"Istanbul"	1	0	1	2545	6002	8547	12175	20390	32565
"2004.04.29"	"Afghanistan"	"Thaloqan"	6	0	6	2551	6002	8553	12181	20390	32571
"2004.04.29"	"Iraq"	"Basra"	1	0	1	2552	6002	8554	12182	20390	32572
"2004.04.29"	"Iraq"	"Mahmudiyah"	8	4	12	2560	6006	8566	12190	20394	32584
"2004.04.30"	"Iraq"	"Mosul"	2	5	7	2562	6011	8573	12192	20399	32591
"2004.04.30"	"Algeria"	"Relizane"	2	0	2	2564	6011	8575	12194	20399	32593
"2004.04.30"	"Iraq"	"Fallujah"	2	6	8	2566	6017	8583	12196	20405	32601
"2004.05.01"	"Algeria"	"Sabounet"	3	1	4	2569	6018	8587	12199	20406	32605
"2004.05.01"	"Saudi Arabia"	"Yanbu"	7	25	32	2576	6043	8619	12206	20431	32637
"2004.05.01"	"Sudan"	"Akobo"	204	70	274	2780	6113	8893	12410	20501	32911
"2004.05.02"	"Iraq"	"Ramadi"	6	0	6	2786	6113	8899	12416	20501	32917
"2004.05.02"	"Algeria"	"Chrea Forest"	2	4	6	2788	6117	8905	12418	20505	32923
"2004.05.02"	"Algeria"	"Medea"	3	1	4	2791	6118	8909	12421	20506	32927
"2004.05.02"	"Algeria"	"Algiers"	2	0	2	2793	6118	8911	12423	20506	32929
"2004.05.02"	"Israel"	"Gush Katif"	5	3	8	2798	6121	8919	12428	20509	32937
"2004.05.02"	"Chechnya"	"Oktyabrskiy"	1	2	3	2799	6123	8922	12429	20511	32940
"2004.05.03"	"Pakistan"	"Gawadar"	3	11	14	2802	6134	8936	12432	20522	32954
"2004.05.03"	"Afghanistan"	"Zabul"	10	0	10	2812	6134	8946	12442	20522	32964
"2004.05.04"	"Afghanistan"	"Nuristan"	3	0	3	2815	6134	8949	12445	20522	32967
"2004.05.04"	"Indonesia"	"Pekanbaru"	2	4	6	2817	6138	8955	12447	20526	32973
"2004.05.05"	"Egypt"	"Taha al-Aamida"	3	0	3	2820	6138	8958	12450	20526	32976
"2004.05.05"	"Indonesia"	"Maluku"	2	3	5	2822	6141	8963	12452	20529	32981
"2004.05.05"	"India"	"Anantnag Lok Sabha"	1	2	3	2823	6143	8966	12453	20531	32984
"2004.05.06"	"Iraq"	"Kirkuk"	2	1	3	2825	6144	8969	12455	20532	32987
"2004.05.06"	"Iraq"	"Baghdad"	6	25	31	2831	6169	9000	12461	20557	33018
"2004.05.06"	"Chechnya"	"Oktyabrsky"	3	1	4	2834	6170	9004	12464	20558	33022
"2004.05.07"	"Thailand"	"Pattani"	2	0	2	2836	6170	9006	12466	20558	33024
"2004.05.07"	"Pakistan"	"Karachi"	13	80	93	2849	6250	9099	12479	20638	33117
"2004.05.07"	"Iraq"	"Latifiya"	2	1	3	2851	6251	9102	12481	20639	33120
"2004.05.07"	"Iraq"	"Mosul"	4	1	5	2855	6252	9107	12485	20640	33125
"2004.05.07"	"Pakistan"	"Toba Tek Singh"	1	0	1	2856	6252	9108	12486	20640	33126
"2004.05.09"	"Iraq"	"Baghdad"	7	13	20	2863	6265	9128	12493	20653	33146
"2004.05.09"	"Chechnya"	"Grozny"	24	60	84	2887	6325	9212	12517	20713	33230
"2004.05.09"	"India"	"Doda"	1	15	16	2888	6340	9228	12518	20728	33246
"2004.05.09"	"Afghanistan"	"Kabul"	2	0	2	2890	6340	9230	12520	20728	33248
"2004.05.09"	"Philippines"	"Zamboanga"	6	0	6	2896	6340	9236	12526	20728	33254
"2004.05.10"	"Iraq"	"Mosul"	1	4	5	2897	6344	9241	12527	20732	33259
"2004.05.10"	"Iraq"	"Kirkuk"	3	0	3	2900	6344	9244	12530	20732	33262
"2004.05.11"	"Nigeria"	"Kano"	11	0	11	2911	6344	9255	12541	20732	33273
"2004.05.11"	"Israel"	"Gaza"	6	0	6	2917	6344	9261	12547	20732	33279
"2004.05.11"	"Iraq"	"Baghdad"	2	3	5	2919	6347	9266	12549	20735	33284
"2004.05.12"	"Israel"	"Rafah"	5	0	5	2924	6347	9271	12554	20735	33289
"2004.05.12"	"Iraq"	"Balad"	1	4	5	2925	6351	9276	12555	20739	33294
"2004.05.12"	"Nigeria"	"Kano"	30	44	74	2955	6395	9350	12585	20783	33368
"2004.05.12"	"Philippines"	"Jolo"	1	14	15	2956	6409	9365	12586	20797	33383
"2004.05.14"	"Pakistan"	"Lahore"	7	0	7	2963	6409	9372	12593	20797	33390
"2004.05.14"	"Israel"	"Rafah"	2	2	4	2965	6411	9376	12595	20799	33394
"2004.05.15"	"Iraq"	"Mosul"	4	17	21	2969	6428	9397	12599	20816	33415
"2004.05.15"	"Dagestan"	"Makhachkala"	2	0	2	2971	6428	9399	12601	20816	33417
"2004.05.16"	"Iraq"	"Baghdad"	3	1	4	2974	6429	9403	12604	20817	33421
"2004.05.16"	"Iraq"	"Mahmudiyah"	1	1	2	2975	6430	9405	12605	20818	33423
"2004.05.17"	"Chechnya"	"Grozny"	12	3	15	2987	6433	9420	12617	20821	33438
"2004.05.17"	"Thailand"	"Narathiwat"	1	3	4	2988	6436	9424	12618	20824	33442
"2004.05.17"	"Iraq"	"Baghdad"	7	8	15	2995	6444	9439	12625	20832	33457
"2004.05.18"	"Nigeria"	"Gidan Sabo"	18	0	18	3013	6444	9457	12643	20832	33475
"2004.05.18"	"Algeria"	"Setif"	2	13	15	3015	6457	9472	12645	20845	33490
"2004.05.18"	"Israel"	"Rafah"	2	0	2	3017	6457	9474	12647	20845	33492
"2004.05.18"	"Pakistan"	"Karachi"	4	0	4	3021	6457	9478	12651	20845	33496
"2004.05.19"	"Nigeria"	"Sabo Gida"	10	0	10	3031	6457	9488	12661	20845	33506
"2004.05.19"	"Nigeria"	"Bakin Ciyawa"	24	0	24	3055	6457	9512	12685	20845	33530
"2004.05.19"	"Thailand"	"Narathiwat"	3	2	5	3058	6459	9517	12688	20847	33535
"2004.05.20"	"Iraq"	"Mosul"	1	4	5	3059	6463	9522	12689	20851	33540
"2004.05.20"	"India"	"Chadoura"	3	22	25	3062	6485	9547	12692	20873	33565
"2004.05.21"	"Nigeria"	"Jiram"	15	0	15	3077	6485	9562	12707	20873	33580
"2004.05.21"	"Nigeria"	"Saminaka"	7	0	7	3084	6485	9569	12714	20873	33587
"2004.05.21"	"Bangladesh"	"Sylhet"	2	50	52	3086	6535	9621	12716	20923	33639
"2004.05.21"	"Iraq"	"Baqubah"	4	1	5	3090	6536	9626	12720	20924	33644
"2004.05.22"	"Sudan"	"Abga Rajil"	56	24	80	3146	6560	9706	12776	20948	33724
"2004.05.22"	"Iraq"	"Baghdad"	6	10	16	3152	6570	9722	12782	20958	33740
"2004.05.22"	"Saudi Arabia"	"Riyadh"	1	0	1	3153	6570	9723	12783	20958	33741
"2004.05.22"	"Israel"	"Nablus"	0	4	4	3153	6574	9727	12783	20962	33745
"2004.05.22"	"Thailand"	"Narathiwat"	1	0	1	3154	6574	9728	12784	20962	33746
"2004.05.23"	"Iraq"	"Basra"	5	0	5	3159	6574	9733	12789	20962	33751
"2004.05.23"	"Iraq"	"Baqubah"	2	1	3	3161	6575	9736	12791	20963	33754
"2004.05.23"	"Afghanistan"	"Waza Khwa"	3	1	4	3164	6576	9740	12794	20964	33758
"2004.05.23"	"India"	"Srinagar"	33	4	37	3197	6580	9777	12827	20968	33795
"2004.05.23"	"Chechnya"	"Grozny"	5	6	11	3202	6586	9788	12832	20974	33806
"2004.05.24"	"Iraq"	"Baghdad"	2	1	3	3204	6587	9791	12834	20975	33809
"2004.05.25"	"Iraq"	"Baghdad"	1	4	5	3205	6591	9796	12835	20979	33814
"2004.05.25"	"Indonesia"	"Ambon"	1	13	14	3206	6604	9810	12836	20992	33828
"2004.05.26"	"Iraq"	"Baghdad"	5	6	11	3211	6610	9821	12841	20998	33839
"2004.05.26"	"Pakistan"	"Karachi"	1	22	23	3212	6632	9844	12842	21020	33862
"2004.05.26"	"Chechnya"	"Vedeno"	4	4	8	3216	6636	9852	12846	21024	33870
"2004.05.26"	"Nigeria"	"Wase"	3	6	9	3219	6642	9861	12849	21030	33879
"2004.05.27"	"India"	"Jammu"	5	2	7	3224	6644	9868	12854	21032	33886
"2004.05.27"	"Iraq"	"Najaf"	2	0	2	3226	6644	9870	12856	21032	33888
"2004.05.27"	"Uzbekistan"	"Isfara"	1	0	1	3227	6644	9871	12857	21032	33889
"2004.05.28"	"Pakistan"	"Lahore"	1	0	1	3228	6644	9872	12858	21032	33890
"2004.05.28"	"Eritrea"	"Barentu"	7	88	95	3235	6732	9967	12865	21120	33985
"2004.05.28"	"India"	"Beerwah"	3	0	3	3238	6732	9970	12868	21120	33988
"2004.05.28"	"Iraq"	"Mahmudiyah"	2	0	2	3240	6732	9972	12870	21120	33990
"2004.05.28"	"Sudan"	"Tabit"	20	17	37	3260	6749	10009	12890	21137	34027
"2004.05.28"	"Nigeria"	"Langtang"	3	0	3	3263	6749	10012	12893	21137	34030
"2004.05.29"	"Saudi Arabia"	"Khobar"	22	45	67	3285	6794	10079	12915	21182	34097
"2004.05.29"	"Thailand"	"Pattani"	1	0	1	3286	6794	10080	12916	21182	34098
"2004.05.29"	"Indonesia"	"Palu"	1	0	1	3287	6794	10081	12917	21182	34099
"2004.05.30"	"Pakistan"	"Karachi"	1	4	5	3288	6798	10086	12918	21186	34104
"2004.05.30"	"Afghanistan"	"Musa Qala"	4	8	12	3292	6806	10098	12922	21194	34116
"2004.05.31"	"Pakistan"	"Turbat"	1	12	13	3293	6818	10111	12923	21206	34129
"2004.05.31"	"Pakistan"	"Karachi"	19	35	54	3312	6853	10165	12942	21241	34183
"2004.05.31"	"Iraq"	"Baghdad"	4	25	29	3316	6878	10194	12946	21266	34212
"2004.06.01"	"Iraq"	"Baiji"	11	26	37	3327	6904	10231	12957	21292	34249
"2004.06.01"	"Iraq"	"Baghdad"	3	20	23	3330	6924	10254	12960	21312	34272
"2004.06.01"	"Algeria"	"Theniet El-Abed"	3	11	14	3333	6935	10268	12963	21323	34286
"2004.06.02"	"Afghanistan"	"Khair Khana"	5	0	5	3338	6935	10273	12968	21323	34291
"2004.06.02"	"Iraq"	"Baghdad"	5	37	42	3343	6972	10315	12973	21360	34333
"2004.06.02"	"Algeria"	"Bejaia"	11	44	55	3354	7016	10370	12984	21404	34388
"2004.06.02"	"Syria"	"Damascus"	2	0	2	3356	7016	10372	12986	21404	34390
"2004.06.03"	"India"	"Kellar Pahalgam"	2	0	2	3358	7016	10374	12988	21404	34392
"2004.06.03"	"Pakistan"	"North Waziristan"	1	2	3	3359	7018	10377	12989	21406	34395
"2004.06.04"	"Chechnya"	"Itum-Kalinskiy"	4	5	9	3363	7023	10386	12993	21411	34404
"2004.06.04"	"Russia"	"Samara"	10	39	49	3373	7062	10435	13003	21450	34453
"2004.06.04"	"Chechnya"	"Grozny"	1	1	2	3374	7063	10437	13004	21451	34455
"2004.06.05"	"Iraq"	"Baghdad"	4	1	5	3378	7064	10442	13008	21452	34460
"2004.06.05"	"Iraq"	"Musayyib"	7	0	7	3385	7064	10449	13015	21452	34467
"2004.06.05"	"Bangladesh"	"Dhaka"	9	25	34	3394	7089	10483	13024	21477	34501
"2004.06.05"	"Iraq"	"Mosul"	0	17	17	3394	7106	10500	13024	21494	34518
"2004.06.05"	"India"	"Mawar"	2	0	2	3396	7106	10502	13026	21494	34520
"2004.06.05"	"Algeria"	"Jijel"	3	0	3	3399	7106	10505	13029	21494	34523
"2004.06.06"	"Saudi Arabia"	"Riyadh"	1	1	2	3400	7107	10507	13030	21495	34525
"2004.06.06"	"Pakistan"	"Dera Ghazi Khan"	1	1	2	3401	7108	10509	13031	21496	34527
"2004.06.06"	"Kosovo"	"Gracanica"	1	0	1	3402	7108	10510	13032	21496	34528
"2004.06.06"	"Iraq"	"Baghdad"	9	48	57	3411	7156	10567	13041	21544	34585
"2004.06.07"	"Afghanistan"	"Logar"	2	0	2	3413	7156	10569	13043	21544	34587
"2004.06.07"	"Thailand"	"Pattani"	2	0	2	3415	7156	10571	13045	21544	34589
"2004.06.07"	"Iraq"	"Baghdad"	4	3	7	3419	7159	10578	13049	21547	34596
"2004.06.07"	"Iraq"	"Baghdad"	4	0	4	3423	7159	10582	13053	21547	34600
"2004.06.08"	"Saudi Arabia"	"Riyadh"	1	0	1	3424	7159	10583	13054	21547	34601
"2004.06.08"	"Iraq"	"Mosul"	10	58	68	3434	7217	10651	13064	21605	34669
"2004.06.08"	"Iraq"	"Baqubah"	6	24	30	3440	7241	10681	13070	21629	34699
"2004.06.08"	"Iraq"	"Suwayrah"	6	0	6	3446	7241	10687	13076	21629	34705
"2004.06.09"	"England"	"Brixton"	1	0	1	3447	7241	10688	13077	21629	34706
"2004.06.09"	"Chechnya"	"Grozny"	10	5	15	3457	7246	10703	13087	21634	34721
"2004.06.10"	"USA"	"Atlanta"	0	4	4	3457	7250	10707	13087	21638	34725
"2004.06.10"	"Afghanistan"	"Kunduz"	11	4	15	3468	7254	10722	13098	21642	34740
"2004.06.10"	"Pakistan"	"Karachi"	11	10	21	3479	7264	10743	13109	21652	34761
"2004.06.10"	"India"	"Udhampur"	4	0	4	3483	7264	10747	13113	21652	34765
"2004.06.10"	"Iraq"	"Baghdad"	1	0	1	3484	7264	10748	13114	21652	34766
"2004.06.11"	"Chechnya"	"Grozny"	3	1	4	3487	7265	10752	13117	21653	34770
"2004.06.11"	"Iraq"	"Fallujah"	3	0	3	3490	7265	10755	13120	21653	34773
"2004.06.12"	"Saudi Arabia"	"Riyadh"	1	1	2	3491	7266	10757	13121	21654	34775
"2004.06.12"	"India"	"Pahalgam"	5	28	33	3496	7294	10790	13126	21682	34808
"2004.06.12"	"Philippines"	"Jolo"	1	2	3	3497	7296	10793	13127	21684	34811
"2004.06.12"	"Chechnya"	"Grozny"	2	1	3	3499	7297	10796	13129	21685	34814
"2004.06.12"	"Algeria"	"Skikda"	1	3	4	3500	7300	10800	13130	21688	34818
"2004.06.13"	"India"	"Baramulla"	2	1	3	3502	7301	10803	13132	21689	34821
"2004.06.13"	"Iraq"	"Baghdad"	2	0	2	3504	7301	10805	13134	21689	34823
"2004.06.13"	"Iraq"	"Baghdad"	13	12	25	3517	7313	10830	13147	21701	34848
"2004.06.13"	"India"	"Handwara"	1	22	23	3518	7335	10853	13148	21723	34871
"2004.06.14"	"Iraq"	"Baghdad"	13	61	74	3531	7396	10927	13161	21784	34945
"2004.06.14"	"India"	"Rajouri"	2	0	2	3533	7396	10929	13163	21784	34947
"2004.06.15"	"Iraq"	"Kirkuk"	4	1	5	3537	7397	10934	13167	21785	34952
"2004.06.15"	"Thailand"	"Yala"	1	0	1	3538	7397	10935	13168	21785	34953
"2004.06.16"	"Thailand"	"Narathiwat"	3	7	10	3541	7404	10945	13171	21792	34963
"2004.06.16"	"Afghanistan"	"Kanduz"	4	1	5	3545	7405	10950	13175	21793	34968
"2004.06.17"	"Iraq"	"Balad"	6	4	10	3551	7409	10960	13181	21797	34978
"2004.06.17"	"Iraq"	"Baghdad"	35	145	180	3586	7554	11140	13216	21942	35158
"2004.06.18"	"Sudan"	"Babanousa"	3	12	15	3589	7566	11155	13219	21954	35173
"2004.06.18"	"Saudi Arabia"	"Riyadh"	1	0	1	3590	7566	11156	13220	21954	35174
"2004.06.19"	"Thailand"	"Pattani"	1	4	5	3591	7570	11161	13221	21958	35179
"2004.06.19"	"Iraq"	"Basra"	3	0	3	3594	7570	11164	13224	21958	35182
"2004.06.19"	"Thailand"	"Yala"	1	3	4	3595	7573	11168	13225	21961	35186
"2004.06.20"	"Iraq"	"Diyala"	2	0	2	3597	7573	11170	13227	21961	35188
"2004.06.21"	"Algeria"	"Algiers"	0	11	11	3597	7584	11181	13227	21972	35199
"2004.06.21"	"Israel"	"Kfar Darom"	1	0	1	3598	7584	11182	13228	21972	35200
"2004.06.21"	"Ingushetia"	"Nazran"	57	60	117	3655	7644	11299	13285	22032	35317
"2004.06.21"	"Afghanistan"	"Kandahar"	1	3	4	3656	7647	11303	13286	22035	35321
"2004.06.21"	"Iraq"	"Baghdad"	10	0	10	3666	7647	11313	13296	22035	35331
"2004.06.21"	"Sudan"	"Golo"	6	0	6	3672	7647	11319	13302	22035	35337
"2004.06.22"	"Iraq"	"Mosul"	2	0	2	3674	7647	11321	13304	22035	35339
"2004.06.22"	"Iraq"	"Baghdad"	1	0	1	3675	7647	11322	13305	22035	35340
"2004.06.22"	"Iraq"	"Baghdad"	3	6	9	3678	7653	11331	13308	22041	35349
"2004.06.22"	"Thailand"	"Narathiwat"	1	0	1	3679	7653	11332	13309	22041	35350
"2004.06.23"	"Afghanistan"	"Spin Boldak"	5	2	7	3684	7655	11339	13314	22043	35357
"2004.06.23"	"Ingushetia"	"Nazran"	35	58	93	3719	7713	11432	13349	22101	35450
"2004.06.23"	"Iraq"	"Basra"	2	0	2	3721	7713	11434	13351	22101	35452
"2004.06.23"	"Iraq"	"Baghdad"	3	2	5	3724	7715	11439	13354	22103	35457
"2004.06.24"	"Thailand"	"Cho Airong"	1	2	3	3725	7717	11442	13355	22105	35460
"2004.06.24"	"Iraq"	"Mosul"	112	320	432	3837	8037	11874	13467	22425	35892
"2004.06.24"	"Algeria"	"Medea"	5	0	5	3842	8037	11879	13472	22425	35897
"2004.06.25"	"India"	"Tiali Kathamara"	12	12	24	3854	8049	11903	13484	22437	35921
"2004.06.25"	"Chechnya"	"Grozny"	1	1	2	3855	8050	11905	13485	22438	35923
"2004.06.25"	"Afghanistan"	"Zabul"	16	0	16	3871	8050	11921	13501	22438	35939
"2004.06.26"	"Iraq"	"Hilla"	23	58	81	3894	8108	12002	13524	22496	36020
"2004.06.26"	"India"	"Zainapora"	2	0	2	3896	8108	12004	13526	22496	36022
"2004.06.26"	"Afghanistan"	"Jalalabad"	3	11	14	3899	8119	12018	13529	22507	36036
"2004.06.26"	"Iraq"	"Baqubah"	3	20	23	3902	8139	12041	13532	22527	36059
"2004.06.27"	"Iraq"	"Baghdad"	2	8	10	3904	8147	12051	13534	22535	36069
"2004.06.27"	"Iraq"	"Baqubah"	6	4	10	3910	8151	12061	13540	22539	36079
"2004.06.27"	"Algeria"	"Blida"	3	0	3	3913	8151	12064	13543	22539	36082
"2004.06.27"	"Israel"	"Gaza"	1	5	6	3914	8156	12070	13544	22544	36088
"2004.06.27"	"Thailand"	"Narathiwat"	1	6	7	3915	8162	12077	13545	22550	36095
"2004.06.27"	"Chechnya"	"Grozny"	1	3	4	3916	8165	12081	13546	22553	36099
"2004.06.28"	"Israel"	"Sderot"	2	12	14	3918	8177	12095	13548	22565	36113
"2004.06.29"	"Iraq"	"Baghdad"	1	0	1	3919	8177	12096	13549	22565	36114
"2004.06.29"	"Thailand"	"Pattani"	1	0	1	3920	8177	12097	13550	22565	36115
"2004.06.29"	"Iraq"	"Mahmudiyah"	2	0	2	3922	8177	12099	13552	22565	36117
"2004.06.29"	"Israel"	"Beit Rima"	1	0	1	3923	8177	12100	13553	22565	36118
"2004.06.30"	"Afghanistan"	"Ghazni"	1	0	1	3924	8177	12101	13554	22565	36119
"2004.06.30"	"Afghanistan"	"Jalalabad"	1	26	27	3925	8203	12128	13555	22591	36146
"2004.06.30"	"India"	"Pulwama"	1	0	1	3926	8203	12129	13556	22591	36147
"2004.07.01"	"Ingushetia"	"Malgobek"	2	1	3	3928	8204	12132	13558	22592	36150
"2004.07.01"	"Iraq"	"al-Khadra'a"	3	2	5	3931	8206	12137	13561	22594	36155
"2004.07.01"	"Iraq"	"Baghdad"	2	3	5	3933	8209	12142	13563	22597	36160
"2004.07.01"	"Thailand"	"Pattani"	1	1	2	3934	8210	12144	13564	22598	36162
"2004.07.01"	"Chechnya"	"Grozny"	2	0	2	3936	8210	12146	13566	22598	36164
"2004.07.02"	"India"	"Mughal Maidan"	5	15	20	3941	8225	12166	13571	22613	36184
"2004.07.03"	"Afghanistan"	"Jalalabad"	1	0	1	3942	8225	12167	13572	22613	36185
"2004.07.03"	"Iraq"	"Mahmudiyah"	7	5	12	3949	8230	12179	13579	22618	36197
"2004.07.03"	"India"	"Srinagar"	2	66	68	3951	8296	12247	13581	22684	36265
"2004.07.04"	"Israel"	"Yabad"	1	1	2	3952	8297	12249	13582	22685	36267
"2004.07.04"	"Iraq"	"Baqubah"	3	1	4	3955	8298	12253	13585	22686	36271
"2004.07.04"	"Pakistan"	"Mata Banda"	3	7	10	3958	8305	12263	13588	22693	36281
"2004.07.06"	"Iraq"	"Baqubah"	14	25	39	3972	8330	12302	13602	22718	36320
"2004.07.07"	"Iraq"	"Baghdad"	0	6	6	3972	8336	12308	13602	22724	36326
"2004.07.08"	"Thailand"	"Pattani"	1	0	1	3973	8336	12309	13603	22724	36327
"2004.07.08"	"Iraq"	"Ramadi"	3	0	3	3976	8336	12312	13606	22724	36330
"2004.07.08"	"Afghanistan"	"Chakaw"	6	4	10	3982	8340	12322	13612	22728	36340
"2004.07.08"	"Iraq"	"Samarrah"	7	30	37	3989	8370	12359	13619	22758	36377
"2004.07.08"	"Bangladesh"	"Harinakundu Bazaar"	1	1	2	3990	8371	12361	13620	22759	36379
"2004.07.09"	"Iraq"	"Baghdad"	1	3	4	3991	8374	12365	13621	22762	36383
"2004.07.09"	"Afghanistan"	"Nangarhar"	1	2	3	3992	8376	12368	13622	22764	36386
"2004.07.09"	"Chechnya"	"Znamenskoye"	11	10	21	4003	8386	12389	13633	22774	36407
"2004.07.09"	"Russia"	"Moscow"	1	0	1	4004	8386	12390	13634	22774	36408
"2004.07.10"	"Chechnya"	"Goity"	1	0	1	4005	8386	12391	13635	22774	36409
"2004.07.10"	"Israel"	"Gaza"	1	0	1	4006	8386	12392	13636	22774	36410
"2004.07.10"	"Iraq"	"Baqubah"	1	0	1	4007	8386	12393	13637	22774	36411
"2004.07.10"	"India"	"Mattan Adda"	0	34	34	4007	8420	12427	13637	22808	36445
"2004.07.11"	"Thailand"	"Yala"	2	1	3	4009	8421	12430	13639	22809	36448
"2004.07.11"	"Afghanistan"	"Herat"	5	33	38	4014	8454	12468	13644	22842	36486
"2004.07.11"	"Israel"	"Tel Aviv"	1	34	35	4015	8488	12503	13645	22876	36521
"2004.07.11"	"Iraq"	"Baghdad"	2	0	2	4017	8488	12505	13647	22876	36523
"2004.07.12"	"Sudan"	"Donki Dereisa"	150	90	240	4167	8578	12745	13797	22966	36763
"2004.07.12"	"Afghanistan"	"Kandahar"	4	5	9	4171	8583	12754	13801	22971	36772
"2004.07.12"	"Iraq"	"Musayyib"	1	0	1	4172	8583	12755	13802	22971	36773
"2004.07.12"	"Pakistan"	"Shakai"	2	0	2	4174	8583	12757	13804	22971	36775
"2004.07.12"	"Philippines"	"Buldon"	2	0	2	4176	8583	12759	13806	22971	36777
"2004.07.12"	"Chechnya"	"Avtury"	8	12	20	4184	8595	12779	13814	22983	36797
"2004.07.13"	"Iraq"	"Mosul"	1	0	1	4185	8595	12780	13815	22983	36798
"2004.07.13"	"Chechnya"	"Grozny"	1	3	4	4186	8598	12784	13816	22986	36802
"2004.07.13"	"India"	"Srinagar"	2	12	14	4188	8610	12798	13818	22998	36816
"2004.07.13"	"India"	"Bhaderwah"	3	1	4	4191	8611	12802	13821	22999	36820
"2004.07.13"	"Sudan"	"Tabaldiat"	80	39	119	4271	8650	12921	13901	23038	36939
"2004.07.14"	"Iraq"	"Mosul"	3	0	3	4274	8650	12924	13904	23038	36942
"2004.07.14"	"Iraq"	"Baghdad"	10	41	51	4284	8691	12975	13914	23079	36993
"2004.07.14"	"Thailand"	"Narathiwat"	1	1	2	4285	8692	12977	13915	23080	36995
"2004.07.15"	"Iraq"	"Haditha"	10	27	37	4295	8719	13014	13925	23107	37032
"2004.07.15"	"India"	"Mendhar"	2	1	3	4297	8720	13017	13927	23108	37035
"2004.07.15"	"Afghanistan"	"Kabul"	1	0	1	4298	8720	13018	13928	23108	37036
"2004.07.16"	"Pakistan"	"South Waziristan"	3	4	7	4301	8724	13025	13931	23112	37043
"2004.07.17"	"Iraq"	"Baghdad"	4	7	11	4305	8731	13036	13935	23119	37054
"2004.07.17"	"Iraq"	"Mahmudiyah"	2	22	24	4307	8753	13060	13937	23141	37078
"2004.07.18"	"Chechnya"	"Shali"	1	0	1	4308	8753	13061	13938	23141	37079
"2004.07.18"	"Indonesia"	"Palu"	1	4	5	4309	8757	13066	13939	23145	37084
"2004.07.18"	"Iraq"	"Mosul"	1	2	3	4310	8759	13069	13940	23147	37087
"2004.07.18"	"Afghanistan"	"Kabul"	1	1	2	4311	8760	13071	13941	23148	37089
"2004.07.18"	"Afghanistan"	"Kabul"	1	1	2	4312	8761	13073	13942	23149	37091
"2004.07.19"	"Israel"	"Tel Aviv"	1	0	1	4313	8761	13074	13943	23149	37092
"2004.07.19"	"Indonesia"	"Palu"	2	3	5	4315	8764	13079	13945	23152	37097
"2004.07.19"	"India"	"Kapran"	6	50	56	4321	8814	13135	13951	23202	37153
"2004.07.19"	"Iraq"	"Baghdad"	9	62	71	4330	8876	13206	13960	23264	37224
"2004.07.19"	"Iraq"	"Mosul"	1	1	2	4331	8877	13208	13961	23265	37226
"2004.07.19"	"Russia"	"Voronezh"	2	5	7	4333	8882	13215	13963	23270	37233
"2004.07.20"	"India"	"Koti"	4	0	4	4337	8882	13219	13967	23270	37237
"2004.07.20"	"Israel"	"Syrian Border"	2	0	2	4339	8882	13221	13969	23270	37239
"2004.07.20"	"India"	"Rajauri"	5	0	5	4344	8882	13226	13974	23270	37244
"2004.07.20"	"Iraq"	"Basra"	3	1	4	4347	8883	13230	13977	23271	37248
"2004.07.21"	"Iraq"	"Ramadi"	4	14	18	4351	8897	13248	13981	23285	37266
"2004.07.21"	"Afghanistan"	"Helmand"	11	0	11	4362	8897	13259	13992	23285	37277
"2004.07.21"	"Sudan"	"Kalma"	11	0	11	4373	8897	13270	14003	23285	37288
"2004.07.22"	"Iraq"	"Baghdad"	2	4	6	4375	8901	13276	14005	23289	37294
"2004.07.22"	"Iraq"	"Baghdad"	3	2	5	4378	8903	13281	14008	23291	37299
"2004.07.23"	"Israel"	"Beit Hanun"	1	3	4	4379	8906	13285	14009	23294	37303
"2004.07.23"	"Iraq"	"Baiji"	1	0	1	4380	8906	13286	14010	23294	37304
"2004.07.23"	"Chechnya"	"Grozny"	1	3	4	4381	8909	13290	14011	23297	37308
"2004.07.23"	"Afghanistan"	"Kabul"	1	0	1	4382	8909	13291	14012	23297	37309
"2004.07.24"	"Dagestan"	"Makhachkala"	1	2	3	4383	8911	13294	14013	23299	37312
"2004.07.24"	"Iraq"	"Latifiya"	2	1	3	4385	8912	13297	14015	23300	37315
"2004.07.24"	"Pakistan"	"Karachi"	1	7	8	4386	8919	13305	14016	23307	37323
"2004.07.25"	"India"	"Daraj"	3	1	4	4389	8920	13309	14019	23308	37327
"2004.07.25"	"Chechnya"	"Samashki"	3	1	4	4392	8921	13313	14022	23309	37331
"2004.07.25"	"Pakistan"	"Ghuzdarra"	2	0	2	4394	8921	13315	14024	23309	37333
"2004.07.25"	"Chechnya"	"Grozny"	1	1	2	4395	8922	13317	14025	23310	37335
"2004.07.26"	"Iraq"	"Mosul"	3	5	8	4398	8927	13325	14028	23315	37343
"2004.07.26"	"Iraq"	"Basra"	2	3	5	4400	8930	13330	14030	23318	37348
"2004.07.26"	"India"	"Baramulla"	1	29	30	4401	8959	13360	14031	23347	37378
"2004.07.27"	"Chechnya"	"Dyshni-Vedeno"	1	0	1	4402	8959	13361	14032	23347	37379
"2004.07.27"	"Iraq"	"Baghdad"	2	0	2	4404	8959	13363	14034	23347	37381
"2004.07.27"	"India"	"Dal Lake"	5	2	7	4409	8961	13370	14039	23349	37388
"2004.07.27"	"Afghanistan"	"Ghazni"	6	2	8	4415	8963	13378	14045	23351	37396
"2004.07.27"	"India"	"Satoora"	2	0	2	4417	8963	13380	14047	23351	37398
"2004.07.28"	"Iraq"	"Fallujah"	4	1	5	4421	8964	13385	14051	23352	37403
"2004.07.28"	"Iraq"	"Baqubah"	68	56	124	4489	9020	13509	14119	23408	37527
"2004.07.28"	"Chechnya"	"Grozny"	2	0	2	4491	9020	13511	14121	23408	37529
"2004.07.28"	"Afghanistan"	"Kabul"	1	0	1	4492	9020	13512	14122	23408	37530
"2004.07.29"	"India"	"Bafliaz"	2	1	3	4494	9021	13515	14124	23409	37533
"2004.07.30"	"Uzbekistan"	"Tashkent"	3	5	8	4497	9026	13523	14127	23414	37541
"2004.07.30"	"Pakistan"	"Fateh Jang"	6	25	31	4503	9051	13554	14133	23439	37572
"2004.07.31"	"Afghanistan"	"Helmand"	5	2	7	4508	9053	13561	14138	23441	37579
"2004.07.31"	"Thailand"	"Narathiwat"	1	5	6	4509	9058	13567	14139	23446	37585
"2004.07.31"	"Pakistan"	"Karachi"	2	0	2	4511	9058	13569	14141	23446	37587
"2004.08.01"	"Algeria"	"Ziama Mansouria"	3	1	4	4514	9059	13573	14144	23447	37591
"2004.08.01"	"Iraq"	"Baghdad"	11	61	72	4525	9120	13645	14155	23508	37663
"2004.08.01"	"Iraq"	"Mosul"	4	32	36	4529	9152	13681	14159	23540	37699
"2004.08.01"	"Iraq"	"Baghdad"	2	2	4	4531	9154	13685	14161	23542	37703
"2004.08.01"	"Pakistan"	"Khuzdar"	6	2	8	4537	9156	13693	14167	23544	37711
"2004.08.01"	"Afghanistan"	"Baraki Barak"	3	0	3	4540	9156	13696	14170	23544	37714
"2004.08.02"	"Pal. Auth."	"Gaza"	3	0	3	4543	9156	13699	14173	23544	37717
"2004.08.02"	"Iraq"	"Baghdad"	1	0	1	4544	9156	13700	14174	23544	37718
"2004.08.03"	"Iraq"	"Baqubah"	4	6	10	4548	9162	13710	14178	23550	37728
"2004.08.03"	"Saudi Arabia"	"Riyadh"	1	0	1	4549	9162	13711	14179	23550	37729
"2004.08.03"	"Israel"	"Rafah"	3	10	13	4552	9172	13724	14182	23560	37742
"2004.08.04"	"Afghanistan"	"Gardez"	2	0	2	4554	9172	13726	14184	23560	37744
"2004.08.05"	"Iraq"	"Filfil"	1	0	1	4555	9172	13727	14185	23560	37745
"2004.08.05"	"India"	"Srinagar"	9	8	17	4564	9180	13744	14194	23568	37762
"2004.08.05"	"Iraq"	"Mahawil"	5	18	23	4569	9198	13767	14199	23586	37785
"2004.08.05"	"Bangladesh"	"Sylhet"	1	15	16	4570	9213	13783	14200	23601	37801
"2004.08.05"	"England"	"West Bromwich"	1	0	1	4571	9213	13784	14201	23601	37802
"2004.08.06"	"Chechnya"	"Kargalinskaya"	1	1	2	4572	9214	13786	14202	23602	37804
"2004.08.06"	"Chechnya"	"Grozny"	2	0	2	4574	9214	13788	14204	23602	37806
"2004.08.06"	"Afghanistan"	"Uruzgan"	2	1	3	4576	9215	13791	14206	23603	37809
"2004.08.06"	"India"	"Gundana"	1	0	1	4577	9215	13792	14207	23603	37810
"2004.08.07"	"Afghanistan"	"Awdand"	1	0	1	4578	9215	13793	14208	23603	37811
"2004.08.08"	"Pakistan"	"Karachi"	8	42	50	4586	9257	13843	14216	23645	37861
"2004.08.08"	"Iraq"	"Baghdad"	1	16	17	4587	9273	13860	14217	23661	37878
"2004.08.08"	"Algeria"	"Boukaid"	2	0	2	4589	9273	13862	14219	23661	37880
"2004.08.08"	"Iraq"	"Kirkuk"	1	3	4	4590	9276	13866	14220	23664	37884
"2004.08.09"	"Chechnya"	"Grozny"	1	2	3	4591	9278	13869	14221	23666	37887
"2004.08.09"	"Iraq"	"Balad Ruz"	7	14	21	4598	9292	13890	14228	23680	37908
"2004.08.09"	"Iraq"	"Khaldiya"	4	4	8	4602	9296	13898	14232	23684	37916
"2004.08.10"	"Philippines"	"North Cotabato"	3	0	3	4605	9296	13901	14235	23684	37919
"2004.08.11"	"Iraq"	"Khan Bani Saad"	6	10	16	4611	9306	13917	14241	23694	37935
"2004.08.11"	"Israel"	"Jerusalem"	2	16	18	4613	9322	13935	14243	23710	37953
"2004.08.11"	"Iraq"	"Mosul"	4	0	4	4617	9322	13939	14247	23710	37957
"2004.08.12"	"India"	"Watapora Beerwah"	2	0	2	4619	9322	13941	14249	23710	37959
"2004.08.13"	"Israel"	"Itamar"	1	1	2	4620	9323	13943	14250	23711	37961
"2004.08.14"	"India"	"Galothi"	2	0	2	4622	9323	13945	14252	23711	37963
"2004.08.15"	"Afghanistan"	"Maiwand"	6	0	6	4628	9323	13951	14258	23711	37969
"2004.08.15"	"Iraq"	"Baghdad"	1	5	6	4629	9328	13957	14259	23716	37975
"2004.08.15"	"Iran"	"Neka"	1	0	1	4630	9328	13958	14260	23716	37976
"2004.08.16"	"Iraq"	"Baqubah"	5	4	9	4635	9332	13967	14265	23720	37985
"2004.08.17"	"Algeria"	"Bouira"	2	0	2	4637	9332	13969	14267	23720	37987
"2004.08.17"	"Iraq"	"Baghdad"	6	32	38	4643	9364	14007	14273	23752	38025
"2004.08.17"	"Dagestan"	"Makhachkala"	3	2	5	4646	9366	14012	14276	23754	38030
"2004.08.18"	"India"	"Rajouri"	2	0	2	4648	9366	14014	14278	23754	38032
"2004.08.18"	"India"	"Udhampur"	4	0	4	4652	9366	14018	14282	23754	38036
"2004.08.19"	"Afghanistan"	"Farah"	0	7	7	4652	9373	14025	14282	23761	38043
"2004.08.19"	"Iraq"	"Najaf"	8	30	38	4660	9403	14063	14290	23791	38081
"2004.08.19"	"Pakistan"	"Lahore"	1	0	1	4661	9403	14064	14291	23791	38082
"2004.08.21"	"Bangladesh"	"Dhaka"	19	300	319	4680	9703	14383	14310	24091	38401
"2004.08.21"	"Chechnya"	"Grozny"	66	11	77	4746	9714	14460	14376	24102	38478
"2004.08.21"	"Thailand"	"Pattani"	1	0	1	4747	9714	14461	14377	24102	38479
"2004.08.22"	"Iraq"	"Baqubah"	2	4	6	4749	9718	14467	14379	24106	38485
"2004.08.23"	"Yemen"	"Saada"	11	0	11	4760	9718	14478	14390	24106	38496
"2004.08.23"	"Algeria"	"Boumerdes"	7	13	20	4767	9731	14498	14397	24119	38516
"2004.08.24"	"India"	"Kara"	2	0	2	4769	9731	14500	14399	24119	38518
"2004.08.24"	"Russia"	"Moscow"	89	0	89	4858	9731	14589	14488	24119	38607
"2004.08.24"	"India"	"Safarwaw Gund"	4	0	4	4862	9731	14593	14492	24119	38611
"2004.08.24"	"Iraq"	"Baghdad"	5	15	20	4867	9746	14613	14497	24134	38631
"2004.08.25"	"Thailand"	"Narathiwat"	1	30	31	4868	9776	14644	14498	24164	38662
"2004.08.26"	"Iraq"	"Mosul"	1	0	1	4869	9776	14645	14499	24164	38663
"2004.08.26"	"Iraq"	"Kufa"	75	376	451	4944	10152	15096	14574	24540	39114
"2004.08.26"	"Sudan"	"Yassin"	64	156	220	5008	10308	15316	14638	24696	39334
"2004.08.26"	"Algeria"	"Zemmouri"	1	2	3	5009	10310	15319	14639	24698	39337
"2004.08.27"	"Iraq"	"Najaf"	1	0	1	5010	10310	15320	14640	24698	39338
"2004.08.27"	"Dagestan"	"Khasavyurt"	2	0	2	5012	10310	15322	14642	24698	39340
"2004.08.28"	"Afghanistan"	"Zormat"	10	15	25	5022	10325	15347	14652	24713	39365
"2004.08.29"	"Iraq"	"Baqubah"	6	11	17	5028	10336	15364	14658	24724	39382
"2004.08.29"	"Afghanistan"	"Kabul"	9	24	33	5037	10360	15397	14667	24748	39415
"2004.08.30"	"Pakistan"	"Qalat"	3	10	13	5040	10370	15410	14670	24758	39428
"2004.08.31"	"Iraq"	"Baghdad"	12	0	12	5052	10370	15422	14682	24758	39440
"2004.08.31"	"Russia"	"Moscow"	11	51	62	5063	10421	15484	14693	24809	39502
"2004.08.31"	"Israel"	"Be'er Sheva"	16	98	114	5079	10519	15598	14709	24907	39616
"2004.08.31"	"India"	"Pulwama"	1	26	27	5080	10545	15625	14710	24933	39643
"2004.08.31"	"Iraq"	"Bartella"	3	0	3	5083	10545	15628	14713	24933	39646
"2004.09.01"	"Iraq"	"Baghdad"	1	0	1	5084	10545	15629	14714	24933	39647
"2004.09.01"	"Russia"	"Beslan"	16	14	30	5100	10559	15659	14730	24947	39677
"2004.09.02"	"Iraq"	"Baghdad"	3	0	3	5103	10559	15662	14733	24947	39680
"2004.09.02"	"India"	"Barhi Draman"	1	3	4	5104	10562	15666	14734	24950	39684
"2004.09.02"	"Iraq"	"al-Mayasa"	2	0	2	5106	10562	15668	14736	24950	39686
"2004.09.03"	"Thailand"	"Yala"	1	2	3	5107	10564	15671	14737	24952	39689
"2004.09.03"	"Afghanistan"	"Kandahar"	2	4	6	5109	10568	15677	14739	24956	39695
"2004.09.03"	"Russia"	"Beslan"	344	600	944	5453	11168	16621	15083	25556	40639
"2004.09.04"	"Iraq"	"Kirkuk"	15	41	56	5468	11209	16677	15098	25597	40695
"2004.09.05"	"Saudi Arabia"	"Buraida"	3	0	3	5471	11209	16680	15101	25597	40698
"2004.09.06"	"Iraq"	"Fallujah"	10	6	16	5481	11215	16696	15111	25603	40714
"2004.09.08"	"Iraq"	"Baghdad"	3	2	5	5484	11217	16701	15114	25605	40719
"2004.09.09"	"Pakistan"	"Somyani"	2	1	3	5486	11218	16704	15116	25606	40722
"2004.09.09"	"India"	"Futlipora"	1	0	1	5487	11218	16705	15117	25606	40723
"2004.09.09"	"Indonesia"	"Jakarta"	9	173	182	5496	11391	16887	15126	25779	40905
"2004.09.10"	"Pakistan"	"Quetta"	1	0	1	5497	11391	16888	15127	25779	40906
"2004.09.11"	"India"	"Kupwara"	1	20	21	5498	11411	16909	15128	25799	40927
"2004.09.11"	"India"	"Srinagar"	3	7	10	5501	11418	16919	15131	25806	40937
"2004.09.12"	"Iraq"	"Hilla"	3	3	6	5504	11421	16925	15134	25809	40943
"2004.09.13"	"India"	"Kalmund-Bachana"	3	0	3	5507	11421	16928	15137	25809	40946
"2004.09.13"	"Iraq"	"Baghdad"	1	2	3	5508	11423	16931	15138	25811	40949
"2004.09.13"	"Pakistan"	"Gilgit"	2	0	2	5510	11423	16933	15140	25811	40951
"2004.09.14"	"Iraq"	"Baqubah"	12	3	15	5522	11426	16948	15152	25814	40966
"2004.09.14"	"Iraq"	"Baghdad"	47	114	161	5569	11540	17109	15199	25928	41127
"2004.09.14"	"Iraq"	"Baghdad"	2	0	2	5571	11540	17111	15201	25928	41129
"2004.09.15"	"Iraq"	"Al Dijail"	3	0	3	5574	11540	17114	15204	25928	41132
"2004.09.15"	"Saudi Arabia"	"Riyadh"	1	0	1	5575	11540	17115	15205	25928	41133
"2004.09.15"	"Iraq"	"Kirkuk"	4	13	17	5579	11553	17132	15209	25941	41150
"2004.09.16"	"Algeria"	"Tebessa"	4	0	4	5583	11553	17136	15213	25941	41154
"2004.09.17"	"Iraq"	"Baghdad"	8	41	49	5591	11594	17185	15221	25982	41203
"2004.09.17"	"Thailand"	"Pattani"	1	0	1	5592	11594	17186	15222	25982	41204
"2004.09.18"	"Algeria"	"Kalous"	4	1	5	5596	11595	17191	15226	25983	41209
"2004.09.18"	"Iraq"	"Mosul"	5	4	9	5601	11599	17200	15231	25987	41218
"2004.09.18"	"Iraq"	"Kirkuk"	19	39	58	5620	11638	17258	15250	26026	41276
"2004.09.18"	"Bangladesh"	"Jamalpur"	1	0	1	5621	11638	17259	15251	26026	41277
"2004.09.18"	"Thailand"	"Pattani"	1	0	1	5622	11638	17260	15252	26026	41278
"2004.09.19"	"Iraq"	"Samarrah"	6	7	13	5628	11645	17273	15258	26033	41291
"2004.09.20"	"Afghanistan"	"Zabul"	3	0	3	5631	11645	17276	15261	26033	41294
"2004.09.20"	"Nigeria"	"Bama"	10	0	10	5641	11645	17286	15271	26033	41304
"2004.09.21"	"Pakistan"	"Ratta Kalachi"	3	1	4	5644	11646	17290	15274	26034	41308
"2004.09.21"	"Iraq"	"Baghdad"	2	0	2	5646	11646	17292	15276	26034	41310
"2004.09.22"	"Iraq"	"Baghdad"	6	54	60	5652	11700	17352	15282	26088	41370
"2004.09.23"	"Israel"	"Morog"	3	1	4	5655	11701	17356	15285	26089	41374
"2004.09.23"	"Chechnya"	"Mairtup"	2	0	2	5657	11701	17358	15287	26089	41376
"2004.09.23"	"Chechnya"	"Katyr-Yurt"	1	0	1	5658	11701	17359	15288	26089	41377
"2004.09.24"	"Israel"	"Neve Dekalim"	1	0	1	5659	11701	17360	15289	26089	41378
"2004.09.24"	"Iraq"	"Baghdad"	3	20	23	5662	11721	17383	15292	26109	41401
"2004.09.25"	"Chechnya"	"Grozny"	4	0	4	5666	11721	17387	15296	26109	41405
"2004.09.25"	"Iraq"	"Baghdad"	6	0	6	5672	11721	17393	15302	26109	41411
"2004.09.25"	"Chechnya"	"Alleroi"	0	2	2	5672	11723	17395	15302	26111	41413
"2004.09.25"	"India"	"Anantnag"	1	5	6	5673	11728	17401	15303	26116	41419
"2004.09.25"	"Pakistan"	"Quetta"	3	3	6	5676	11731	17407	15306	26119	41425
"2004.09.25"	"Saudi Arabia"	"Jedda"	1	0	1	5677	11731	17408	15307	26119	41426
"2004.09.25"	"Afghanistan"	"Helmand"	9	0	9	5686	11731	17417	15316	26119	41435
"2004.09.26"	"Afghanistan"	"Charchino"	1	3	4	5687	11734	17421	15317	26122	41439
"2004.09.26"	"Thailand"	"Yala"	1	9	10	5688	11743	17431	15318	26131	41449
"2004.09.27"	"Thailand"	"Pattani"	2	0	2	5690	11743	17433	15320	26131	41451
"2004.09.27"	"Iraq"	"Fallujah"	7	7	14	5697	11750	17447	15327	26138	41465
"2004.09.27"	"Pakistan"	"Sarokai"	3	6	9	5700	11756	17456	15330	26144	41474
"2004.09.27"	"Chechnya"	"Grozny"	1	1	2	5701	11757	17458	15331	26145	41476
"2004.09.28"	"Chechnya"	"Grozny"	1	4	5	5702	11761	17463	15332	26149	41481
"2004.09.28"	"Algeria"	"Ain Defla"	6	0	6	5708	11761	17469	15338	26149	41487
"2004.09.28"	"Iraq"	"Basra"	2	0	2	5710	11761	17471	15340	26149	41489
"2004.09.28"	"Philippines"	"Lamitan"	2	0	2	5712	11761	17473	15342	26149	41491
"2004.09.29"	"Afghanistan"	"Zabul"	12	0	12	5724	11761	17485	15354	26149	41503
"2004.09.29"	"India"	"Anantnag"	2	0	2	5726	11761	17487	15356	26149	41505
"2004.09.29"	"Iraq"	"Tal Afar"	4	16	20	5730	11777	17507	15360	26165	41525
"2004.09.29"	"Philippines"	"Cotabato"	1	3	4	5731	11780	17511	15361	26168	41529
"2004.09.30"	"Israel"	"Sderot"	2	15	17	5733	11795	17528	15363	26183	41546
"2004.09.30"	"Iraq"	"Baghdad"	51	230	281	5784	12025	17809	15414	26413	41827
"2004.09.30"	"Israel"	"Eley Sinai"	2	0	2	5786	12025	17811	15416	26413	41829
"2004.10.01"	"Lebanon"	"Beirut"	1	5	6	5787	12030	17817	15417	26418	41835
"2004.10.01"	"Pakistan"	"Sialkot"	31	50	81	5818	12080	17898	15448	26468	41916
"2004.10.01"	"Pakistan"	"Bangashwala"	4	1	5	5822	12081	17903	15452	26469	41921
"2004.10.03"	"Iraq"	"Yusufiyah"	2	0	2	5824	12081	17905	15454	26469	41923
"2004.10.03"	"India"	"Baramulla"	1	3	4	5825	12084	17909	15455	26472	41927
"2004.10.04"	"Iraq"	"Baghdad"	24	96	120	5849	12180	18029	15479	26568	42047
"2004.10.05"	"Iraq"	"Baqubah"	4	5	9	5853	12185	18038	15483	26573	42056
"2004.10.05"	"Iraq"	"al-Mahmodeyah"	10	1	11	5863	12186	18049	15493	26574	42067
"2004.10.05"	"Iraq"	"Mosul"	3	0	3	5866	12186	18052	15496	26574	42070
"2004.10.05"	"Iraq"	"Ramadi"	4	2	6	5870	12188	18058	15500	26576	42076
"2004.10.05"	"Iraq"	"Mosul"	1	0	1	5871	12188	18059	15501	26576	42077
"2004.10.06"	"Pakistan"	"Karachi"	2	1	3	5873	12189	18062	15503	26577	42080
"2004.10.06"	"Afghanistan"	"Kandahar"	7	0	7	5880	12189	18069	15510	26577	42087
"2004.10.06"	"Iraq"	"Anah"	12	25	37	5892	12214	18106	15522	26602	42124
"2004.10.06"	"Afghanistan"	"Faizabad"	2	5	7	5894	12219	18113	15524	26607	42131
"2004.10.06"	"Thailand"	"Southern Provinces"	2	7	9	5896	12226	18122	15526	26614	42140
"2004.10.06"	"Chechnya"	"Grozny"	1	0	1	5897	12226	18123	15527	26614	42141
"2004.10.06"	"Afghanistan"	"Zabol"	6	0	6	5903	12226	18129	15533	26614	42147
"2004.10.07"	"Iraq"	"Baghdad"	1	0	1	5904	12226	18130	15534	26614	42148
"2004.10.07"	"Egypt"	"Taba"	33	149	182	5937	12375	18312	15567	26763	42330
"2004.10.07"	"Egypt"	"Ras a-Satan"	4	40	44	5941	12415	18356	15571	26803	42374
"2004.10.07"	"Pakistan"	"Multan"	41	100	141	5982	12515	18497	15612	26903	42515
"2004.10.08"	"Thailand"	"Pattani"	1	0	1	5983	12515	18498	15613	26903	42516
"2004.10.08"	"France"	"Paris"	0	10	10	5983	12525	18508	15613	26913	42526
"2004.10.08"	"Nigeria"	"Kala-Balge"	3	0	3	5986	12525	18511	15616	26913	42529
"2004.10.09"	"Pakistan"	"Karachi"	2	0	2	5988	12525	18513	15618	26913	42531
"2004.10.09"	"India"	"Pattan"	5	45	50	5993	12570	18563	15623	26958	42581
"2004.10.09"	"Thailand"	"Pattani"	1	0	1	5994	12570	18564	15624	26958	42582
"2004.10.10"	"Iraq"	"Baghdad"	11	16	27	6005	12586	18591	15635	26974	42609
"2004.10.10"	"Pakistan"	"Lahore"	3	6	9	6008	12592	18600	15638	26980	42618
"2004.10.10"	"Iran"	"Mahabad"	2	0	2	6010	12592	18602	15640	26980	42620
"2004.10.11"	"Chechnya"	"Grozny"	1	0	1	6011	12592	18603	15641	26980	42621
"2004.10.11"	"Iraq"	"Mosul"	3	24	27	6014	12616	18630	15644	27004	42648
"2004.10.12"	"Iraq"	"Baghdad"	1	0	1	6015	12616	18631	15645	27004	42649
"2004.10.12"	"Thailand"	"Pattani"	2	9	11	6017	12625	18642	15647	27013	42660
"2004.10.12"	"Thailand"	"Narathiwat"	2	0	2	6019	12625	18644	15649	27013	42662
"2004.10.13"	"Bangladesh"	"Bagerhat"	2	0	2	6021	12625	18646	15651	27013	42664
"2004.10.13"	"Indonesia"	"Sulawesi"	1	2	3	6022	12627	18649	15652	27015	42667
"2004.10.13"	"Indonesia"	"Jono Oge"	2	0	2	6024	12627	18651	15654	27015	42669
"2004.10.13"	"India"	"Poonch"	1	2	3	6025	12629	18654	15655	27017	42672
"2004.10.13"	"Iraq"	"Mosul"	2	5	7	6027	12634	18661	15657	27022	42679
"2004.10.13"	"Pakistan"	"Jalala"	4	35	39	6031	12669	18700	15661	27057	42718
"2004.10.14"	"Iraq"	"Baghdad"	1	0	1	6032	12669	18701	15662	27057	42719
"2004.10.14"	"Iraq"	"Baghdad"	5	18	23	6037	12687	18724	15667	27075	42742
"2004.10.14"	"Iraq"	"Baghdad"	5	0	5	6042	12687	18729	15672	27075	42747
"2004.10.14"	"Pakistan"	"Jandola"	1	1	2	6043	12688	18731	15673	27076	42749
"2004.10.15"	"Iraq"	"Baghdad"	10	4	14	6053	12692	18745	15683	27080	42763
"2004.10.15"	"Afghanistan"	"Kunar"	4	0	4	6057	12692	18749	15687	27080	42767
"2004.10.16"	"Iraq"	"Latifiya"	9	0	9	6066	12692	18758	15696	27080	42776
"2004.10.16"	"Iraq"	"Qaim"	4	0	4	6070	12692	18762	15700	27080	42780
"2004.10.16"	"Syria"	"Hasaka"	2	0	2	6072	12692	18764	15702	27080	42782
"2004.10.17"	"India"	"Mohammadpora"	1	5	6	6073	12697	18770	15703	27085	42788
"2004.10.17"	"India"	"Mandli"	1	14	15	6074	12711	18785	15704	27099	42803
"2004.10.17"	"Iraq"	"Baghdad"	6	26	32	6080	12737	18817	15710	27125	42835
"2004.10.17"	"Chechnya"	"Grozny"	1	6	7	6081	12743	18824	15711	27131	42842
"2004.10.18"	"Afghanistan"	"Paktika"	5	0	5	6086	12743	18829	15716	27131	42847
"2004.10.19"	"Iraq"	"Baghdad"	6	80	86	6092	12823	18915	15722	27211	42933
"2004.10.19"	"Pakistan"	"Spin Kairakzai"	3	9	12	6095	12832	18927	15725	27220	42945
"2004.10.20"	"Iraq"	"Samarrah"	4	20	24	6099	12852	18951	15729	27240	42969
"2004.10.21"	"Iraq"	"Baghdad"	4	11	15	6103	12863	18966	15733	27251	42984
"2004.10.21"	"Iraq"	"Baghdad"	2	1	3	6105	12864	18969	15735	27252	42987
"2004.10.21"	"Indonesia"	"Poso"	1	0	1	6106	12864	18970	15736	27252	42988
"2004.10.21"	"Afghanistan"	"Uruzgan"	1	2	3	6107	12866	18973	15737	27254	42991
"2004.10.22"	"Algeria"	"Medea"	16	13	29	6123	12879	19002	15753	27267	43020
"2004.10.22"	"India"	"Anantnag"	1	1	2	6124	12880	19004	15754	27268	43022
"2004.10.23"	"Afghanistan"	"Kabul"	2	6	8	6126	12886	19012	15756	27274	43030
"2004.10.23"	"Iraq"	"Baghdad"	10	48	58	6136	12934	19070	15766	27322	43088
"2004.10.24"	"India"	"Anantnag"	1	1	2	6137	12935	19072	15767	27323	43090
"2004.10.24"	"Iraq"	"Basra"	48	0	48	6185	12935	19120	15815	27323	43138
"2004.10.24"	"Algeria"	"Boumerdes"	1	1	2	6186	12936	19122	15816	27324	43140
"2004.10.24"	"India"	"Salbala"	3	2	5	6189	12938	19127	15819	27326	43145
"2004.10.25"	"Iraq"	"Mosul"	6	12	18	6195	12950	19145	15825	27338	43163
"2004.10.25"	"Iraq"	"Mosul"	1	0	1	6196	12950	19146	15826	27338	43164
"2004.10.26"	"India"	"Senabathi"	1	1	2	6197	12951	19148	15827	27339	43166
"2004.10.26"	"Algeria"	"Tizi Ghenif"	5	2	7	6202	12953	19155	15832	27341	43173
"2004.10.26"	"Pakistan"	"Spinkai Raghazai"	9	5	14	6211	12958	19169	15841	27346	43187
"2004.10.27"	"Pakistan"	"Karachi"	6	2	8	6217	12960	19177	15847	27348	43195
"2004.10.28"	"Iraq"	"Hilla"	11	0	11	6228	12960	19188	15858	27348	43206
"2004.10.28"	"Thailand"	"Sungai Kolok"	3	20	23	6231	12980	19211	15861	27368	43229
"2004.10.29"	"India"	"Kukurgaon"	2	3	5	6233	12983	19216	15863	27371	43234
"2004.10.29"	"Thailand"	"Yala"	1	24	25	6234	13007	19241	15864	27395	43259
"2004.10.30"	"India"	"Mahore"	2	1	3	6236	13008	19244	15866	27396	43262
"2004.10.30"	"Iraq"	"Baghdad"	8	19	27	6244	13027	19271	15874	27415	43289
"2004.10.30"	"Iraq"	"Anbar"	8	10	18	6252	13037	19289	15882	27425	43307
"2004.10.31"	"Thailand"	"Narathiwat"	5	0	5	6257	13037	19294	15887	27425	43312
"2004.10.31"	"Iraq"	"Baghdad"	1	0	1	6258	13037	19295	15888	27425	43313
"2004.10.31"	"Iraq"	"Tikrit"	15	8	23	6273	13045	19318	15903	27433	43336
"2004.10.31"	"Sudan"	"Mallaga"	18	6	24	6291	13051	19342	15921	27439	43360
"2004.11.01"	"India"	"Shopian"	0	21	21	6291	13072	19363	15921	27460	43381
"2004.11.01"	"Israel"	"Tel Aviv"	3	38	41	6294	13110	19404	15924	27498	43422
"2004.11.01"	"Iraq"	"Baqubah"	2	1	3	6296	13111	19407	15926	27499	43425
"2004.11.02"	"Netherlands"	"Amsterdam"	1	1	2	6297	13112	19409	15927	27500	43427
"2004.11.02"	"Iraq"	"Baghdad"	6	29	35	6303	13141	19444	15933	27529	43462
"2004.11.02"	"Thailand"	"Mamong"	1	0	1	6304	13141	19445	15934	27529	43463
"2004.11.02"	"Iraq"	"Baghdad"	2	2	4	6306	13143	19449	15936	27531	43467
"2004.11.03"	"Iraq"	"Baghdad"	4	0	4	6310	13143	19453	15940	27531	43471
"2004.11.03"	"Pakistan"	"Karachi"	1	2	3	6311	13145	19456	15941	27533	43474
"2004.11.04"	"Iraq"	"Dujail"	3	7	10	6314	13152	19466	15944	27540	43484
"2004.11.04"	"Iraq"	"Baghdad"	4	8	12	6318	13160	19478	15948	27548	43496
"2004.11.04"	"Afghanistan"	"Orgun"	4	1	5	6322	13161	19483	15952	27549	43501
"2004.11.04"	"Thailand"	"Pattani"	9	2	11	6331	13163	19494	15961	27551	43512
"2004.11.04"	"Indonesia"	"Poso"	1	0	1	6332	13163	19495	15962	27551	43513
"2004.11.05"	"Algeria"	"Relizane"	2	0	2	6334	13163	19497	15964	27551	43515
"2004.11.05"	"Iraq"	"al-Muqdadiya"	2	4	6	6336	13167	19503	15966	27555	43521
"2004.11.06"	"India"	"Srinagar"	2	2	4	6338	13169	19507	15968	27557	43525
"2004.11.06"	"Thailand"	"Narathiwat"	2	0	2	6340	13169	19509	15970	27557	43527
"2004.11.06"	"Iraq"	"Samarrah"	34	66	100	6374	13235	19609	16004	27623	43627
"2004.11.07"	"Iraq"	"Basra"	2	0	2	6376	13235	19611	16006	27623	43629
"2004.11.08"	"Afghanistan"	"Arghandab"	3	2	5	6379	13237	19616	16009	27625	43634
"2004.11.08"	"Iraq"	"Baghdad"	13	60	73	6392	13297	19689	16022	27685	43707
"2004.11.08"	"Iraq"	"Zubayr"	2	0	2	6394	13297	19691	16024	27685	43709
"2004.11.08"	"Iraq"	"Samarrah"	6	0	6	6400	13297	19697	16030	27685	43715
"2004.11.08"	"Iraq"	"Baghdad"	3	45	48	6403	13342	19745	16033	27730	43763
"2004.11.08"	"Indonesia"	"Sulawesi"	1	0	1	6404	13342	19746	16034	27730	43764
"2004.11.09"	"Thailand"	"Narathiwat"	1	0	1	6405	13342	19747	16035	27730	43765
"2004.11.09"	"India"	"Wagora"	2	1	3	6407	13343	19750	16037	27731	43768
"2004.11.09"	"Russia"	"Aul Kumysh"	7	0	7	6414	13343	19757	16044	27731	43775
"2004.11.09"	"Russia"	"Moscow"	2	1	3	6416	13344	19760	16046	27732	43778
"2004.11.09"	"Thailand"	"Yala"	1	0	1	6417	13344	19761	16047	27732	43779
"2004.11.10"	"Iraq"	"Fallujah"	5	0	5	6422	13344	19766	16052	27732	43784
"2004.11.11"	"Iraq"	"Baghdad"	19	24	43	6441	13368	19809	16071	27756	43827
"2004.11.12"	"Thailand"	"Narathiwat"	1	14	15	6442	13382	19824	16072	27770	43842
"2004.11.12"	"Iraq"	"Baghdad"	2	0	2	6444	13382	19826	16074	27770	43844
"2004.11.13"	"Thailand"	"Yala"	2	0	2	6446	13382	19828	16076	27770	43846
"2004.11.13"	"Thailand"	"Tharnto"	1	6	7	6447	13388	19835	16077	27776	43853
"2004.11.13"	"India"	"Malikpora Bandipora"	2	2	4	6449	13390	19839	16079	27778	43857
"2004.11.13"	"Algeria"	"Algiers"	2	3	5	6451	13393	19844	16081	27781	43862
"2004.11.13"	"Indonesia"	"Sulawesi"	5	4	9	6456	13397	19853	16086	27785	43871
"2004.11.13"	"England"	"London"	1	0	1	6457	13397	19854	16087	27785	43872
"2004.11.14"	"India"	"Nadimarg"	3	0	3	6460	13397	19857	16090	27785	43875
"2004.11.14"	"India"	"Chakarbathi Bala"	3	0	3	6463	13397	19860	16093	27785	43878
"2004.11.14"	"Pal. Auth."	"Gaza"	2	6	8	6465	13403	19868	16095	27791	43886
"2004.11.15"	"Thailand"	"Krong Pinang"	2	0	2	6467	13403	19870	16097	27791	43888
"2004.11.15"	"Iraq"	"Fallujah"	1	0	1	6468	13403	19871	16098	27791	43889
"2004.11.15"	"India"	"Patnazi"	2	1	3	6470	13404	19874	16100	27792	43892
"2004.11.16"	"Afghanistan"	"Deh Rawood"	4	6	10	6474	13410	19884	16104	27798	43902
"2004.11.16"	"India"	"Budgam"	6	0	6	6480	13410	19890	16110	27798	43908
"2004.11.16"	"Iraq"	"Baghdad"	1	0	1	6481	13410	19891	16111	27798	43909
"2004.11.16"	"Bangladesh"	"Chittagong"	1	0	1	6482	13410	19892	16112	27798	43910
"2004.11.16"	"Afghanistan"	"Kajaki"	6	0	6	6488	13410	19898	16118	27798	43916
"2004.11.17"	"Pakistan"	"Mingora"	2	29	31	6490	13439	19929	16120	27827	43947
"2004.11.17"	"Iraq"	"Baiji"	15	22	37	6505	13461	19966	16135	27849	43984
"2004.11.17"	"Philippines"	"Zamboanga"	0	1	1	6505	13462	19967	16135	27850	43985
"2004.11.18"	"Belgium"	"Antwerp"	1	0	1	6506	13462	19968	16136	27850	43986
"2004.11.18"	"Iraq"	"Baghdad"	4	4	8	6510	13466	19976	16140	27854	43994
"2004.11.18"	"Iraq"	"Baiji"	4	0	4	6514	13466	19980	16144	27854	43998
"2004.11.18"	"Algeria"	"Mahrane"	1	0	1	6515	13466	19981	16145	27854	43999
"2004.11.19"	"Indonesia"	"Sulawesi"	5	5	10	6520	13471	19991	16150	27859	44009
"2004.11.19"	"India"	"Surankote"	3	1	4	6523	13472	19995	16153	27860	44013
"2004.11.20"	"Iraq"	"Mosul"	2	0	2	6525	13472	19997	16155	27860	44015
"2004.11.20"	"Iraq"	"Mosul"	9	0	9	6534	13472	20006	16164	27860	44024
"2004.11.20"	"Iraq"	"Baghdad"	4	0	4	6538	13472	20010	16168	27860	44028
"2004.11.20"	"England"	"Oxford"	1	0	1	6539	13472	20011	16169	27860	44029
"2004.11.21"	"Iraq"	"Ramadi"	8	15	23	6547	13487	20034	16177	27875	44052
"2004.11.23"	"India"	"Kashmir"	3	3	6	6550	13490	20040	16180	27878	44058
"2004.11.23"	"Nigeria"	"Jigawa"	2	10	12	6552	13500	20052	16182	27888	44070
"2004.11.23"	"Sudan"	"Adwa"	30	100	130	6582	13600	20182	16212	27988	44200
"2004.11.23"	"Afghanistan"	"Totai"	3	0	3	6585	13600	20185	16215	27988	44203
"2004.11.24"	"Pakistan"	"Islamabad"	2	2	4	6587	13602	20189	16217	27990	44207
"2004.11.24"	"Iraq"	"Baghdad"	2	3	5	6589	13605	20194	16219	27993	44212
"2004.11.26"	"India"	"Doda"	3	0	3	6592	13605	20197	16222	27993	44215
"2004.11.27"	"Chechnya"	"Grozny"	1	3	4	6593	13608	20201	16223	27996	44219
"2004.11.27"	"Iraq"	"Baghdad"	7	30	37	6600	13638	20238	16230	28026	44256
"2004.11.27"	"Iraq"	"Mosul"	15	0	15	6615	13638	20253	16245	28026	44271
"2004.11.27"	"Sudan"	"Kossa"	15	6	21	6630	13644	20274	16260	28032	44292
"2004.11.28"	"Afghanistan"	"Delaram"	3	3	6	6633	13647	20280	16263	28035	44298
"2004.11.28"	"Iraq"	"Samarrah"	5	4	9	6638	13651	20289	16268	28039	44307
"2004.11.28"	"Algeria"	"Mascara"	1	3	4	6639	13654	20293	16269	28042	44311
"2004.11.29"	"Iraq"	"Baghdad"	7	9	16	6646	13663	20309	16276	28051	44327
"2004.11.29"	"India"	"Srinagar"	0	12	12	6646	13675	20321	16276	28063	44339
"2004.11.30"	"Iraq"	"Baghdad"	4	19	23	6650	13694	20344	16280	28082	44362
"2004.11.30"	"Thailand"	"Yala"	1	2	3	6651	13696	20347	16281	28084	44365
"2004.11.30"	"Sudan"	"Itou"	65	0	65	6716	13696	20412	16346	28084	44430
"2004.11.30"	"Pakistan"	"Quetta"	0	10	10	6716	13706	20422	16346	28094	44440
"2004.12.01"	"Iraq"	"Iskandariya"	1	7	8	6717	13713	20430	16347	28101	44448
"2004.12.02"	"Iraq"	"Baqubah"	3	5	8	6720	13718	20438	16350	28106	44456
"2004.12.02"	"Iraq"	"Mosul"	1	0	1	6721	13718	20439	16351	28106	44457
"2004.12.03"	"Jordan"	"Border"	2	0	2	6723	13718	20441	16353	28106	44459
"2004.12.03"	"Iraq"	"Baghdad"	16	5	21	6739	13723	20462	16369	28111	44480
"2004.12.03"	"Iraq"	"Baghdad"	14	19	33	6753	13742	20495	16383	28130	44513
"2004.12.03"	"India"	"Sopore"	5	5	10	6758	13747	20505	16388	28135	44523
"2004.12.04"	"Iraq"	"Baghdad"	16	38	54	6774	13785	20559	16404	28173	44577
"2004.12.04"	"Chechnya"	"Tazen-Kale"	1	2	3	6775	13787	20562	16405	28175	44580
"2004.12.05"	"Thailand"	"Pattani"	1	0	1	6776	13787	20563	16406	28175	44581
"2004.12.05"	"Iraq"	"Tikrit"	17	13	30	6793	13800	20593	16423	28188	44611
"2004.12.05"	"India"	"Pulwama"	11	0	11	6804	13800	20604	16434	28188	44622
"2004.12.06"	"Saudi Arabia"	"Jedda"	5	2	7	6809	13802	20611	16439	28190	44629
"2004.12.06"	"Afghanistan"	"Balabolok"	1	2	3	6810	13804	20614	16440	28192	44632
"2004.12.07"	"Chechnya"	"Grozny"	6	9	15	6816	13813	20629	16446	28201	44647
"2004.12.07"	"Israel"	"Karni"	1	4	5	6817	13817	20634	16447	28205	44652
"2004.12.08"	"India"	"Anantnag"	0	36	36	6817	13853	20670	16447	28241	44688
"2004.12.08"	"Iraq"	"Samarrah"	4	5	9	6821	13858	20679	16451	28246	44697
"2004.12.08"	"Iraq"	"Baghdad"	3	0	3	6824	13858	20682	16454	28246	44700
"2004.12.08"	"Iraq"	"Taji Camp Road"	2	0	2	6826	13858	20684	16456	28246	44702
"2004.12.08"	"Iraq"	"Ramadi"	1	0	1	6827	13858	20685	16457	28246	44703
"2004.12.08"	"Nigeria"	"Bauchi"	1	0	1	6828	13858	20686	16458	28246	44704
"2004.12.08"	"Dagestan"	"Semender"	0	21	21	6828	13879	20707	16458	28267	44725
"2004.12.09"	"Iraq"	"Baghdad"	3	5	8	6831	13884	20715	16461	28272	44733
"2004.12.09"	"India"	"Shopian"	2	5	7	6833	13889	20722	16463	28277	44740
"2004.12.10"	"Chechnya"	"Grozny"	1	3	4	6834	13892	20726	16464	28280	44744
"2004.12.10"	"Pakistan"	"Quetta"	11	27	38	6845	13919	20764	16475	28307	44782
"2004.12.10"	"India"	"Magani"	4	0	4	6849	13919	20768	16479	28307	44786
"2004.12.11"	"Israel"	"Neveh Dekalim"	0	4	4	6849	13923	20772	16479	28311	44790
"2004.12.11"	"Philippines"	"Jolo"	1	0	1	6850	13923	20773	16480	28311	44791
"2004.12.12"	"Israel"	"Rafah"	5	6	11	6855	13929	20784	16485	28317	44802
"2004.12.12"	"Philippines"	"General Santos"	15	59	74	6870	13988	20858	16500	28376	44876
"2004.12.12"	"Indonesia"	"Sulawesi"	0	3	3	6870	13991	20861	16500	28379	44879
"2004.12.13"	"Chechnya"	"Grozny"	1	2	3	6871	13993	20864	16501	28381	44882
"2004.12.13"	"Iraq"	"Baghdad"	13	15	28	6884	14008	20892	16514	28396	44910
"2004.12.14"	"Iraq"	"Baghdad"	7	13	20	6891	14021	20912	16521	28409	44930
"2004.12.14"	"Kabardino-Balk."	"Nalchik"	4	0	4	6895	14021	20916	16525	28409	44934
"2004.12.14"	"Thailand"	"Narathiwat"	1	1	2	6896	14022	20918	16526	28410	44936
"2004.12.14"	"Chechnya"	"Grozny"	2	0	2	6898	14022	20920	16528	28410	44938
"2004.12.15"	"Thailand"	"Songkhla"	1	0	1	6899	14022	20921	16529	28410	44939
"2004.12.15"	"Iraq"	"Baghdad"	17	20	37	6916	14042	20958	16546	28430	44976
"2004.12.15"	"Thailand"	"Narathiwat"	2	0	2	6918	14042	20960	16548	28430	44978
"2004.12.15"	"Israel"	"Khan Yunis"	1	2	3	6919	14044	20963	16549	28432	44981
"2004.12.15"	"Iraq"	"Karbala"	10	40	50	6929	14084	21013	16559	28472	45031
"2004.12.16"	"Afghanistan"	"Khost"	4	2	6	6933	14086	21019	16563	28474	45037
"2004.12.17"	"Iraq"	"Mosul"	4	0	4	6937	14086	21023	16567	28474	45041
"2004.12.18"	"Iraq"	"Baghdad"	5	1	6	6942	14087	21029	16572	28475	45047
"2004.12.18"	"India"	"Shingru"	2	0	2	6944	14087	21031	16574	28475	45049
"2004.12.19"	"Iraq"	"Najaf"	52	142	194	6996	14229	21225	16626	28617	45243
"2004.12.19"	"Iraq"	"Karbala"	16	37	53	7012	14266	21278	16642	28654	45296
"2004.12.19"	"Iraq"	"Baghdad"	2	0	2	7014	14266	21280	16644	28654	45298
"2004.12.20"	"Afghanistan"	"Maywand"	4	4	8	7018	14270	21288	16648	28658	45306
"2004.12.21"	"Israel"	"Moshov"	1	0	1	7019	14270	21289	16649	28658	45307
"2004.12.21"	"Iraq"	"Mosul"	22	69	91	7041	14339	21380	16671	28727	45398
"2004.12.22"	"Israel"	"Hebron"	1	0	1	7042	14339	21381	16672	28727	45399
"2004.12.22"	"India"	"Sangam"	1	14	15	7043	14353	21396	16673	28741	45414
"2004.12.22"	"Thailand"	"Pattani"	1	0	1	7044	14353	21397	16674	28741	45415
"2004.12.24"	"Thailand"	"Narathiwat"	2	7	9	7046	14360	21406	16676	28748	45424
"2004.12.24"	"Bangladesh"	"Dhaka"	1	0	1	7047	14360	21407	16677	28748	45425
"2004.12.24"	"Iraq"	"Baghdad"	9	19	28	7056	14379	21435	16686	28767	45453
"2004.12.25"	"Pakistan"	"Chitral"	2	0	2	7058	14379	21437	16688	28767	45455
"2004.12.25"	"India"	"Pakherpora"	2	28	30	7060	14407	21467	16690	28795	45485
"2004.12.26"	"Thailand"	"Chana"	3	1	4	7063	14408	21471	16693	28796	45489
"2004.12.27"	"Iraq"	"Baghdad"	15	48	63	7078	14456	21534	16708	28844	45552
"2004.12.28"	"Iraq"	"Muradiya"	5	31	36	7083	14487	21570	16713	28875	45588
"2004.12.28"	"Iraq"	"Tikrit"	17	26	43	7100	14513	21613	16730	28901	45631
"2004.12.28"	"Algeria"	"Algiers"	7	0	7	7107	14513	21620	16737	28901	45638
"2004.12.28"	"Thailand"	"Yala"	1	0	1	7108	14513	21621	16738	28901	45639
"2004.12.29"	"Saudi Arabia"	"Riyadh"	1	0	1	7109	14513	21622	16739	28901	45640
"2004.12.29"	"Thailand"	"Yala"	1	0	1	7110	14513	21623	16740	28901	45641
"2004.12.29"	"Algeria"	"Algiers"	3	0	3	7113	14513	21626	16743	28901	45644
"2004.12.29"	"Iraq"	"Baghdad"	29	58	87	7142	14571	21713	16772	28959	45731
"2004.12.29"	"Saudi Arabia"	"Riyadh"	1	2	3	7143	14573	21716	16773	28961	45734
"2004.12.29"	"Pakistan"	"Wana"	1	0	1	7144	14573	21717	16774	28961	45735
"2004.12.29"	"India"	"Kashmir"	9	0	9	7153	14573	21726	16783	28961	45744
"2004.12.30"	"India"	"Waspora"	2	1	3	7155	14574	21729	16785	28962	45747
"2004.12.30"	"Philippines"	"Malisbong"	1	0	1	7156	14574	21730	16786	28962	45748
"2004.12.30"	"Dagestan"	"Makhachkala"	3	0	3	7159	14574	21733	16789	28962	45751
"2004.12.31"	"Iraq"	"Baiji"	7	0	7	7166	14574	21740	16796	28962	45758
"2005.01.01"	"Ingushetia"	"Vezhariy-Yurt"	1	0	1	1	0	1	16797	28962	45759
"2005.01.02"	"Iraq"	"Balad"	23	6	29	24	6	30	16820	28968	45788
"2005.01.02"	"Iraq"	"Samarrah"	4	1	5	28	7	35	16824	28969	45793
"2005.01.02"	"Israel"	"Erez"	1	2	3	29	9	38	16825	28971	45796
"2005.01.03"	"Algeria"	"Biskra"	18	0	18	47	9	56	16843	28971	45814
"2005.01.03"	"Iraq"	"Tikrit"	16	43	59	63	52	115	16859	29014	45873
"2005.01.03"	"Iraq"	"Mosul"	2	2	4	65	54	119	16861	29016	45877
"2005.01.04"	"Iraq"	"Baghdad"	7	0	7	72	54	126	16868	29016	45884
"2005.01.04"	"Iraq"	"Baghdad"	10	60	70	82	114	196	16878	29076	45954
"2005.01.04"	"Thailand"	"Narathiwat"	1	0	1	83	114	197	16879	29076	45955
"2005.01.04"	"Pakistan"	"Vinnoi"	5	0	5	88	114	202	16884	29076	45960
"2005.01.05"	"India"	"Srinagar"	0	6	6	88	120	208	16884	29082	45966
"2005.01.05"	"Chechnya"	"Grozny"	17	25	42	105	145	250	16901	29107	46008
"2005.01.05"	"Iraq"	"Hilla"	20	44	64	125	189	314	16921	29151	46072
"2005.01.06"	"Iraq"	"Baqubah"	6	13	19	131	202	333	16927	29164	46091
"2005.01.07"	"India"	"Srinagar"	3	2	5	134	204	338	16930	29166	46096
"2005.01.07"	"Israel"	"Nablus"	1	3	4	135	207	342	16931	29169	46100
"2005.01.07"	"Iraq"	"Mosul"	18	0	18	153	207	360	16949	29169	46118
"2005.01.07"	"Thailand"	"Yala"	1	0	1	154	207	361	16950	29169	46119
"2005.01.08"	"Pakistan"	"Gilgit"	2	2	4	156	209	365	16952	29171	46123
"2005.01.09"	"Pakistan"	"Gilgit"	6	0	6	162	209	371	16958	29171	46129
"2005.01.09"	"Israel"	"Shebaa Farms"	1	3	4	163	212	375	16959	29174	46133
"2005.01.10"	"Thailand"	"Yala"	1	0	1	164	212	376	16960	29174	46134
"2005.01.10"	"Iraq"	"Tikrit"	8	12	20	172	224	396	16968	29186	46154
"2005.01.10"	"Kuwait"	"Kuwait City"	2	2	4	174	226	400	16970	29188	46158
"2005.01.10"	"Philippines"	"Mamasapano"	8	5	13	182	231	413	16978	29193	46171
"2005.01.10"	"Iraq"	"Suwayrah"	9	10	19	191	241	432	16987	29203	46190
"2005.01.11"	"Iraq"	"Yusufiyah"	7	0	7	198	241	439	16994	29203	46197
"2005.01.11"	"Chad"	"Goz Beida"	15	1	16	213	242	455	17009	29204	46213
"2005.01.12"	"Somalia"	"Mogadishu"	4	9	13	217	251	468	17013	29213	46226
"2005.01.12"	"Iraq"	"Salman"	6	0	6	223	251	474	17019	29213	46232
"2005.01.12"	"Chechnya"	"Vedeno"	4	0	4	227	251	478	17023	29213	46236
"2005.01.12"	"Afghanistan"	"Helmand"	6	0	6	233	251	484	17029	29213	46242
"2005.01.12"	"Israel"	"Morag"	1	3	4	234	254	488	17030	29216	46246
"2005.01.13"	"Iraq"	"Baghdad"	5	1	6	239	255	494	17035	29217	46252
"2005.01.13"	"Iraq"	"Khan Bani Saad"	7	30	37	246	285	531	17042	29247	46289
"2005.01.13"	"Israel"	"Karni Crossing"	6	4	10	252	289	541	17048	29251	46299
"2005.01.13"	"Thailand"	"Yala"	2	1	3	254	290	544	17050	29252	46302
"2005.01.13"	"Kosovo"	"Prizren"	1	0	1	255	290	545	17051	29252	46303
"2005.01.14"	"India"	"Yarbug Panzla"	1	0	1	256	290	546	17052	29252	46304
"2005.01.15"	"Bangladesh"	"Natore"	3	89	92	259	379	638	17055	29341	46396
"2005.01.15"	"India"	"Srinagar"	2	17	19	261	396	657	17057	29358	46415
"2005.01.15"	"Dagestan"	"Kaspiisk"	4	1	5	265	397	662	17061	29359	46420
"2005.01.15"	"India"	"Srinagar"	2	0	2	267	397	664	17063	29359	46422
"2005.01.16"	"Thailand"	"Yala"	1	59	60	268	456	724	17064	29418	46482
"2005.01.17"	"Iraq"	"Ramadi"	4	0	4	272	456	728	17068	29418	46486
"2005.01.17"	"Iraq"	"Buhriz"	8	4	12	280	460	740	17076	29422	46498
"2005.01.17"	"Iraq"	"Baiji"	8	25	33	288	485	773	17084	29447	46531
"2005.01.17"	"Iraq"	"Ramadi"	3	9	12	291	494	785	17087	29456	46543
"2005.01.17"	"Thailand"	"Pattani"	1	0	1	292	494	786	17088	29456	46544
"2005.01.18"	"Israel"	"Gush Katif"	1	7	8	293	501	794	17089	29463	46552
"2005.01.18"	"Thailand"	"Narathiwat"	3	0	3	296	501	797	17092	29463	46555
"2005.01.18"	"Israel"	"Sderot"	1	1	2	297	502	799	17093	29464	46557
"2005.01.18"	"Iraq"	"Baghdad"	2	9	11	299	511	810	17095	29473	46568
"2005.01.19"	"Sudan"	"Hamada"	105	0	105	404	511	915	17200	29473	46673
"2005.01.19"	"Algeria"	"Adekar Kebouche"	1	0	1	405	511	916	17201	29473	46674
"2005.01.20"	"Iraq"	"Baghdad"	26	25	51	431	536	967	17227	29498	46725
"2005.01.20"	"Afghanistan"	"Spin Boldak"	3	0	3	434	536	970	17230	29498	46728
"2005.01.21"	"India"	"Anantnag"	1	3	4	435	539	974	17231	29501	46732
"2005.01.21"	"Iraq"	"Baghdad"	14	42	56	449	581	1030	17245	29543	46788
"2005.01.21"	"Iraq"	"Yusufiyah"	12	38	50	461	619	1080	17257	29581	46838
"2005.01.21"	"Algeria"	"Blida"	3	5	8	464	624	1088	17260	29586	46846
"2005.01.22"	"Afghanistan"	"Uruzgan"	4	0	4	468	624	1092	17264	29586	46850
"2005.01.22"	"Iraq"	"Baghdad"	2	0	2	470	624	1094	17266	29586	46852
"2005.01.23"	"Sudan"	"Darfur"	12	0	12	482	624	1106	17278	29586	46864
"2005.01.23"	"Algeria"	"Tizi Ghenif"	2	1	3	484	625	1109	17280	29587	46867
"2005.01.24"	"India"	"Kulgam"	2	6	8	486	631	1117	17282	29593	46875
"2005.01.24"	"Thailand"	"Yala"	1	0	1	487	631	1118	17283	29593	46876
"2005.01.24"	"Thailand"	"Narathiwat"	1	0	1	488	631	1119	17284	29593	46877
"2005.01.25"	"Iraq"	"Baghdad"	16	12	28	504	643	1147	17300	29605	46905
"2005.01.26"	"Iraq"	"Sinjar"	15	31	46	519	674	1193	17315	29636	46951
"2005.01.26"	"Iraq"	"Kirkuk"	7	3	10	526	677	1203	17322	29639	46961
"2005.01.27"	"Iraq"	"Mahmudiyah"	3	7	10	529	684	1213	17325	29646	46971
"2005.01.27"	"Bangladesh"	"Habiganj"	5	100	105	534	784	1318	17330	29746	47076
"2005.01.27"	"Iraq"	"Samarrah"	3	0	3	537	784	1321	17333	29746	47079
"2005.01.27"	"India"	"Pampore"	0	26	26	537	810	1347	17333	29772	47105
"2005.01.27"	"India"	"Kremshora"	2	0	2	539	810	1349	17335	29772	47107
"2005.01.27"	"Nigeria"	"Numan"	1	0	1	540	810	1350	17336	29772	47108
"2005.01.27"	"Bangladesh"	"Habiganj"	4	0	4	544	810	1354	17340	29772	47112
"2005.01.27"	"Philippines"	"Bitaras"	1	0	1	545	810	1355	17341	29772	47113
"2005.01.28"	"Chechnya"	"Alkhan-Yurt"	9	0	9	554	810	1364	17350	29772	47122
"2005.01.28"	"Iraq"	"Baghdad"	4	4	8	558	814	1372	17354	29776	47130
"2005.01.29"	"Afghanistan"	"Spin Boldak"	9	1	10	567	815	1382	17363	29777	47140
"2005.01.29"	"Iraq"	"Baghdad"	2	4	6	569	819	1388	17365	29781	47146
"2005.01.30"	"Kuwait"	"Kuwait City"	2	4	6	571	823	1394	17367	29785	47152
"2005.01.30"	"Iraq"	"Baghdad"	44	67	111	615	890	1505	17411	29852	47263
"2005.01.31"	"Thailand"	"Narathiwat"	1	0	1	616	890	1506	17412	29852	47264
"2005.01.31"	"India"	"Nathali-Bagwa"	4	3	7	620	893	1513	17416	29855	47271
"2005.01.31"	"India"	"Anantnag"	2	1	3	622	894	1516	17418	29856	47274
"2005.01.31"	"Bangladesh"	"Chittagong"	1	0	1	623	894	1517	17419	29856	47275
"2005.02.01"	"Philippines"	"Datu Paglas"	4	0	4	627	894	1521	17423	29856	47279
"2005.02.01"	"Somalia"	"Mogadishu"	1	0	1	628	894	1522	17424	29856	47280
"2005.02.02"	"Iraq"	"Kirkuk"	12	2	14	640	896	1536	17436	29858	47294
"2005.02.02"	"Dagestan"	"Makhachkala"	4	0	4	644	896	1540	17440	29858	47298
"2005.02.02"	"Thailand"	"Yala"	3	0	3	647	896	1543	17443	29858	47301
"2005.02.03"	"Iraq"	"Balad"	2	0	2	649	896	1545	17445	29858	47303
"2005.02.04"	"India"	"Taryath"	1	2	3	650	898	1548	17446	29860	47306
"2005.02.04"	"Nigeria"	"Demsa"	36	0	36	686	898	1584	17482	29860	47342
"2005.02.07"	"Pakistan"	"Wana"	2	2	4	688	900	1588	17484	29862	47346
"2005.02.07"	"Philippines"	"Panamao"	12	15	27	700	915	1615	17496	29877	47373
"2005.02.07"	"Iraq"	"Baqubah"	15	17	32	715	932	1647	17511	29894	47405
"2005.02.07"	"Iraq"	"Mosul"	12	4	16	727	936	1663	17523	29898	47421
"2005.02.07"	"Germany"	"Berlin"	1	0	1	728	936	1664	17524	29898	47422
"2005.02.07"	"Thailand"	"Narathiwat"	1	0	1	729	936	1665	17525	29898	47423
"2005.02.08"	"Iraq"	"Baghdad"	21	27	48	750	963	1713	17546	29925	47471
"2005.02.09"	"Iraq"	"Basra"	2	0	2	752	963	1715	17548	29925	47473
"2005.02.09"	"Thailand"	"Narathiwat"	1	2	3	753	965	1718	17549	29927	47476
"2005.02.09"	"Somalia"	"Mogadishu"	1	0	1	754	965	1719	17550	29927	47477
"2005.02.10"	"Iraq"	"Suwayrah"	21	0	21	775	965	1740	17571	29927	47498
"2005.02.11"	"Iraq"	"Baghdad"	11	0	11	786	965	1751	17582	29927	47509
"2005.02.11"	"Iraq"	"Balad Ruz"	13	40	53	799	1005	1804	17595	29967	47562
"2005.02.11"	"Thailand"	"Yala"	2	24	26	801	1029	1830	17597	29991	47588
"2005.02.12"	"Thailand"	"Yala"	1	0	1	802	1029	1831	17598	29991	47589
"2005.02.13"	"Iraq"	"Nasiriyah"	2	0	2	804	1029	1833	17600	29991	47591
"2005.02.14"	"Philippines"	"Manila"	3	79	82	807	1108	1915	17603	30070	47673
"2005.02.14"	"Philippines"	"General Santos"	5	36	41	812	1144	1956	17608	30106	47714
"2005.02.14"	"India"	"Shopian"	0	25	25	812	1169	1981	17608	30131	47739
"2005.02.14"	"Thailand"	"Narathiwat"	1	1	2	813	1170	1983	17609	30132	47741
"2005.02.14"	"Philippines"	"Davao"	1	8	9	814	1178	1992	17610	30140	47750
"2005.02.14"	"Iraq"	"Baghdad"	3	0	3	817	1178	1995	17613	30140	47753
"2005.02.14"	"Lebanon"	"Beirut"	15	120	135	832	1298	2130	17628	30260	47888
"2005.02.15"	"Pakistan"	"Noorpur Shahan"	3	14	17	835	1312	2147	17631	30274	47905
"2005.02.15"	"Indonesia"	"Ambon"	2	2	4	837	1314	2151	17633	30276	47909
"2005.02.16"	"India"	"Kishtwar"	2	7	9	839	1321	2160	17635	30283	47918
"2005.02.16"	"Dagestan"	"Kizlyar"	3	4	7	842	1325	2167	17638	30287	47925
"2005.02.17"	"Jordan"	"Al Karamah"	3	0	3	845	1325	2170	17641	30287	47928
"2005.02.17"	"Somalia"	"Mogadishu"	2	5	7	847	1330	2177	17643	30292	47935
"2005.02.17"	"Iraq"	"Zakho"	1	0	1	848	1330	2178	17644	30292	47936
"2005.02.18"	"Lebanon"	"al-Shuwayfat"	2	0	2	850	1330	2180	17646	30292	47938
"2005.02.18"	"Iraq"	"Baghdad"	15	23	38	865	1353	2218	17661	30315	47976
"2005.02.18"	"Iraq"	"Baghdad"	10	20	30	875	1373	2248	17671	30335	48006
"2005.02.18"	"Thailand"	"Sungai Kolok"	6	44	50	881	1417	2298	17677	30379	48056
"2005.02.18"	"Iraq"	"Baghdad"	2	8	10	883	1425	2308	17679	30387	48066
"2005.02.18"	"Chechnya"	"Kurchaloi"	5	0	5	888	1425	2313	17684	30387	48071
"2005.02.19"	"Iraq"	"Baqubah"	42	91	133	930	1516	2446	17726	30478	48204
"2005.02.19"	"Algeria"	"Batna"	4	0	4	934	1516	2450	17730	30478	48208
"2005.02.20"	"Thailand"	"Narathiwat"	1	0	1	935	1516	2451	17731	30478	48209
"2005.02.21"	"Chechnya"	"Grozny"	9	2	11	944	1518	2462	17740	30480	48220
"2005.02.21"	"Thailand"	"Narathiwat"	1	2	3	945	1520	2465	17741	30482	48223
"2005.02.21"	"Thailand"	"Yala"	1	0	1	946	1520	2466	17742	30482	48224
"2005.02.22"	"Iraq"	"Baghdad"	4	30	34	950	1550	2500	17746	30512	48258
"2005.02.22"	"Afghanistan"	"Sangin"	2	0	2	952	1550	2502	17748	30512	48260
"2005.02.23"	"Iraq"	"Mosul"	2	14	16	954	1564	2518	17750	30526	48276
"2005.02.24"	"Afghanistan"	"Chakul"	9	0	9	963	1564	2527	17759	30526	48285
"2005.02.24"	"Iraq"	"Iskandariya"	3	8	11	966	1572	2538	17762	30534	48296
"2005.02.24"	"Thailand"	"Yala"	7	0	7	973	1572	2545	17769	30534	48303
"2005.02.24"	"Iraq"	"Tikrit"	15	22	37	988	1594	2582	17784	30556	48340
"2005.02.24"	"India"	"Sopore"	0	12	12	988	1606	2594	17784	30568	48352
"2005.02.24"	"India"	"Srinagar"	5	2	7	993	1608	2601	17789	30570	48359
"2005.02.24"	"Dagestan"	"Untsukul"	2	0	2	995	1608	2603	17791	30570	48361
"2005.02.25"	"Nigeria"	"Sokoto"	3	0	3	998	1608	2606	17794	30570	48364
"2005.02.25"	"Thailand"	"Narathiwat"	1	0	1	999	1608	2607	17795	30570	48365
"2005.02.25"	"Israel"	"Tel Aviv"	5	49	54	1004	1657	2661	17800	30619	48419
"2005.02.26"	"Thailand"	"Narathiwat"	1	0	1	1005	1657	2662	17801	30619	48420
"2005.02.27"	"Iraq"	"Mosul"	12	2	14	1017	1659	2676	17813	30621	48434
"2005.02.27"	"Algeria"	"Souk El-Khemis"	2	0	2	1019	1659	2678	17815	30621	48436
"2005.02.28"	"Afghanistan"	"Takhar"	2	0	2	1021	1659	2680	17817	30621	48438
"2005.02.28"	"India"	"Matribugh"	2	0	2	1023	1659	2682	17819	30621	48440
"2005.02.28"	"Sudan"	"Toray"	17	14	31	1040	1673	2713	17836	30635	48471
"2005.02.28"	"Iraq"	"Hilla"	135	141	276	1175	1814	2989	17971	30776	48747
"2005.02.28"	"India"	"Surankote"	1	0	1	1176	1814	2990	17972	30776	48748
"2005.03.01"	"Chechnya"	"Sernovodskiy"	1	16	17	1177	1830	3007	17973	30792	48765
"2005.03.01"	"Thailand"	"Pattani"	3	1	4	1180	1831	3011	17976	30793	48769
"2005.03.01"	"Thailand"	"Pattani"	1	1	2	1181	1832	3013	17977	30794	48771
"2005.03.02"	"Thailand"	"Narathiwat"	1	3	4	1182	1835	3017	17978	30797	48775
"2005.03.02"	"Bangladesh"	"Narsingdi"	0	10	10	1182	1845	3027	17978	30807	48785
"2005.03.02"	"Iraq"	"Baghdad"	13	30	43	1195	1875	3070	17991	30837	48828
"2005.03.03"	"Iraq"	"Baqubah"	1	3	4	1196	1878	3074	17992	30840	48832
"2005.03.03"	"Iraq"	"Baghdad"	5	7	12	1201	1885	3086	17997	30847	48844
"2005.03.03"	"Thailand"	"Narathiwat"	1	1	2	1202	1886	3088	17998	30848	48846
"2005.03.06"	"Thailand"	"Narathiwat"	2	0	2	1204	1886	3090	18000	30848	48848
"2005.03.06"	"Thailand"	"Narathiwat"	2	0	2	1206	1886	3092	18002	30848	48850
"2005.03.07"	"Thailand"	"Pattani"	3	0	3	1209	1886	3095	18005	30848	48853
"2005.03.07"	"Israel"	"Hebron"	0	2	2	1209	1888	3097	18005	30850	48855
"2005.03.07"	"Afghanistan"	"Kabul"	1	0	1	1210	1888	3098	18006	30850	48856
"2005.03.07"	"Iraq"	"Baqubah"	15	17	32	1225	1905	3130	18021	30867	48888
"2005.03.07"	"Iraq"	"Balad"	12	21	33	1237	1926	3163	18033	30888	48921
"2005.03.08"	"Pakistan"	"Danyore"	1	0	1	1238	1926	3164	18034	30888	48922
"2005.03.08"	"Bangladesh"	"Jalalpur"	1	0	1	1239	1926	3165	18035	30888	48923
"2005.03.09"	"Iraq"	"Baghdad"	2	40	42	1241	1966	3207	18037	30928	48965
"2005.03.09"	"Iraq"	"Al-Rumana"	41	0	41	1282	1966	3248	18078	30928	49006
"2005.03.10"	"Iraq"	"Mosul"	50	86	136	1332	2052	3384	18128	31014	49142
"2005.03.11"	"Philippines"	"Sulu"	5	4	9	1337	2056	3393	18133	31018	49151
"2005.03.12"	"Algeria"	"Bouira"	2	2	4	1339	2058	3397	18135	31020	49155
"2005.03.13"	"Iraq"	"Mosul"	6	1	7	1345	2059	3404	18141	31021	49162
"2005.03.13"	"Iraq"	"Hilla"	2	1	3	1347	2060	3407	18143	31022	49165
"2005.03.14"	"Philippines"	"Manila"	3	3	6	1350	2063	3413	18146	31025	49171
"2005.03.14"	"India"	"Baramulla"	2	0	2	1352	2063	3415	18148	31025	49173
"2005.03.14"	"Iraq"	"Baghdad"	6	10	16	1358	2073	3431	18154	31035	49189
"2005.03.15"	"Thailand"	"Yala"	1	3	4	1359	2076	3435	18155	31038	49193
"2005.03.15"	"Iraq"	"Baghdad"	4	7	11	1363	2083	3446	18159	31045	49204
"2005.03.15"	"Iraq"	"Baghdad"	1	4	5	1364	2087	3451	18160	31049	49209
"2005.03.15"	"India"	"Poonch"	0	7	7	1364	2094	3458	18160	31056	49216
"2005.03.15"	"India"	"Tangmarg"	2	0	2	1366	2094	3460	18162	31056	49218
"2005.03.16"	"Iraq"	"Baqubah"	3	8	11	1369	2102	3471	18165	31064	49229
"2005.03.17"	"India"	"Rajouri"	3	24	27	1372	2126	3498	18168	31088	49256
"2005.03.17"	"Afghanistan"	"Kandahar"	5	32	37	1377	2158	3535	18173	31120	49293
"2005.03.17"	"Nigeria"	"Benue"	1	0	1	1378	2158	3536	18174	31120	49294
"2005.03.17"	"Thailand"	"Pattani"	1	0	1	1379	2158	3537	18175	31120	49295
"2005.03.18"	"India"	"Bandipore"	1	6	7	1380	2164	3544	18176	31126	49302
"2005.03.19"	"Iraq"	"Kirkuk"	4	5	9	1384	2169	3553	18180	31131	49311
"2005.03.19"	"Thailand"	"Narathiwat"	2	2	4	1386	2171	3557	18182	31133	49315
"2005.03.19"	"Lebanon"	"Beirut"	2	11	13	1388	2182	3570	18184	31144	49328
"2005.03.19"	"Qatar"	"Doha"	1	16	17	1389	2198	3587	18185	31160	49345
"2005.03.20"	"Thailand"	"Yala"	1	13	14	1390	2211	3601	18186	31173	49359
"2005.03.20"	"Iraq"	"Mosul"	5	14	19	1395	2225	3620	18191	31187	49378
"2005.03.20"	"Pakistan"	"Fatehpur"	39	55	94	1434	2280	3714	18230	31242	49472
"2005.03.20"	"Afghanistan"	"Khost"	2	0	2	1436	2280	3716	18232	31242	49474
"2005.03.21"	"Iraq"	"Sammarah"	3	6	9	1439	2286	3725	18235	31248	49483
"2005.03.21"	"Iraq"	"Aziziyah"	7	0	7	1446	2286	3732	18242	31248	49490
"2005.03.21"	"Thailand"	"Songkhla"	1	3	4	1447	2289	3736	18243	31251	49494
"2005.03.22"	"Chechnya"	"Grozny"	1	0	1	1448	2289	3737	18244	31251	49495
"2005.03.22"	"Iraq"	"Mosul"	10	0	10	1458	2289	3747	18254	31251	49505
"2005.03.23"	"Lebanon"	"Jounieh"	3	3	6	1461	2292	3753	18257	31254	49511
"2005.03.23"	"India"	"Srinagar"	1	5	6	1462	2297	3759	18258	31259	49517
"2005.03.23"	"Thailand"	"Narathiwat"	1	0	1	1463	2297	3760	18259	31259	49518
"2005.03.23"	"Thailand"	"Pattani"	1	0	1	1464	2297	3761	18260	31259	49519
"2005.03.23"	"Afghanistan"	"Gereshk"	2	1	3	1466	2298	3764	18262	31260	49522
"2005.03.24"	"Iraq"	"Basra"	2	0	2	1468	2298	3766	18264	31260	49524
"2005.03.24"	"Chechnya"	"Petropavlovskaya"	1	0	1	1469	2298	3767	18265	31260	49525
"2005.03.24"	"India"	"Bakhipora"	2	0	2	1471	2298	3769	18267	31260	49527
"2005.03.24"	"Iraq"	"Baghdad"	5	0	5	1476	2298	3774	18272	31260	49532
"2005.03.24"	"Thailand"	"Yala"	0	4	4	1476	2302	3778	18272	31264	49536
"2005.03.25"	"India"	"Manwa-Dangal"	1	0	1	1477	2302	3779	18273	31264	49537
"2005.03.25"	"Iraq"	"Ramadi"	11	14	25	1488	2316	3804	18284	31278	49562
"2005.03.25"	"Iraq"	"Karbala"	2	19	21	1490	2335	3825	18286	31297	49583
"2005.03.25"	"Chechnya"	"Proletarskiy"	2	0	2	1492	2335	3827	18288	31297	49585
"2005.03.25"	"Afghanistan"	"Oruzgan"	2	0	2	1494	2335	3829	18290	31297	49587
"2005.03.26"	"Thailand"	"Narathiwat"	2	0	2	1496	2335	3831	18292	31297	49589
"2005.03.26"	"India"	"Srinagar"	1	16	17	1497	2351	3848	18293	31313	49606
"2005.03.26"	"Iraq"	"Tal Afar"	4	6	10	1501	2357	3858	18297	31319	49616
"2005.03.26"	"Lebanon"	"Beirut"	0	5	5	1501	2362	3863	18297	31324	49621
"2005.03.27"	"Pakistan"	"Khambay"	1	6	7	1502	2368	3870	18298	31330	49628
"2005.03.27"	"Iraq"	"Abu Tamir"	6	3	9	1508	2371	3879	18304	31333	49637
"2005.03.27"	"India"	"Udhampur"	4	0	4	1512	2371	3883	18308	31333	49641
"2005.03.27"	"Thailand"	"Narathiwat"	0	15	15	1512	2386	3898	18308	31348	49656
"2005.03.27"	"Iraq"	"Baghdad"	2	2	4	1514	2388	3902	18310	31350	49660
"2005.03.27"	"Afghanistan"	"Laghman"	4	0	4	1518	2388	3906	18314	31350	49664
"2005.03.28"	"Iraq"	"Karbala"	7	9	16	1525	2397	3922	18321	31359	49680
"2005.03.28"	"India"	"Machan"	2	8	10	1527	2405	3932	18323	31367	49690
"2005.03.28"	"Yemen"	"Saada"	4	0	4	1531	2405	3936	18327	31367	49694
"2005.03.29"	"Algeria"	"Thenia"	1	0	1	1532	2405	3937	18328	31367	49695
"2005.03.29"	"Iraq"	"Mussayib"	5	5	10	1537	2410	3947	18333	31372	49705
"2005.03.29"	"India"	"Biwilian"	1	0	1	1538	2410	3948	18334	31372	49706
"2005.03.29"	"Afghanistan"	"Anar Darah"	4	0	4	1542	2410	3952	18338	31372	49710
"2005.03.30"	"Iraq"	"Mahawil"	1	2	3	1543	2412	3955	18339	31374	49713
"2005.03.30"	"Iraq"	"Mosul"	6	8	14	1549	2420	3969	18345	31382	49727
"2005.03.31"	"India"	"Sonabrari"	3	0	3	1552	2420	3972	18348	31382	49730
"2005.03.31"	"India"	"Thanna Mandi"	5	5	10	1557	2425	3982	18353	31387	49740
"2005.03.31"	"Iraq"	"Tuz Khormato"	5	14	19	1562	2439	4001	18358	31401	49759
"2005.04.01"	"Afghanistan"	"Peyazkar"	2	0	2	1564	2439	4003	18360	31401	49761
"2005.04.01"	"Lebanon"	"Broummana"	0	12	12	1564	2451	4015	18360	31413	49773
"2005.04.01"	"Afghanistan"	"Spin Boldak"	3	0	3	1567	2451	4018	18363	31413	49776
"2005.04.01"	"Pakistan"	"Lahore"	1	3	4	1568	2454	4022	18364	31416	49780
"2005.04.02"	"Iraq"	"Baghdad"	6	5	11	1574	2459	4033	18370	31421	49791
"2005.04.02"	"Afghanistan"	"Kandahar"	4	5	9	1578	2464	4042	18374	31426	49800
"2005.04.02"	"Thailand"	"Narathiwat"	1	0	1	1579	2464	4043	18375	31426	49801
"2005.04.03"	"Algeria"	"Chlef"	1	0	1	1580	2464	4044	18376	31426	49802
"2005.04.03"	"Chechnya"	"Sernovodsk"	3	1	4	1583	2465	4048	18379	31427	49806
"2005.04.03"	"Afghanistan"	"Helmand"	9	3	12	1592	2468	4060	18388	31430	49818
"2005.04.03"	"Thailand"	"Songkhla"	5	86	91	1597	2554	4151	18393	31516	49909
"2005.04.03"	"Algeria"	"Boumerdes"	3	2	5	1600	2556	4156	18396	31518	49914
"2005.04.04"	"Algeria"	"Boumerdes"	5	11	16	1605	2567	4172	18401	31529	49930
"2005.04.05"	"Thailand"	"Narathiwat"	2	0	2	1607	2567	4174	18403	31529	49932
"2005.04.05"	"India"	"Jammu"	2	3	5	1609	2570	4179	18405	31532	49937
"2005.04.06"	"Iraq"	"Mosul"	2	0	2	1611	2570	4181	18407	31532	49939
"2005.04.06"	"India"	"Hanjivira"	0	7	7	1611	2577	4188	18407	31539	49946
"2005.04.06"	"Afghanistan"	"Charchino"	3	0	3	1614	2577	4191	18410	31539	49949
"2005.04.06"	"Thailand"	"Pattani"	1	0	1	1615	2577	4192	18411	31539	49950
"2005.04.07"	"Egypt"	"Cairo"	3	18	21	1618	2595	4213	18414	31557	49971
"2005.04.07"	"India"	"Srinagar"	0	7	7	1618	2602	4220	18414	31564	49978
"2005.04.07"	"Algeria"	"Oued Djerma"	14	0	14	1632	2602	4234	18428	31564	49992
"2005.04.07"	"Sudan"	"Khor Abeche"	17	0	17	1649	2602	4251	18445	31564	50009
"2005.04.07"	"Pakistan"	"Peshawar"	2	0	2	1651	2602	4253	18447	31564	50011
"2005.04.08"	"Algeria"	"Jijel"	2	0	2	1653	2602	4255	18449	31564	50013
"2005.04.08"	"Iraq"	"Latifiya"	15	0	15	1668	2602	4270	18464	31564	50028
"2005.04.08"	"Iraq"	"Baghdad"	4	0	4	1672	2602	4274	18468	31564	50032
"2005.04.08"	"Iraq"	"Baqubah"	10	0	10	1682	2602	4284	18478	31564	50042
"2005.04.09"	"Afghanistan"	"Qalat"	1	0	1	1683	2602	4285	18479	31564	50043
"2005.04.09"	"Iraq"	"Mosul"	2	13	15	1685	2615	4300	18481	31577	50058
"2005.04.09"	"Thailand"	"Yala"	1	0	1	1686	2615	4301	18482	31577	50059
"2005.04.10"	"India"	"Srinagar"	4	3	7	1690	2618	4308	18486	31580	50066
"2005.04.10"	"India"	"Shopian"	2	20	22	1692	2638	4330	18488	31600	50088
"2005.04.10"	"Nigeria"	"Benue"	14	4	18	1706	2642	4348	18502	31604	50106
"2005.04.11"	"Thailand"	"Narathiwat"	2	0	2	1708	2642	4350	18504	31604	50108
"2005.04.11"	"Thailand"	"Pattani"	1	0	1	1709	2642	4351	18505	31604	50109
"2005.04.11"	"Iraq"	"Samarrah"	3	22	25	1712	2664	4376	18508	31626	50134
"2005.04.11"	"Iraq"	"Qaim"	0	0	0	1712	2664	4376	18508	31626	50134
"2005.04.12"	"Iraq"	"Tal Afar"	5	8	13	1717	2672	4389	18513	31634	50147
"2005.04.12"	"Iraq"	"Mosul"	5	12	17	1722	2684	4406	18518	31646	50164
"2005.04.12"	"India"	"Shopian"	1	0	1	1723	2684	4407	18519	31646	50165
"2005.04.12"	"Philippines"	"Tagaya"	4	2	6	1727	2686	4413	18523	31648	50171
"2005.04.13"	"Algeria"	"Tebessa"	3	3	6	1730	2689	4419	18526	31651	50177
"2005.04.13"	"Algeria"	"Relizane"	2	5	7	1732	2694	4426	18528	31656	50184
"2005.04.13"	"Iraq"	"Kirkuk"	12	3	15	1744	2697	4441	18540	31659	50199
"2005.04.13"	"Dagestan"	"Makhachkala"	1	2	3	1745	2699	4444	18541	31661	50202
"2005.04.14"	"Iraq"	"Baghdad"	18	36	54	1763	2735	4498	18559	31697	50256
"2005.04.14"	"Iraq"	"Kirkuk"	6	0	6	1769	2735	4504	18565	31697	50262
"2005.04.14"	"Iraq"	"Mahawil"	4	6	10	1773	2741	4514	18569	31703	50272
"2005.04.15"	"Afghanistan"	"Deh Rawod"	2	2	4	1775	2743	4518	18571	31705	50276
"2005.04.16"	"Iraq"	"Baqubah"	9	12	21	1784	2755	4539	18580	31717	50297
"2005.04.16"	"Iraq"	"Baghdad"	3	6	9	1787	2761	4548	18583	31723	50306
"2005.04.16"	"Iran"	"Ahvaz"	3	24	27	1790	2785	4575	18586	31747	50333
"2005.04.17"	"Chechnya"	"Nozhai-Yurt"	1	0	1	1791	2785	4576	18587	31747	50334
"2005.04.17"	"Pakistan"	"Kandahar"	1	3	4	1792	2788	4580	18588	31750	50338
"2005.04.18"	"Thailand"	"Narathiwat"	1	0	1	1793	2788	4581	18589	31750	50339
"2005.04.18"	"Somalia"	"Mogadishu"	1	2	3	1794	2790	4584	18590	31752	50342
"2005.04.19"	"Thailand"	"Pattani"	1	0	1	1795	2790	4585	18591	31752	50343
"2005.04.19"	"Dagestan"	"Makhachkala"	1	1	2	1796	2791	4587	18592	31753	50345
"2005.04.19"	"Iraq"	"Baghdad"	4	38	42	1800	2829	4629	18596	31791	50387
"2005.04.19"	"Iraq"	"Baghdad"	2	4	6	1802	2833	4635	18598	31795	50393
"2005.04.20"	"Iraq"	"Haditha"	19	0	19	1821	2833	4654	18617	31795	50412
"2005.04.20"	"Iraq"	"Baghdad"	4	13	17	1825	2846	4671	18621	31808	50429
"2005.04.20"	"India"	"Sopore"	2	10	12	1827	2856	4683	18623	31818	50441
"2005.04.20"	"Pakistan"	"Nowshera"	1	0	1	1828	2856	4684	18624	31818	50442
"2005.04.20"	"Thailand"	"Pattani"	1	0	1	1829	2856	4685	18625	31818	50443
"2005.04.20"	"Thailand"	"Narathiwat"	1	0	1	1830	2856	4686	18626	31818	50444
"2005.04.21"	"Thailand"	"Narathiwat"	1	0	1	1831	2856	4687	18627	31818	50445
"2005.04.21"	"Iraq"	"Suwayrah"	57	0	57	1888	2856	4744	18684	31818	50502
"2005.04.21"	"Iraq"	"al-Taji"	11	0	11	1899	2856	4755	18695	31818	50513
"2005.04.21"	"Saudi Arabia"	"Mecca"	2	0	2	1901	2856	4757	18697	31818	50515
"2005.04.22"	"India"	"Baramulla"	2	0	2	1903	2856	4759	18699	31818	50517
"2005.04.22"	"Iraq"	"Baqubah"	1	1	2	1904	2857	4761	18700	31819	50519
"2005.04.22"	"Iraq"	"Baghdad"	12	26	38	1916	2883	4799	18712	31845	50557
"2005.04.22"	"Algeria"	"Bir El Ater"	2	0	2	1918	2883	4801	18714	31845	50559
"2005.04.22"	"Dagestan"	"Makhachkala"	1	1	2	1919	2884	4803	18715	31846	50561
"2005.04.22"	"Afghanistan"	"Maywand"	1	0	1	1920	2884	4804	18716	31846	50562
"2005.04.23"	"Thailand"	"Pattani"	1	0	1	1921	2884	4805	18717	31846	50563
"2005.04.23"	"England"	"Southall"	1	0	1	1922	2884	4806	18718	31846	50564
"2005.04.23"	"Algeria"	"Ain Defla"	4	4	8	1926	2888	4814	18722	31850	50572
"2005.04.23"	"Iraq"	"Baghdad"	13	30	43	1939	2918	4857	18735	31880	50615
"2005.04.24"	"Afghanistan"	"Kandahar"	2	0	2	1941	2918	4859	18737	31880	50617
"2005.04.24"	"Iraq"	"Baghdad"	15	40	55	1956	2958	4914	18752	31920	50672
"2005.04.24"	"Iraq"	"Tikrit"	6	33	39	1962	2991	4953	18758	31953	50711
"2005.04.24"	"Thailand"	"Narathiwat"	2	3	5	1964	2994	4958	18760	31956	50716
"2005.04.24"	"Indonesia"	"Sulawesi"	6	0	6	1970	2994	4964	18766	31956	50722
"2005.04.24"	"Chechnya"	"Shelkovskaya"	1	0	1	1971	2994	4965	18767	31956	50723
"2005.04.25"	"Philippines"	"Jolo"	2	5	7	1973	2999	4972	18769	31961	50730
"2005.04.25"	"Yemen"	"Sanaa"	2	2	4	1975	3001	4976	18771	31963	50734
"2005.04.25"	"India"	"Khurhama"	1	0	1	1976	3001	4977	18772	31963	50735
"2005.04.26"	"Afghanistan"	"Paktia"	1	0	1	1977	3001	4978	18773	31963	50736
"2005.04.26"	"Afghanistan"	"Dishu"	4	2	6	1981	3003	4984	18777	31965	50742
"2005.04.27"	"Iraq"	"Najaf"	1	0	1	1982	3003	4985	18778	31965	50743
"2005.04.27"	"India"	"Pahalgam"	1	0	1	1983	3003	4986	18779	31965	50744
"2005.04.27"	"Thailand"	"Pattani"	1	1	2	1984	3004	4988	18780	31966	50746
"2005.04.28"	"Algeria"	"Sidi Daoud"	2	0	2	1986	3004	4990	18782	31966	50748
"2005.04.29"	"Iraq"	"Baghdad"	41	120	161	2027	3124	5151	18823	32086	50909
"2005.04.29"	"Kabardino-Balk."	"Nalchik"	4	2	6	2031	3126	5157	18827	32088	50915
"2005.04.29"	"Thailand"	"Pattani"	1	0	1	2032	3126	5158	18828	32088	50916
"2005.04.29"	"Thailand"	"Narathiwat"	1	0	1	2033	3126	5159	18829	32088	50917
"2005.04.30"	"Iraq"	"Baghdad"	11	36	47	2044	3162	5206	18840	32124	50964
"2005.04.30"	"Egypt"	"Cairo"	0	9	9	2044	3171	5215	18840	32133	50973
"2005.05.01"	"Israel"	"Tzieda"	1	1	2	2045	3172	5217	18841	32134	50975
"2005.05.01"	"Iraq"	"Tal Afar"	25	51	76	2070	3223	5293	18866	32185	51051
"2005.05.01"	"Afghanistan"	"Baghlan"	3	0	3	2073	3223	5296	18869	32185	51054
"2005.05.01"	"Iraq"	"Baghdad"	5	0	5	2078	3223	5301	18874	32185	51059
"2005.05.01"	"Iraq"	"Baghdad"	4	5	9	2082	3228	5310	18878	32190	51068
"2005.05.02"	"Iraq"	"Mosul"	23	50	73	2105	3278	5383	18901	32240	51141
"2005.05.02"	"Afghanistan"	"Shah Wali Kot"	2	4	6	2107	3282	5389	18903	32244	51147
"2005.05.02"	"India"	"Harni"	1	4	5	2108	3286	5394	18904	32248	51152
"2005.05.02"	"Thailand"	"Narathiwat"	1	1	2	2109	3287	5396	18905	32249	51154
"2005.05.02"	"Thailand"	"Yala"	1	0	1	2110	3287	5397	18906	32249	51155
"2005.05.03"	"Thailand"	"Pattani"	1	0	1	2111	3287	5398	18907	32249	51156
"2005.05.03"	"India"	"Pulwama"	0	14	14	2111	3301	5412	18907	32263	51170
"2005.05.03"	"India"	"Pattan"	5	0	5	2116	3301	5417	18912	32263	51175
"2005.05.04"	"Iraq"	"Erbil"	60	150	210	2176	3451	5627	18972	32413	51385
"2005.05.04"	"Thailand"	"Narathiwat"	1	1	2	2177	3452	5629	18973	32414	51387
"2005.05.05"	"Iraq"	"Baghdad"	22	43	65	2199	3495	5694	18995	32457	51452
"2005.05.05"	"India"	"Udhampur"	3	22	25	2202	3517	5719	18998	32479	51477
"2005.05.05"	"Afghanistan"	"Shah Wali Kot"	9	3	12	2211	3520	5731	19007	32482	51489
"2005.05.06"	"Thailand"	"Pattani"	2	0	2	2213	3520	5733	19009	32482	51491
"2005.05.06"	"Afghanistan"	"Andar"	2	0	2	2215	3520	5735	19011	32482	51493
"2005.05.06"	"Afghanistan"	"Charcheno"	1	0	1	2216	3520	5736	19012	32482	51494
"2005.05.06"	"Iraq"	"Tikrit"	7	8	15	2223	3528	5751	19019	32490	51509
"2005.05.06"	"Iraq"	"Suwayrah"	16	36	52	2239	3564	5803	19035	32526	51561
"2005.05.06"	"Iraq"	"Baghdad"	14	0	14	2253	3564	5817	19049	32526	51575
"2005.05.07"	"Lebanon"	"Jounieh"	2	28	30	2255	3592	5847	19051	32554	51605
"2005.05.07"	"Yemen"	"Sanaa"	0	5	5	2255	3597	5852	19051	32559	51610
"2005.05.07"	"Iraq"	"Baghdad"	22	36	58	2277	3633	5910	19073	32595	51668
"2005.05.07"	"Thailand"	"Yala"	1	0	1	2278	3633	5911	19074	32595	51669
"2005.05.08"	"Afghanistan"	"Kabul"	2	6	8	2280	3639	5919	19076	32601	51677
"2005.05.08"	"India"	"Kuligam-Lalpora"	1	2	3	2281	3641	5922	19077	32603	51680
"2005.05.09"	"Thailand"	"Narathiwat"	1	0	1	2282	3641	5923	19078	32603	51681
"2005.05.09"	"India"	"Chakka"	3	0	3	2285	3641	5926	19081	32603	51684
"2005.05.09"	"Iraq"	"Baghdad"	4	8	12	2289	3649	5938	19085	32611	51696
"2005.05.10"	"Iraq"	"Baghdad"	7	16	23	2296	3665	5961	19092	32627	51719
"2005.05.10"	"Algeria"	"Boghni"	1	1	2	2297	3666	5963	19093	32628	51721
"2005.05.10"	"Thailand"	"Pattani"	2	0	2	2299	3666	5965	19095	32628	51723
"2005.05.10"	"Thailand"	"Yala"	1	0	1	2300	3666	5966	19096	32628	51724
"2005.05.10"	"Dagestan"	"Makhachkala"	2	4	6	2302	3670	5972	19098	32632	51730
"2005.05.11"	"Thailand"	"Pattani"	1	0	1	2303	3670	5973	19099	32632	51731
"2005.05.11"	"Afghanistan"	"Shindand"	3	2	5	2306	3672	5978	19102	32634	51736
"2005.05.11"	"Iraq"	"Hawija"	30	37	67	2336	3709	6045	19132	32671	51803
"2005.05.11"	"Iraq"	"Tikrit"	27	75	102	2363	3784	6147	19159	32746	51905
"2005.05.11"	"Iraq"	"Baghdad"	4	14	18	2367	3798	6165	19163	32760	51923
"2005.05.11"	"India"	"Srinagar"	1	40	41	2368	3838	6206	19164	32800	51964
"2005.05.12"	"Iraq"	"Baghdad"	17	65	82	2385	3903	6288	19181	32865	52046
"2005.05.12"	"India"	"Srinagar"	2	46	48	2387	3949	6336	19183	32911	52094
"2005.05.12"	"Thailand"	"Narathiwat"	1	0	1	2388	3949	6337	19184	32911	52095
"2005.05.13"	"Iraq"	"Baiji"	5	0	5	2393	3949	6342	19189	32911	52100
"2005.05.13"	"Chechnya"	"Ishkhoi-Yurt"	2	3	5	2395	3952	6347	19191	32914	52105
"2005.05.13"	"India"	"Sangdan"	1	0	1	2396	3952	6348	19192	32914	52106
"2005.05.13"	"Iraq"	"Baqubah"	3	6	9	2399	3958	6357	19195	32920	52115
"2005.05.14"	"India"	"Srinagar"	1	0	1	2400	3958	6358	19196	32920	52116
"2005.05.14"	"Iraq"	"Jurf al-Sakhar"	3	0	3	2403	3958	6361	19199	32920	52119
"2005.05.14"	"India"	"Kalakote"	4	1	5	2407	3959	6366	19203	32921	52124
"2005.05.14"	"Iraq"	"Baghdad"	4	10	14	2411	3969	6380	19207	32931	52138
"2005.05.15"	"Algeria"	"Khenchela"	11	0	11	2422	3969	6391	19218	32931	52149
"2005.05.15"	"Iraq"	"Latifiya"	6	0	6	2428	3969	6397	19224	32931	52155
"2005.05.15"	"Thailand"	"Narathiwat"	1	5	6	2429	3974	6403	19225	32936	52161
"2005.05.15"	"Iraq"	"Baqubah"	5	20	25	2434	3994	6428	19230	32956	52186
"2005.05.15"	"Iraq"	"Iskandariya"	34	0	34	2468	3994	6462	19264	32956	52220
"2005.05.16"	"Iraq"	"Aalgaya"	2	2	4	2470	3996	6466	19266	32958	52224
"2005.05.16"	"Iraq"	"Baghdad"	3	0	3	2473	3996	6469	19269	32958	52227
"2005.05.16"	"Indonesia"	"Maluku"	6	0	6	2479	3996	6475	19275	32958	52233
"2005.05.16"	"Thailand"	"Narathiwat"	1	0	1	2480	3996	6476	19276	32958	52234
"2005.05.17"	"Algeria"	"Lakhdaria"	3	5	8	2483	4001	6484	19279	32963	52242
"2005.05.17"	"India"	"Srinagar"	2	17	19	2485	4018	6503	19281	32980	52261
"2005.05.17"	"India"	"Lohardaga"	4	3	7	2489	4021	6510	19285	32983	52268
"2005.05.17"	"Iraq"	"Dujail"	6	0	6	2495	4021	6516	19291	32983	52274
"2005.05.18"	"Afghanistan"	"Kabul"	1	0	1	2496	4021	6517	19292	32983	52275
"2005.05.18"	"Afghanistan"	"Helmand"	5	0	5	2501	4021	6522	19297	32983	52280
"2005.05.18"	"Thailand"	"Narathiwat"	1	0	1	2502	4021	6523	19298	32983	52281
"2005.05.18"	"Chechnya"	"Staryye Atagi"	1	0	1	2503	4021	6524	19299	32983	52282
"2005.05.19"	"Iraq"	"Baghdad"	1	8	9	2504	4029	6533	19300	32991	52291
"2005.05.19"	"Iraq"	"Samarrah"	2	0	2	2506	4029	6535	19302	32991	52293
"2005.05.19"	"Afghanistan"	"Zabul"	6	0	6	2512	4029	6541	19308	32991	52299
"2005.05.19"	"Iraq"	"Mosul"	7	3	10	2519	4032	6551	19315	32994	52309
"2005.05.20"	"Dagestan"	"Makhachkala"	2	2	4	2521	4034	6555	19317	32996	52313
"2005.05.20"	"Iraq"	"Baghdad"	2	3	5	2523	4037	6560	19319	32999	52318
"2005.05.20"	"India"	"Mogla"	4	0	4	2527	4037	6564	19323	32999	52322
"2005.05.22"	"Iraq"	"Baghdad"	2	3	5	2529	4040	6569	19325	33002	52327
"2005.05.22"	"Thailand"	"Pattani"	2	0	2	2531	4040	6571	19327	33002	52329
"2005.05.23"	"Iraq"	"Baghdad"	10	82	92	2541	4122	6663	19337	33084	52421
"2005.05.23"	"Iraq"	"Mahmoudiya"	7	22	29	2548	4144	6692	19344	33106	52450
"2005.05.23"	"Iraq"	"Tal Afar"	35	25	60	2583	4169	6752	19379	33131	52510
"2005.05.23"	"India"	"Kashmir"	3	3	6	2586	4172	6758	19382	33134	52516
"2005.05.24"	"Iraq"	"Baghdad"	6	8	14	2592	4180	6772	19388	33142	52530
"2005.05.25"	"Chechnya"	"Nizhny Gerzel"	1	0	1	2593	4180	6773	19389	33142	52531
"2005.05.25"	"Thailand"	"Pattani"	1	2	3	2594	4182	6776	19390	33144	52534
"2005.05.25"	"Pakistan"	"Makin"	6	0	6	2600	4182	6782	19396	33144	52540
"2005.05.26"	"Iraq"	"Baghdad"	3	6	9	2603	4188	6791	19399	33150	52549
"2005.05.26"	"Iraq"	"Baghdad"	5	0	5	2608	4188	6796	19404	33150	52554
"2005.05.26"	"Philippines"	"Zamboanga"	3	13	16	2611	4201	6812	19407	33163	52570
"2005.05.27"	"Algeria"	"Ain Defla"	1	0	1	2612	4201	6813	19408	33163	52571
"2005.05.27"	"Thailand"	"Pattani"	1	0	1	2613	4201	6814	19409	33163	52572
"2005.05.27"	"Thailand"	"Yala"	2	0	2	2615	4201	6816	19411	33163	52574
"2005.05.27"	"Iraq"	"Tikrit"	2	24	26	2617	4225	6842	19413	33187	52600
"2005.05.27"	"Pakistan"	"Islamabad"	19	41	60	2636	4266	6902	19432	33228	52660
"2005.05.27"	"Philippines"	"Sulu"	2	3	5	2638	4269	6907	19434	33231	52665
"2005.05.27"	"Nigeria"	"Sokoto"	1	14	15	2639	4283	6922	19435	33245	52680
"2005.05.28"	"Iraq"	"Baghdad"	1	0	1	2640	4283	6923	19436	33245	52681
"2005.05.28"	"Indonesia"	"Sulawesi"	24	54	78	2664	4337	7001	19460	33299	52759
"2005.05.28"	"Iraq"	"Sinjar"	5	45	50	2669	4382	7051	19465	33344	52809
"2005.05.28"	"Algeria"	"Batna"	1	0	1	2670	4382	7052	19466	33344	52810
"2005.05.29"	"India"	"Anantnag"	0	44	44	2670	4426	7096	19466	33388	52854
"2005.05.29"	"Iraq"	"Mosul"	8	0	8	2678	4426	7104	19474	33388	52862
"2005.05.29"	"Iraq"	"Tuz"	2	9	11	2680	4435	7115	19476	33397	52873
"2005.05.29"	"Iraq"	"al-Madyen"	2	8	10	2682	4443	7125	19478	33405	52883
"2005.05.29"	"Pakistan"	"Kani Wam"	3	2	5	2685	4445	7130	19481	33407	52888
"2005.05.29"	"Afghanistan"	"Kandahar"	1	0	1	2686	4445	7131	19482	33407	52889
"2005.05.30"	"Iraq"	"Baghdad"	27	118	145	2713	4563	7276	19509	33525	53034
"2005.05.30"	"Thailand"	"Pattani"	1	0	1	2714	4563	7277	19510	33525	53035
"2005.05.30"	"Afghanistan"	"Arghandab"	4	7	11	2718	4570	7288	19514	33532	53046
"2005.05.31"	"Thailand"	"Narathiwat"	1	0	1	2719	4570	7289	19515	33532	53047
"2005.05.31"	"Thailand"	"Yala"	1	0	1	2720	4570	7290	19516	33532	53048
"2005.05.31"	"Chechnya"	"Grozny"	1	0	1	2721	4570	7291	19517	33532	53049
"2005.05.31"	"Algeria"	"Boumerdes"	2	5	7	2723	4575	7298	19519	33537	53056
"2005.05.31"	"Pakistan"	"Karachi"	5	26	31	2728	4601	7329	19524	33563	53087
"2005.05.31"	"Pakistan"	"Karachi"	6	0	6	2734	4601	7335	19530	33563	53093
"2005.06.01"	"Afghanistan"	"Lashkargah"	2	5	7	2736	4606	7342	19532	33568	53100
"2005.06.01"	"Afghanistan"	"Kandahar"	21	42	63	2757	4648	7405	19553	33610	53163
"2005.06.01"	"Thailand"	"Yala"	1	0	1	2758	4648	7406	19554	33610	53164
"2005.06.01"	"Thailand"	"Narathiwat"	1	0	1	2759	4648	7407	19555	33610	53165
"2005.06.02"	"Iraq"	"Mosul"	5	0	5	2764	4648	7412	19560	33610	53170
"2005.06.02"	"India"	"Harwan"	4	1	5	2768	4649	7417	19564	33611	53175
"2005.06.02"	"Iraq"	"Tuz Khormato"	12	40	52	2780	4689	7469	19576	33651	53227
"2005.06.02"	"Iraq"	"Kirkuk"	4	11	15	2784	4700	7484	19580	33662	53242
"2005.06.02"	"Iraq"	"Baqubah"	4	4	8	2788	4704	7492	19584	33666	53250
"2005.06.02"	"Lebanon"	"Beirut"	1	1	2	2789	4705	7494	19585	33667	53252
"2005.06.02"	"Iraq"	"Mosul"	5	13	18	2794	4718	7512	19590	33680	53270
"2005.06.02"	"Iraq"	"Baghdad"	9	0	9	2803	4718	7521	19599	33680	53279
"2005.06.03"	"Iraq"	"Balad"	10	12	22	2813	4730	7543	19609	33692	53301
"2005.06.03"	"Afghanistan"	"Kandahar"	5	5	10	2818	4735	7553	19614	33697	53311
"2005.06.03"	"Afghanistan"	"Tirin Kot"	1	1	2	2819	4736	7555	19615	33698	53313
"2005.06.03"	"Thailand"	"Pattani"	1	0	1	2820	4736	7556	19616	33698	53314
"2005.06.04"	"Algeria"	"Aomar"	1	0	1	2821	4736	7557	19617	33698	53315
"2005.06.04"	"Mauritania"	"Limgheiti"	15	19	34	2836	4755	7591	19632	33717	53349
"2005.06.05"	"Iraq"	"Shorgat"	1	3	4	2837	4758	7595	19633	33720	53353
"2005.06.05"	"India"	"Bandipore"	2	0	2	2839	4758	7597	19635	33720	53355
"2005.06.05"	"Thailand"	"Narathiwat"	2	0	2	2841	4758	7599	19637	33720	53357
"2005.06.05"	"Thailand"	"Pattani"	1	0	1	2842	4758	7600	19638	33720	53358
"2005.06.06"	"Thailand"	"Narathiwat"	1	0	1	2843	4758	7601	19639	33720	53359
"2005.06.07"	"Iraq"	"Habaniyah"	7	0	7	2850	4758	7608	19646	33720	53366
"2005.06.07"	"Iraq"	"Hawija"	18	38	56	2868	4796	7664	19664	33758	53422
"2005.06.07"	"Afghanistan"	"Spin Boldak"	2	0	2	2870	4796	7666	19666	33758	53424
"2005.06.07"	"Algeria"	"M'sila"	13	6	19	2883	4802	7685	19679	33764	53443
"2005.06.07"	"Israel"	"Ganei Tal"	3	0	3	2886	4802	7688	19682	33764	53446
"2005.06.07"	"India"	"Bahk-e-Hakar"	1	0	1	2887	4802	7689	19683	33764	53447
"2005.06.07"	"Afghanistan"	"Gilan"	1	0	1	2888	4802	7690	19684	33764	53448
"2005.06.09"	"Iraq"	"Kirkuk"	2	0	2	2890	4802	7692	19686	33764	53450
"2005.06.09"	"Chechnya"	"Tver"	7	1	8	2897	4803	7700	19693	33765	53458
"2005.06.09"	"Syria"	"Damascus"	1	1	2	2898	4804	7702	19694	33766	53460
"2005.06.09"	"Iraq"	"Qaim"	17	0	17	2915	4804	7719	19711	33766	53477
"2005.06.09"	"Thailand"	"Yala"	1	0	1	2916	4804	7720	19712	33766	53478
"2005.06.10"	"Thailand"	"Narathiwat"	2	0	2	2918	4804	7722	19714	33766	53480
"2005.06.10"	"Iraq"	"Basra"	2	0	2	2920	4804	7724	19716	33766	53482
"2005.06.11"	"Iraq"	"Diyara"	11	2	13	2931	4806	7737	19727	33768	53495
"2005.06.11"	"Iraq"	"Najaf"	2	3	5	2933	4809	7742	19729	33771	53500
"2005.06.11"	"Iraq"	"Baghdad"	10	0	10	2943	4809	7752	19739	33771	53510
"2005.06.11"	"Thailand"	"Narathiwat"	1	0	1	2944	4809	7753	19740	33771	53511
"2005.06.12"	"Iran"	"Ahvaz"	8	74	82	2952	4883	7835	19748	33845	53593
"2005.06.12"	"Afghanistan"	"Kandahar"	1	4	5	2953	4887	7840	19749	33849	53598
"2005.06.12"	"Iraq"	"Baghdad"	3	4	7	2956	4891	7847	19752	33853	53605
"2005.06.12"	"Russia"	"Uzunova"	0	15	15	2956	4906	7862	19752	33868	53620
"2005.06.13"	"Thailand"	"Narathiwat"	1	3	4	2957	4909	7866	19753	33871	53624
"2005.06.13"	"Thailand"	"Pattani"	1	1	2	2958	4910	7868	19754	33872	53626
"2005.06.13"	"India"	"Pulwama"	13	100	113	2971	5010	7981	19767	33972	53739
"2005.06.13"	"Algeria"	"Khadirat El Nukta"	4	6	10	2975	5016	7991	19771	33978	53749
"2005.06.14"	"Afghanistan"	"Khost"	7	0	7	2982	5016	7998	19778	33978	53756
"2005.06.14"	"Iraq"	"Kirkuk"	19	89	108	3001	5105	8106	19797	34067	53864
"2005.06.14"	"Iraq"	"Baqubah"	6	4	10	3007	5109	8116	19803	34071	53874
"2005.06.15"	"Iraq"	"Baghdad"	4	29	33	3011	5138	8149	19807	34100	53907
"2005.06.15"	"Iraq"	"Khalis"	23	28	51	3034	5166	8200	19830	34128	53958
"2005.06.15"	"India"	"Chaklas"	2	0	2	3036	5166	8202	19832	34128	53960
"2005.06.15"	"Afghanistan"	"Kandahar"	1	0	1	3037	5166	8203	19833	34128	53961
"2005.06.15"	"Thailand"	"Pattani"	4	0	4	3041	5166	8207	19837	34128	53965
"2005.06.16"	"Iraq"	"Mosul"	2	0	2	3043	5166	8209	19839	34128	53967
"2005.06.16"	"Thailand"	"Narathiwat"	2	3	5	3045	5169	8214	19841	34131	53972
"2005.06.16"	"India"	"Awantipora"	0	15	15	3045	5184	8229	19841	34146	53987
"2005.06.17"	"Iraq"	"Fallujah"	14	8	22	3059	5192	8251	19855	34154	54009
"2005.06.17"	"Thailand"	"Yala"	1	0	1	3060	5192	8252	19856	34154	54010
"2005.06.17"	"Thailand"	"Narathiwat"	1	0	1	3061	5192	8253	19857	34154	54011
"2005.06.17"	"Thailand"	"Pattani"	2	0	2	3063	5192	8255	19859	34154	54013
"2005.06.17"	"Russia"	"Astrakhan"	2	1	3	3065	5193	8258	19861	34155	54016
"2005.06.17"	"Egypt"	"Sinai"	1	3	4	3066	5196	8262	19862	34158	54020
"2005.06.18"	"Iraq"	"Baghdad"	3	0	3	3069	5196	8265	19865	34158	54023
"2005.06.18"	"Saudi Arabia"	"Makkah"	1	0	1	3070	5196	8266	19866	34158	54024
"2005.06.19"	"India"	"Dachan"	1	1	2	3071	5197	8268	19867	34159	54026
"2005.06.19"	"Afghanistan"	"Nad Ali"	3	0	3	3074	5197	8271	19870	34159	54029
"2005.06.19"	"Iraq"	"Iskandariya"	3	7	10	3077	5204	8281	19873	34166	54039
"2005.06.19"	"Iraq"	"Tikrit"	3	9	12	3080	5213	8293	19876	34175	54051
"2005.06.19"	"Iraq"	"Baghdad"	23	36	59	3103	5249	8352	19899	34211	54110
"2005.06.19"	"Israel"	"Gaza"	1	2	3	3104	5251	8355	19900	34213	54113
"2005.06.19"	"Iran"	"Mashad"	2	0	2	3106	5251	8357	19902	34213	54115
"2005.06.20"	"Iraq"	"Ebril"	19	118	137	3125	5369	8494	19921	34331	54252
"2005.06.20"	"Israel"	"Baqa al-Sharqiya"	1	1	2	3126	5370	8496	19922	34332	54254
"2005.06.20"	"India"	"Watalar"	1	0	1	3127	5370	8497	19923	34332	54255
"2005.06.20"	"Thailand"	"Pattani"	3	0	3	3130	5370	8500	19926	34332	54258
"2005.06.21"	"Lebanon"	"Beirut"	1	1	2	3131	5371	8502	19927	34333	54260
"2005.06.21"	"Afghanistan"	"Maiwand"	1	1	2	3132	5372	8504	19928	34334	54262
"2005.06.21"	"Afghanistan"	"Kandahar"	1	0	1	3133	5372	8505	19929	34334	54263
"2005.06.22"	"Algeria"	"Skikda"	1	2	3	3134	5374	8508	19930	34336	54266
"2005.06.22"	"India"	"Nadihal"	2	0	2	3136	5374	8510	19932	34336	54268
"2005.06.22"	"India"	"Bijbehara"	0	17	17	3136	5391	8527	19932	34353	54285
"2005.06.22"	"Iraq"	"Baghdad"	18	46	64	3154	5437	8591	19950	34399	54349
"2005.06.22"	"Thailand"	"Narathiwat"	1	0	1	3155	5437	8592	19951	34399	54350
"2005.06.22"	"Thailand"	"Narathiwat"	0	7	7	3155	5444	8599	19951	34406	54357
"2005.06.23"	"Pakistan"	"South Waziristan"	4	0	4	3159	5444	8603	19955	34406	54361
"2005.06.23"	"Pakistan"	"Karachi"	2	1	3	3161	5445	8606	19957	34407	54364
"2005.06.23"	"Iraq"	"Baghdad"	17	60	77	3178	5505	8683	19974	34467	54441
"2005.06.23"	"Iraq"	"Fallujah"	4	13	17	3182	5518	8700	19978	34480	54458
"2005.06.23"	"Algeria"	"Azzefoun"	1	5	6	3183	5523	8706	19979	34485	54464
"2005.06.24"	"Thailand"	"Narathiwat"	1	0	1	3184	5523	8707	19980	34485	54465
"2005.06.24"	"Chechnya"	"Shali-Makhety"	1	0	1	3185	5523	8708	19981	34485	54466
"2005.06.24"	"India"	"Srinagar"	9	25	34	3194	5548	8742	19990	34510	54500
"2005.06.24"	"Thailand"	"Yala"	2	0	2	3196	5548	8744	19992	34510	54502
"2005.06.24"	"Afghanistan"	"Chora"	3	0	3	3199	5548	8747	19995	34510	54505
"2005.06.24"	"Iraq"	"Ramadi"	13	10	23	3212	5558	8770	20008	34520	54528
"2005.06.25"	"Israel"	"Beit Hagai"	2	3	5	3214	5561	8775	20010	34523	54533
"2005.06.25"	"Iraq"	"Baghdad"	5	7	12	3219	5568	8787	20015	34530	54545
"2005.06.25"	"Iraq"	"Samarrah"	9	16	25	3228	5584	8812	20024	34546	54570
"2005.06.25"	"Iraq"	"Mosul"	5	2	7	3233	5586	8819	20029	34548	54577
"2005.06.25"	"India"	"Behibagh"	1	0	1	3234	5586	8820	20030	34548	54578
"2005.06.25"	"Thailand"	"Yala"	2	0	2	3236	5586	8822	20032	34548	54580
"2005.06.26"	"India"	"Dachabpore"	1	0	1	3237	5586	8823	20033	34548	54581
"2005.06.26"	"Iraq"	"Mosul"	36	19	55	3273	5605	8878	20069	34567	54636
"2005.06.27"	"Ingushetia"	"Karabulak"	1	0	1	3274	5605	8879	20070	34567	54637
"2005.06.27"	"India"	"Kupwara"	1	0	1	3275	5605	8880	20071	34567	54638
"2005.06.27"	"Iraq"	"Baghdad"	3	0	3	3278	5605	8883	20074	34567	54641
"2005.06.28"	"India"	"Bhaderwah"	4	0	4	3282	5605	8887	20078	34567	54645
"2005.06.28"	"Iraq"	"Baghdad"	5	0	5	3287	5605	8892	20083	34567	54650
"2005.06.28"	"Iraq"	"Musayyib"	3	13	16	3290	5618	8908	20086	34580	54666
"2005.06.28"	"Iraq"	"Baghdad"	4	24	28	3294	5642	8936	20090	34604	54694
"2005.06.28"	"Iraq"	"Kirkuk"	3	0	3	3297	5642	8939	20093	34604	54697
"2005.06.28"	"Thailand"	"Yala"	1	0	1	3298	5642	8940	20094	34604	54698
"2005.06.28"	"Thailand"	"Pattani"	2	0	2	3300	5642	8942	20096	34604	54700
"2005.06.28"	"Iraq"	"Tal Afar"	4	21	25	3304	5663	8967	20100	34625	54725
"2005.06.28"	"Thailand"	"Narathiwat"	1	0	1	3305	5663	8968	20101	34625	54726
"2005.06.29"	"Thailand"	"Pattani"	1	0	1	3306	5663	8969	20102	34625	54727
"2005.06.29"	"Thailand"	"Narathiwat"	2	0	2	3308	5663	8971	20104	34625	54729
"2005.06.29"	"Israel"	"Mount Dov"	1	3	4	3309	5666	8975	20105	34628	54733
"2005.06.29"	"India"	"Srinagar"	0	14	14	3309	5680	8989	20105	34642	54747
"2005.06.30"	"Afghanistan"	"Tirin Kot"	9	1	10	3318	5681	8999	20114	34643	54757
"2005.06.30"	"India"	"Mahakund"	4	0	4	3322	5681	9003	20118	34643	54761
"2005.06.30"	"Iraq"	"Baghdad"	7	0	7	3329	5681	9010	20125	34643	54768
"2005.06.30"	"India"	"Kallar Kattal"	1	0	1	3330	5681	9011	20126	34643	54769
"2005.06.30"	"Thailand"	"Yala"	1	0	1	3331	5681	9012	20127	34643	54770
"2005.06.30"	"Saudi Arabia"	"Mecca"	1	0	1	3332	5681	9013	20128	34643	54771
"2005.07.01"	"Iraq"	"Baghdad"	1	0	1	3333	5681	9014	20129	34643	54772
"2005.07.01"	"India"	"Kashmir"	3	0	3	3336	5681	9017	20132	34643	54775
"2005.07.02"	"Iraq"	"Baghdad"	16	22	38	3352	5703	9055	20148	34665	54813
"2005.07.02"	"Iraq"	"Hilla"	6	26	32	3358	5729	9087	20154	34691	54845
"2005.07.02"	"Iraq"	"Mahmudiyah"	2	0	2	3360	5729	9089	20156	34691	54847
"2005.07.02"	"Afghanistan"	"Paktika"	6	2	8	3366	5731	9097	20162	34693	54855
"2005.07.02"	"Dagestan"	"Makhachkala"	11	23	34	3377	5754	9131	20173	34716	54889
"2005.07.02"	"Thailand"	"Pattani"	1	1	2	3378	5755	9133	20174	34717	54891
"2005.07.02"	"Thailand"	"Pattani"	2	0	2	3380	5755	9135	20176	34717	54893
"2005.07.02"	"Thailand"	"Pattani"	1	0	1	3381	5755	9136	20177	34717	54894
"2005.07.03"	"Syria"	"Damascus"	2	0	2	3383	5755	9138	20179	34717	54896
"2005.07.03"	"Afghanistan"	"Kandahar"	1	0	1	3384	5755	9139	20180	34717	54897
"2005.07.04"	"Afghanistan"	"Bande Sardeh"	1	2	3	3385	5757	9142	20181	34719	54900
"2005.07.04"	"Iraq"	"Fallujah"	3	9	12	3388	5766	9154	20184	34728	54912
"2005.07.04"	"India"	"Wagbal Karhama"	1	0	1	3389	5766	9155	20185	34728	54913
"2005.07.04"	"Iraq"	"Baghdad"	2	4	6	3391	5770	9161	20187	34732	54919
"2005.07.04"	"Iraq"	"Baghdad"	2	1	3	3393	5771	9164	20189	34733	54922
"2005.07.04"	"India"	"Dadsara"	1	0	1	3394	5771	9165	20190	34733	54923
"2005.07.04"	"Dagestan"	"Makhachkala"	2	2	4	3396	5773	9169	20192	34735	54927
"2005.07.04"	"Thailand"	"Yala"	1	0	1	3397	5773	9170	20193	34735	54928
"2005.07.04"	"Afghanistan"	"Registan"	2	0	2	3399	5773	9172	20195	34735	54930
"2005.07.05"	"Iraq"	"Baghdad"	3	0	3	3402	5773	9175	20198	34735	54933
"2005.07.05"	"Thailand"	"Pattani"	1	0	1	3403	5773	9176	20199	34735	54934
"2005.07.05"	"India"	"Pulwama"	2	1	3	3405	5774	9179	20201	34736	54937
"2005.07.05"	"Dagestan"	"Makhachkala"	2	0	2	3407	5774	9181	20203	34736	54939
"2005.07.06"	"Iraq"	"Jbala"	13	30	43	3420	5804	9224	20216	34766	54982
"2005.07.06"	"Thailand"	"Narathiwat"	1	0	1	3421	5804	9225	20217	34766	54983
"2005.07.06"	"Algeria"	"Skikda"	1	13	14	3422	5817	9239	20218	34779	54997
"2005.07.06"	"India"	"Budgam"	1	0	1	3423	5817	9240	20219	34779	54998
"2005.07.06"	"Algeria"	"Tizi Ouzou"	4	0	4	3427	5817	9244	20223	34779	55002
"2005.07.06"	"Thailand"	"Pattani"	1	0	1	3428	5817	9245	20224	34779	55003
"2005.07.06"	"Thailand"	"Narathiwat"	1	0	1	3429	5817	9246	20225	34779	55004
"2005.07.06"	"Dagestan"	"Makhachkala"	1	3	4	3430	5820	9250	20226	34782	55008
"2005.07.07"	"Afghanistan"	"Spin Boldak"	3	0	3	3433	5820	9253	20229	34782	55011
"2005.07.07"	"Iraq"	"Mosul"	5	52	57	3438	5872	9310	20234	34834	55068
"2005.07.07"	"England"	"London"	52	750	802	3490	6622	10112	20286	35584	55870
"2005.07.07"	"Afghanistan"	"Helmand"	10	0	10	3500	6622	10122	20296	35584	55880
"2005.07.07"	"Iraq"	"Baghdad"	1	0	1	3501	6622	10123	20297	35584	55881
"2005.07.08"	"India"	"Rajouri"	4	0	4	3505	6622	10127	20301	35584	55885
"2005.07.08"	"Afghanistan"	"Paktika"	2	0	2	3507	6622	10129	20303	35584	55887
"2005.07.08"	"Thailand"	"Narathiwat"	1	0	1	3508	6622	10130	20304	35584	55888
"2005.07.09"	"Iraq"	"Baghdad"	8	0	8	3516	6622	10138	20312	35584	55896
"2005.07.09"	"Pakistan"	"Karachi"	1	0	1	3517	6622	10139	20313	35584	55897
"2005.07.09"	"Algeria"	"Tezi Ozo"	4	0	4	3521	6622	10143	20317	35584	55901
"2005.07.10"	"Thailand"	"Narathiwat"	1	0	1	3522	6622	10144	20318	35584	55902
"2005.07.10"	"Afghanistan"	"Darreh-ye Nur"	2	0	2	3524	6622	10146	20320	35584	55904
"2005.07.10"	"Iraq"	"Syrian Border"	7	0	7	3531	6622	10153	20327	35584	55911
"2005.07.10"	"Iraq"	"Baghdad"	25	47	72	3556	6669	10225	20352	35631	55983
"2005.07.10"	"Iraq"	"Kirkuk"	4	15	19	3560	6684	10244	20356	35646	56002
"2005.07.11"	"Somalia"	"Mogadishu"	1	0	1	3561	6684	10245	20357	35646	56003
"2005.07.11"	"Thailand"	"Yala"	2	0	2	3563	6684	10247	20359	35646	56005
"2005.07.12"	"Lebanon"	"Beyrouth"	1	12	13	3564	6696	10260	20360	35658	56018
"2005.07.12"	"Algeria"	"Ahnif"	2	0	2	3566	6696	10262	20362	35658	56020
"2005.07.12"	"Thailand"	"Pattani"	4	0	4	3570	6696	10266	20366	35658	56024
"2005.07.12"	"Iraq"	"Kirkuk"	3	15	18	3573	6711	10284	20369	35673	56042
"2005.07.12"	"Israel"	"Netanya"	5	70	75	3578	6781	10359	20374	35743	56117
"2005.07.13"	"India"	"Bigambri"	1	0	1	3579	6781	10360	20375	35743	56118
"2005.07.13"	"Pakistan"	"Jhal Magsi"	3	3	6	3582	6784	10366	20378	35746	56124
"2005.07.13"	"Iraq"	"Baghdad"	27	25	52	3609	6809	10418	20405	35771	56176
"2005.07.13"	"Iraq"	"Jalawlah"	2	16	18	3611	6825	10436	20407	35787	56194
"2005.07.13"	"Afghanistan"	"Safian"	1	0	1	3612	6825	10437	20408	35787	56195
"2005.07.14"	"Israel"	"Netiv Haasara"	1	1	2	3613	6826	10439	20409	35788	56197
"2005.07.14"	"Thailand"	"Yala"	2	21	23	3615	6847	10462	20411	35809	56220
"2005.07.15"	"Iraq"	"Baghdad"	27	100	127	3642	6947	10589	20438	35909	56347
"2005.07.15"	"Thailand"	"Narathiwat"	2	0	2	3644	6947	10591	20440	35909	56349
"2005.07.15"	"Afghanistan"	"Kandahar"	7	0	7	3651	6947	10598	20447	35909	56356
"2005.07.15"	"Thailand"	"Pattani"	2	0	2	3653	6947	10600	20449	35909	56358
"2005.07.15"	"Thailand"	"Narathiwat"	1	0	1	3654	6947	10601	20450	35909	56359
"2005.07.16"	"Thailand"	"Narathiwat"	2	0	2	3656	6947	10603	20452	35909	56361
"2005.07.16"	"Iraq"	"Musayyib"	71	160	231	3727	7107	10834	20523	36069	56592
"2005.07.16"	"Iraq"	"Basra"	3	2	5	3730	7109	10839	20526	36071	56597
"2005.07.16"	"India"	"Baramulla"	2	0	2	3732	7109	10841	20528	36071	56599
"2005.07.17"	"Iraq"	"Baghdad"	22	21	43	3754	7130	10884	20550	36092	56642
"2005.07.18"	"Thailand"	"Yala"	3	1	4	3757	7131	10888	20553	36093	56646
"2005.07.18"	"India"	"Arwani"	1	1	2	3758	7132	10890	20554	36094	56648
"2005.07.18"	"Iraq"	"Baghdad"	7	0	7	3765	7132	10897	20561	36094	56655
"2005.07.18"	"Pakistan"	"Karachi"	1	1	2	3766	7133	10899	20562	36095	56657
"2005.07.18"	"Pakistan"	"Quetta"	1	1	2	3767	7134	10901	20563	36096	56659
"2005.07.18"	"Pakistan"	"Chilas Farm"	5	15	20	3772	7149	10921	20568	36111	56679
"2005.07.18"	"Afghanistan"	"Uruzgan"	9	0	9	3781	7149	10930	20577	36111	56688
"2005.07.18"	"Afghanistan"	"Kamdish"	1	0	1	3782	7149	10931	20578	36111	56689
"2005.07.19"	"Iraq"	"Baqubah"	13	0	13	3795	7149	10944	20591	36111	56702
"2005.07.19"	"Chechnya"	"Znamenskoye"	14	36	50	3809	7185	10994	20605	36147	56752
"2005.07.19"	"India"	"Chitabas"	6	0	6	3815	7185	11000	20611	36147	56758
"2005.07.19"	"Ethiopia"	"Jigjiga"	1	0	1	3816	7185	11001	20612	36147	56759
"2005.07.20"	"Iraq"	"Hilla"	4	4	8	3820	7189	11009	20616	36151	56767
"2005.07.20"	"India"	"Srinagar"	6	17	23	3826	7206	11032	20622	36168	56790
"2005.07.20"	"Iraq"	"Baghdad"	10	21	31	3836	7227	11063	20632	36189	56821
"2005.07.20"	"Pakistan"	"Gilgit"	3	0	3	3839	7227	11066	20635	36189	56824
"2005.07.21"	"India"	"Anantnag"	1	2	3	3840	7229	11069	20636	36191	56827
"2005.07.21"	"Afghanistan"	"Helmand"	2	0	2	3842	7229	11071	20638	36191	56829
"2005.07.21"	"India"	"Sopore"	2	2	4	3844	7231	11075	20640	36193	56833
"2005.07.21"	"Iraq"	"Mahmudiyah"	5	8	13	3849	7239	11088	20645	36201	56846
"2005.07.21"	"Thailand"	"Narathiwat"	2	0	2	3851	7239	11090	20647	36201	56848
"2005.07.21"	"Afghanistan"	"Kajran"	15	0	15	3866	7239	11105	20662	36201	56863
"2005.07.22"	"Thailand"	"Pattani"	2	0	2	3868	7239	11107	20664	36201	56865
"2005.07.22"	"Pakistan"	"South Waziristan"	4	0	4	3872	7239	11111	20668	36201	56869
"2005.07.22"	"Iraq"	"Baghdad"	12	5	17	3884	7244	11128	20680	36206	56886
"2005.07.23"	"Afghanistan"	"Kandahar"	1	0	1	3885	7244	11129	20681	36206	56887
"2005.07.23"	"Lebanon"	"Beirut"	0	12	12	3885	7256	11141	20681	36218	56899
"2005.07.23"	"Thailand"	"Narathiwat"	1	0	1	3886	7256	11142	20682	36218	56900
"2005.07.23"	"Egypt"	"Sharm el-Sheik"	88	119	207	3974	7375	11349	20770	36337	57107
"2005.07.23"	"Israel"	"Kissufim"	2	5	7	3976	7380	11356	20772	36342	57114
"2005.07.23"	"Thailand"	"Pattani"	1	0	1	3977	7380	11357	20773	36342	57115
"2005.07.23"	"Chechnya"	"Shelkovskaya"	1	0	1	3978	7380	11358	20774	36342	57116
"2005.07.24"	"Dagestan"	"Makhachkala"	1	4	5	3979	7384	11363	20775	36346	57121
"2005.07.24"	"Iraq"	"Baghdad"	22	30	52	4001	7414	11415	20797	36376	57173
"2005.07.25"	"Iraq"	"Baghdad"	12	16	28	4013	7430	11443	20809	36392	57201
"2005.07.25"	"Thailand"	"Pattani"	1	0	1	4014	7430	11444	20810	36392	57202
"2005.07.26"	"Thailand"	"Narathiwat"	1	0	1	4015	7430	11445	20811	36392	57203
"2005.07.26"	"Thailand"	"Narathiwat"	2	0	2	4017	7430	11447	20813	36392	57205
"2005.07.26"	"Ethiopia"	"Jigjiga"	5	30	35	4022	7460	11482	20818	36422	57240
"2005.07.26"	"Afghanistan"	"Kandahar"	2	0	2	4024	7460	11484	20820	36422	57242
"2005.07.26"	"India"	"Mahore"	1	0	1	4025	7460	11485	20821	36422	57243
"2005.07.26"	"Iraq"	"Baghdad"	16	27	43	4041	7487	11528	20837	36449	57286
"2005.07.26"	"Iraq"	"Hilla"	3	0	3	4044	7487	11531	20840	36449	57289
"2005.07.26"	"Iraq"	"Basra"	3	0	3	4047	7487	11534	20843	36449	57292
"2005.07.26"	"Chechnya"	"Dargo"	1	3	4	4048	7490	11538	20844	36452	57296
"2005.07.27"	"Iraq"	"Baghdad"	2	0	2	4050	7490	11540	20846	36452	57298
"2005.07.27"	"Thailand"	"Southern Provinces"	5	1	6	4055	7491	11546	20851	36453	57304
"2005.07.27"	"Chechnya"	"Grozny"	1	0	1	4056	7491	11547	20852	36453	57305
"2005.07.28"	"Thailand"	"Narathiwat"	1	0	1	4057	7491	11548	20853	36453	57306
"2005.07.28"	"India"	"Sokar"	3	0	3	4060	7491	11551	20856	36453	57309
"2005.07.29"	"India"	"Doda"	2	0	2	4062	7491	11553	20858	36453	57311
"2005.07.29"	"India"	"Rajouri"	6	0	6	4068	7491	11559	20864	36453	57317
"2005.07.29"	"India"	"Kupwara"	2	0	2	4070	7491	11561	20866	36453	57319
"2005.07.29"	"Iraq"	"Rabiah"	52	35	87	4122	7526	11648	20918	36488	57406
"2005.07.29"	"Algeria"	"Boumerdes"	2	4	6	4124	7530	11654	20920	36492	57412
"2005.07.29"	"Thailand"	"Pattani"	1	3	4	4125	7533	11658	20921	36495	57416
"2005.07.29"	"Bangladesh"	"Boalmari"	2	0	2	4127	7533	11660	20923	36495	57418
"2005.07.29"	"Afghanistan"	"Gizab"	7	0	7	4134	7533	11667	20930	36495	57425
"2005.07.29"	"Chechnya"	"Grozny"	1	1	2	4135	7534	11669	20931	36496	57427
"2005.07.30"	"Iraq"	"Baghdad"	3	0	3	4138	7534	11672	20934	36496	57430
"2005.07.30"	"Iraq"	"Basra"	2	2	4	4140	7536	11676	20936	36498	57434
"2005.07.30"	"Afghanistan"	"Charchino"	3	0	3	4143	7536	11679	20939	36498	57437
"2005.07.30"	"Iraq"	"Baghdad"	6	26	32	4149	7562	11711	20945	36524	57469
"2005.07.30"	"India"	"Srinagar"	2	25	27	4151	7587	11738	20947	36549	57496
"2005.07.31"	"Iraq"	"Haswa"	7	12	19	4158	7599	11757	20954	36561	57515
"2005.07.31"	"India"	"Badarkot"	1	0	1	4159	7599	11758	20955	36561	57516
"2005.08.01"	"Afghanistan"	"Gresk"	2	0	2	4161	7599	11760	20957	36561	57518
"2005.08.02"	"Afghanistan"	"Nuristan"	8	0	8	4169	7599	11768	20965	36561	57526
"2005.08.02"	"India"	"Nandyali"	1	0	1	4170	7599	11769	20966	36561	57527
"2005.08.02"	"India"	"Pulwama"	1	0	1	4171	7599	11770	20967	36561	57528
"2005.08.02"	"Iraq"	"Baghdad"	4	24	28	4175	7623	11798	20971	36585	57556
"2005.08.02"	"Iraq"	"Shu'la"	7	0	7	4182	7623	11805	20978	36585	57563
"2005.08.02"	"Thailand"	"Narathiwat"	2	4	6	4184	7627	11811	20980	36589	57569
"2005.08.03"	"Thailand"	"Yala"	1	0	1	4185	7627	11812	20981	36589	57570
"2005.08.03"	"Iraq"	"Basra"	1	1	2	4186	7628	11814	20982	36590	57572
"2005.08.03"	"Israel"	"Sderot"	1	9	10	4187	7637	11824	20983	36599	57582
"2005.08.04"	"Afghanistan"	"Lashkargah"	1	0	1	4188	7637	11825	20984	36599	57583
"2005.08.04"	"Pakistan"	"Miranshah"	5	0	5	4193	7637	11830	20989	36599	57588
"2005.08.04"	"Iraq"	"Doloyah"	2	0	2	4195	7637	11832	20991	36599	57590
"2005.08.04"	"Iraq"	"Baqubah"	7	0	7	4202	7637	11839	20998	36599	57597
"2005.08.04"	"Indonesia"	"Poso"	2	0	2	4204	7637	11841	21000	36599	57599
"2005.08.04"	"Thailand"	"Narathiwat"	2	0	2	4206	7637	11843	21002	36599	57601
"2005.08.04"	"Thailand"	"Narathiwat"	1	0	1	4207	7637	11844	21003	36599	57602
"2005.08.05"	"Iraq"	"Baqubah"	3	0	3	4210	7637	11847	21006	36599	57605
"2005.08.05"	"Iraq"	"Mosul"	4	0	4	4214	7637	11851	21010	36599	57609
"2005.08.05"	"Iraq"	"Dora"	1	5	6	4215	7642	11857	21011	36604	57615
"2005.08.06"	"Thailand"	"Yala"	1	0	1	4216	7642	11858	21012	36604	57616
"2005.08.06"	"Afghanistan"	"Mizan"	1	2	3	4217	7644	11861	21013	36606	57619
"2005.08.06"	"India"	"Doda"	1	4	5	4218	7648	11866	21014	36610	57624
"2005.08.06"	"Pakistan"	"Koti Ashro"	1	2	3	4219	7650	11869	21015	36612	57627
"2005.08.07"	"India"	"Thatharaka"	1	1	2	4220	7651	11871	21016	36613	57629
"2005.08.07"	"Iraq"	"Tikrit"	2	10	12	4222	7661	11883	21018	36623	57641
"2005.08.07"	"Iraq"	"Baghdad"	10	4	14	4232	7665	11897	21028	36627	57655
"2005.08.07"	"Thailand"	"Narathiwat"	1	0	1	4233	7665	11898	21029	36627	57656
"2005.08.08"	"Philippines"	"Basilan"	1	0	1	4234	7665	11899	21030	36627	57657
"2005.08.08"	"Thailand"	"Yala"	1	0	1	4235	7665	11900	21031	36627	57658
"2005.08.08"	"India"	"Awantipora"	2	0	2	4237	7665	11902	21033	36627	57660
"2005.08.08"	"India"	"Batalik"	3	0	3	4240	7665	11905	21036	36627	57663
"2005.08.08"	"Afghanistan"	"Ghanzi"	2	0	2	4242	7665	11907	21038	36627	57665
"2005.08.08"	"Chechnya"	"Grozny"	1	2	3	4243	7667	11910	21039	36629	57668
"2005.08.08"	"Iraq"	"al-Sharqat"	7	3	10	4250	7670	11920	21046	36632	57678
"2005.08.09"	"Iraq"	"Baghdad"	21	41	62	4271	7711	11982	21067	36673	57740
"2005.08.09"	"India"	"Thanna Mandi"	1	0	1	4272	7711	11983	21068	36673	57741
"2005.08.09"	"Iraq"	"Baiji"	4	5	9	4276	7716	11992	21072	36678	57750
"2005.08.09"	"Pakistan"	"Lahore"	1	0	1	4277	7716	11993	21073	36678	57751
"2005.08.09"	"Thailand"	"Yala"	1	0	1	4278	7716	11994	21074	36678	57752
"2005.08.09"	"Thailand"	"Narathiwat"	2	0	2	4280	7716	11996	21076	36678	57754
"2005.08.09"	"Chechnya"	"Kurdyukovskaya"	1	1	2	4281	7717	11998	21077	36679	57756
"2005.08.10"	"Thailand"	"Narathiwat"	1	0	1	4282	7717	11999	21078	36679	57757
"2005.08.10"	"Thailand"	"Yala"	1	0	1	4283	7717	12000	21079	36679	57758
"2005.08.10"	"Pakistan"	"Quetta"	2	0	2	4285	7717	12002	21081	36679	57760
"2005.08.10"	"India"	"Bandipore"	1	0	1	4286	7717	12003	21082	36679	57761
"2005.08.10"	"Pakistan"	"Taza Ghondai"	4	1	5	4290	7718	12008	21086	36680	57766
"2005.08.10"	"Philippines"	"Zamboanga"	0	26	26	4290	7744	12034	21086	36706	57792
"2005.08.10"	"Afghanistan"	"Bakurzai"	1	0	1	4291	7744	12035	21087	36706	57793
"2005.08.10"	"Iraq"	"Baghdad"	2	1	3	4293	7745	12038	21089	36707	57796
"2005.08.10"	"Iraq"	"Baiji"	2	0	2	4295	7745	12040	21091	36707	57798
"2005.08.10"	"Iraq"	"Ghazaliya"	6	14	20	4301	7759	12060	21097	36721	57818
"2005.08.11"	"India"	"Kawani"	1	0	1	4302	7759	12061	21098	36721	57819
"2005.08.11"	"Algeria"	"Skikda"	3	4	7	4305	7763	12068	21101	36725	57826
"2005.08.11"	"Pakistan"	"Lahore"	1	0	1	4306	7763	12069	21102	36725	57827
"2005.08.11"	"Afghanistan"	"Zabol"	2	0	2	4308	7763	12071	21104	36725	57829
"2005.08.12"	"Afghanistan"	"Kandahar"	1	6	7	4309	7769	12078	21105	36731	57836
"2005.08.12"	"India"	"Kulhand"	2	0	2	4311	7769	12080	21107	36731	57838
"2005.08.12"	"Iraq"	"Najaf"	4	19	23	4315	7788	12103	21111	36750	57861
"2005.08.13"	"Thailand"	"Narathiwat"	2	0	2	4317	7788	12105	21113	36750	57863
"2005.08.13"	"Thailand"	"Pattani"	0	2	2	4317	7790	12107	21113	36752	57865
"2005.08.13"	"India"	"Shajroo"	5	9	14	4322	7799	12121	21118	36761	57879
"2005.08.14"	"Iraq"	"al-Mahawil"	2	5	7	4324	7804	12128	21120	36766	57886
"2005.08.14"	"Pakistan"	"Sialkot"	5	0	5	4329	7804	12133	21125	36766	57891
"2005.08.14"	"Chechnya"	"Roshnichu"	5	2	7	4334	7806	12140	21130	36768	57898
"2005.08.14"	"Thailand"	"Narathiwat"	2	2	4	4336	7808	12144	21132	36770	57902
"2005.08.14"	"Iraq"	"Baghdad"	18	15	33	4354	7823	12177	21150	36785	57935
"2005.08.15"	"Iraq"	"Dura"	1	0	1	4355	7823	12178	21151	36785	57936
"2005.08.15"	"Iraq"	"Uwarige"	30	0	30	4385	7823	12208	21181	36785	57966
"2005.08.15"	"Chechnya"	"Grozny"	2	11	13	4387	7834	12221	21183	36796	57979
"2005.08.17"	"Algeria"	"Mozaya"	3	0	3	4390	7834	12224	21186	36796	57982
"2005.08.17"	"Iraq"	"Baghdad"	43	89	132	4433	7923	12356	21229	36885	58114
"2005.08.17"	"Bangladesh"	"Dhaka"	2	115	117	4435	8038	12473	21231	37000	58231
"2005.08.17"	"Afghanistan"	"Kandahar"	1	11	12	4436	8049	12485	21232	37011	58243
"2005.08.17"	"Iraq"	"Hawija"	6	0	6	4442	8049	12491	21238	37011	58249
"2005.08.17"	"India"	"Qazigund"	1	9	10	4443	8058	12501	21239	37020	58259
"2005.08.18"	"India"	"Kashmir"	4	0	4	4447	8058	12505	21243	37020	58263
"2005.08.18"	"Thailand"	"Narathiwat"	2	2	4	4449	8060	12509	21245	37022	58267
"2005.08.18"	"Iraq"	"Baghdad"	2	0	2	4451	8060	12511	21247	37022	58269
"2005.08.18"	"Chechnya"	"Grozny"	1	0	1	4452	8060	12512	21248	37022	58270
"2005.08.19"	"India"	"Gogaldara"	1	0	1	4453	8060	12513	21249	37022	58271
"2005.08.19"	"Algeria"	"Kechida"	6	0	6	4459	8060	12519	21255	37022	58277
"2005.08.19"	"Jordan"	"Aqaba"	1	1	2	4460	8061	12521	21256	37023	58279
"2005.08.19"	"Iraq"	"Mosul"	3	0	3	4463	8061	12524	21259	37023	58282
"2005.08.20"	"Dagestan"	"Makhachkala"	3	1	4	4466	8062	12528	21262	37024	58286
"2005.08.21"	"Afghanistan"	"Panjawyi"	2	0	2	4468	8062	12530	21264	37024	58288
"2005.08.21"	"Thailand"	"Pattani"	8	15	23	4476	8077	12553	21272	37039	58311
"2005.08.21"	"Iraq"	"Fallujah"	4	5	9	4480	8082	12562	21276	37044	58320
"2005.08.21"	"Afghanistan"	"Daychopan"	4	3	7	4484	8085	12569	21280	37047	58327
"2005.08.21"	"India"	"Salbala"	1	0	1	4485	8085	12570	21281	37047	58328
"2005.08.21"	"Ingushetia"	"Nazran"	1	2	3	4486	8087	12573	21282	37049	58331
"2005.08.22"	"Iraq"	"Baghdad"	2	6	8	4488	8093	12581	21284	37055	58339
"2005.08.22"	"India"	"Koteranka"	5	0	5	4493	8093	12586	21289	37055	58344
"2005.08.22"	"Iraq"	"Tarmiyah"	8	3	11	4501	8096	12597	21297	37058	58355
"2005.08.22"	"Iraq"	"Baghdad"	8	0	8	4509	8096	12605	21305	37058	58363
"2005.08.22"	"Thailand"	"Narathiwat"	1	0	1	4510	8096	12606	21306	37058	58364
"2005.08.22"	"Ingushetia"	"Nazran"	2	3	5	4512	8099	12611	21308	37061	58369
"2005.08.23"	"Thailand"	"Narathiwat"	1	3	4	4513	8102	12615	21309	37064	58373
"2005.08.23"	"Thailand"	"Yala"	1	0	1	4514	8102	12616	21310	37064	58374
"2005.08.23"	"Iraq"	"Baqubah"	7	19	26	4521	8121	12642	21317	37083	58400
"2005.08.24"	"India"	"Srinagar"	0	7	7	4521	8128	12649	21317	37090	58407
"2005.08.24"	"Iraq"	"Baghdad"	9	35	44	4530	8163	12693	21326	37125	58451
"2005.08.24"	"Thailand"	"Narathiwat"	2	0	2	4532	8163	12695	21328	37125	58453
"2005.08.24"	"Thailand"	"Pattani"	1	0	1	4533	8163	12696	21329	37125	58454
"2005.08.25"	"Thailand"	"Narathiwat"	1	0	1	4534	8163	12697	21330	37125	58455
"2005.08.25"	"Afghanistan"	"Lashkar Gah"	2	0	2	4536	8163	12699	21332	37125	58457
"2005.08.25"	"Egypt"	"Sinai"	2	2	4	4538	8165	12703	21334	37127	58461
"2005.08.25"	"India"	"Thanna Mandi"	2	1	3	4540	8166	12706	21336	37128	58464
"2005.08.25"	"Indonesia"	"Ambon"	0	7	7	4540	8173	12713	21336	37135	58471
"2005.08.25"	"Iraq"	"Abu Saida"	6	15	21	4546	8188	12734	21342	37150	58492
"2005.08.25"	"Iraq"	"Oraida"	36	0	36	4582	8188	12770	21378	37150	58528
"2005.08.25"	"Israel"	"Jerusalem"	1	1	2	4583	8189	12772	21379	37151	58530
"2005.08.26"	"India"	"Kashmir"	4	18	22	4587	8207	12794	21383	37169	58552
"2005.08.26"	"Ingushetia"	"Nazran"	1	3	4	4588	8210	12798	21384	37172	58556
"2005.08.26"	"Thailand"	"Yala"	1	1	2	4589	8211	12800	21385	37173	58558
"2005.08.26"	"Thailand"	"Narathiwat"	1	0	1	4590	8211	12801	21386	37173	58559
"2005.08.27"	"Thailand"	"Yala"	1	0	1	4591	8211	12802	21387	37173	58560
"2005.08.27"	"Iraq"	"Mosul"	1	0	1	4592	8211	12803	21388	37173	58561
"2005.08.27"	"Pakistan"	"Shawal"	2	1	3	4594	8212	12806	21390	37174	58564
"2005.08.27"	"Iraq"	"Mosul"	3	0	3	4597	8212	12809	21393	37174	58567
"2005.08.27"	"Kosovo"	"Urosevac-Skopje"	2	2	4	4599	8214	12813	21395	37176	58571
"2005.08.27"	"Afghanistan"	"Uruzgan"	1	0	1	4600	8214	12814	21396	37176	58572
"2005.08.27"	"Egypt"	"Halal"	2	0	2	4602	8214	12816	21398	37176	58574
"2005.08.28"	"Philippines"	"Lamitan"	2	29	31	4604	8243	12847	21400	37205	58605
"2005.08.28"	"Israel"	"Beersheba"	0	8	8	4604	8251	12855	21400	37213	58613
"2005.08.28"	"Kosovo"	"Strpce"	2	0	2	4606	8251	12857	21402	37213	58615
"2005.08.28"	"Thailand"	"Narathiwat"	1	0	1	4607	8251	12858	21403	37213	58616
"2005.08.28"	"Thailand"	"Yala"	1	0	1	4608	8251	12859	21404	37213	58617
"2005.08.29"	"Thailand"	"Narathiwat"	1	0	1	4609	8251	12860	21405	37213	58618
"2005.08.29"	"Thailand"	"Yala"	1	0	1	4610	8251	12861	21406	37213	58619
"2005.08.29"	"Iraq"	"Mosul"	3	7	10	4613	8258	12871	21409	37220	58629
"2005.08.30"	"Thailand"	"Narathiwat"	1	0	1	4614	8258	12872	21410	37220	58630
"2005.08.30"	"Thailand"	"Narathiwat"	1	0	1	4615	8258	12873	21411	37220	58631
"2005.08.31"	"Thailand"	"Yala"	1	1	2	4616	8259	12875	21412	37221	58633
"2005.08.31"	"Afghanistan"	"Herat"	3	2	5	4619	8261	12880	21415	37223	58638
"2005.08.31"	"Afghanistan"	"Helmand"	1	0	1	4620	8261	12881	21416	37223	58639
"2005.08.31"	"Iraq"	"Baghdad"	7	36	43	4627	8297	12924	21423	37259	58682
"2005.08.31"	"Chechnya"	"Novoterskoye"	2	0	2	4629	8297	12926	21425	37259	58684
"2005.08.31"	"Pakistan"	"Mastung"	1	3	4	4630	8300	12930	21426	37262	58688
"2005.08.31"	"Thailand"	"Sungai Kolok"	0	15	15	4630	8315	12945	21426	37277	58703
"2005.08.31"	"Thailand"	"Pattani"	1	1	2	4631	8316	12947	21427	37278	58705
"2005.08.31"	"India"	"Wusan Pattan"	1	0	1	4632	8316	12948	21428	37278	58706
"2005.09.01"	"Algeria"	"Ammal"	1	0	1	4633	8316	12949	21429	37278	58707
"2005.09.01"	"Thailand"	"Yala"	1	0	1	4634	8316	12950	21430	37278	58708
"2005.09.01"	"Thailand"	"Narathiwat"	1	0	1	4635	8316	12951	21431	37278	58709
"2005.09.01"	"Thailand"	"Narathiwat"	1	0	1	4636	8316	12952	21432	37278	58710
"2005.09.01"	"Afghanistan"	"Girishk"	1	0	1	4637	8316	12953	21433	37278	58711
"2005.09.02"	"Thailand"	"Narathiwat"	1	0	1	4638	8316	12954	21434	37278	58712
"2005.09.02"	"Iraq"	"Baiji"	5	9	14	4643	8325	12968	21439	37287	58726
"2005.09.02"	"Dagestan"	"Makhachkala"	5	11	16	4648	8336	12984	21444	37298	58742
"2005.09.02"	"India"	"Soundhar"	3	4	7	4651	8340	12991	21447	37302	58749
"2005.09.02"	"Pakistan"	"Laddha"	1	0	1	4652	8340	12992	21448	37302	58750
"2005.09.02"	"Thailand"	"Yala"	1	1	2	4653	8341	12994	21449	37303	58752
"2005.09.03"	"Iraq"	"Samarrah"	3	11	14	4656	8352	13008	21452	37314	58766
"2005.09.03"	"Iraq"	"Zubayr"	1	4	5	4657	8356	13013	21453	37318	58771
"2005.09.03"	"Iraq"	"Baqubah"	16	2	18	4673	8358	13031	21469	37320	58789
"2005.09.03"	"Afghanistan"	"Zabul"	1	2	3	4674	8360	13034	21470	37322	58792
"2005.09.03"	"Thailand"	"Yala"	1	0	1	4675	8360	13035	21471	37322	58793
"2005.09.03"	"Thailand"	"Pattani"	1	0	1	4676	8360	13036	21472	37322	58794
"2005.09.03"	"Thailand"	"Narathiwat"	1	0	1	4677	8360	13037	21473	37322	58795
"2005.09.03"	"Thailand"	"Narathiwat"	1	0	1	4678	8360	13038	21474	37322	58796
"2005.09.03"	"Afghanistan"	"Ghowrak"	5	0	5	4683	8360	13043	21479	37322	58801
"2005.09.04"	"Thailand"	"Pattani"	1	0	1	4684	8360	13044	21480	37322	58802
"2005.09.04"	"India"	"Bijbehara"	2	0	2	4686	8360	13046	21482	37322	58804
"2005.09.04"	"Philippines"	"Karawan"	3	0	3	4689	8360	13049	21485	37322	58807
"2005.09.04"	"Afghanistan"	"Helmand"	5	0	5	4694	8360	13054	21490	37322	58812
"2005.09.04"	"Iraq"	"Qaim"	10	0	10	4704	8360	13064	21500	37322	58822
"2005.09.05"	"Iraq"	"Balad"	2	1	3	4706	8361	13067	21502	37323	58825
"2005.09.05"	"Pal. Auth."	"Gaza City"	4	27	31	4710	8388	13098	21506	37350	58856
"2005.09.05"	"Iraq"	"Hit"	11	16	27	4721	8404	13125	21517	37366	58883
"2005.09.05"	"India"	"Achar"	3	0	3	4724	8404	13128	21520	37366	58886
"2005.09.05"	"India"	"Kahi"	1	0	1	4725	8404	13129	21521	37366	58887
"2005.09.05"	"India"	"Sangiot"	1	0	1	4726	8404	13130	21522	37366	58888
"2005.09.05"	"India"	"Poshana"	1	0	1	4727	8404	13131	21523	37366	58889
"2005.09.05"	"India"	"Batpora"	0	16	16	4727	8420	13147	21523	37382	58905
"2005.09.05"	"Thailand"	"Narathiwat"	1	3	4	4728	8423	13151	21524	37385	58909
"2005.09.05"	"Thailand"	"Yala"	1	0	1	4729	8423	13152	21525	37385	58910
"2005.09.05"	"Thailand"	"Narathiwat"	1	0	1	4730	8423	13153	21526	37385	58911
"2005.09.06"	"India"	"Kashmir"	2	1	3	4732	8424	13156	21528	37386	58914
"2005.09.06"	"Dagestan"	"Inchkhe"	3	0	3	4735	8424	13159	21531	37386	58917
"2005.09.07"	"Iraq"	"Basra"	4	0	4	4739	8424	13163	21535	37386	58921
"2005.09.07"	"Iraq"	"Basra"	16	21	37	4755	8445	13200	21551	37407	58958
"2005.09.07"	"Afghanistan"	"Ghazni"	4	0	4	4759	8445	13204	21555	37407	58962
"2005.09.07"	"Afghanistan"	"Helmand"	1	2	3	4760	8447	13207	21556	37409	58965
"2005.09.07"	"Dagestan"	"Khasavyurt"	1	0	1	4761	8447	13208	21557	37409	58966
"2005.09.07"	"Thailand"	"Narathiwat"	1	3	4	4762	8450	13212	21558	37412	58970
"2005.09.08"	"Thailand"	"Yala"	1	1	2	4763	8451	13214	21559	37413	58972
"2005.09.08"	"Thailand"	"Narathiwat"	2	0	2	4765	8451	13216	21561	37413	58974
"2005.09.08"	"Pakistan"	"Gilgit"	2	0	2	4767	8451	13218	21563	37413	58976
"2005.09.08"	"India"	"Doda"	2	0	2	4769	8451	13220	21565	37413	58978
"2005.09.08"	"India"	"Sopore"	1	13	14	4770	8464	13234	21566	37426	58992
"2005.09.09"	"Afghanistan"	"Herat"	1	0	1	4771	8464	13235	21567	37426	58993
"2005.09.09"	"India"	"Dharmari"	6	8	14	4777	8472	13249	21573	37434	59007
"2005.09.09"	"India"	"Udhampur"	2	0	2	4779	8472	13251	21575	37434	59009
"2005.09.09"	"India"	"Gandoh"	1	0	1	4780	8472	13252	21576	37434	59010
"2005.09.09"	"Thailand"	"Narathiwat"	1	0	1	4781	8472	13253	21577	37434	59011
"2005.09.09"	"Afghanistan"	"Helmand"	4	0	4	4785	8472	13257	21581	37434	59015
"2005.09.10"	"Thailand"	"Narathiwat"	1	0	1	4786	8472	13258	21582	37434	59016
"2005.09.10"	"Thailand"	"Pattani"	1	0	1	4787	8472	13259	21583	37434	59017
"2005.09.10"	"Thailand"	"Narathiwat"	1	0	1	4788	8472	13260	21584	37434	59018
"2005.09.10"	"India"	"Jammu"	2	0	2	4790	8472	13262	21586	37434	59020
"2005.09.10"	"India"	"Awantipora"	5	7	12	4795	8479	13274	21591	37441	59032
"2005.09.10"	"Thailand"	"Yala"	1	0	1	4796	8479	13275	21592	37441	59033
"2005.09.11"	"Thailand"	"Pattani"	1	0	1	4797	8479	13276	21593	37441	59034
"2005.09.12"	"Bangladesh"	"Khulna"	1	0	1	4798	8479	13277	21594	37441	59035
"2005.09.12"	"Chechnya"	"Grozny"	1	5	6	4799	8484	13283	21595	37446	59041
"2005.09.12"	"Iraq"	"Baghdad"	2	17	19	4801	8501	13302	21597	37463	59060
"2005.09.12"	"Thailand"	"Pattani"	1	1	2	4802	8502	13304	21598	37464	59062
"2005.09.12"	"Pakistan"	"Tappi"	3	0	3	4805	8502	13307	21601	37464	59065
"2005.09.12"	"India"	"Shopian"	1	0	1	4806	8502	13308	21602	37464	59066
"2005.09.13"	"India"	"Rajouri"	1	3	4	4807	8505	13312	21603	37467	59070
"2005.09.13"	"Afghanistan"	"Uruzgan"	7	0	7	4814	8505	13319	21610	37467	59077
"2005.09.13"	"Afghanistan"	"Zabul"	1	0	1	4815	8505	13320	21611	37467	59078
"2005.09.13"	"Algeria"	"Sidi Daoud"	3	0	3	4818	8505	13323	21614	37467	59081
"2005.09.13"	"Dagestan"	"Buinaksk"	1	1	2	4819	8506	13325	21615	37468	59083
"2005.09.13"	"Thailand"	"Pattani"	1	0	1	4820	8506	13326	21616	37468	59084
"2005.09.13"	"Iraq"	"Mosul"	1	0	1	4821	8506	13327	21617	37468	59085
"2005.09.14"	"Thailand"	"Pattani"	1	0	1	4822	8506	13328	21618	37468	59086
"2005.09.14"	"Afghanistan"	"Tirin Kot"	3	4	7	4825	8510	13335	21621	37472	59093
"2005.09.14"	"Chechnya"	"Argun"	5	3	8	4830	8513	13343	21626	37475	59101
"2005.09.14"	"Pakistan"	"Quetta"	1	0	1	4831	8513	13344	21627	37475	59102
"2005.09.14"	"Iraq"	"Taji"	17	0	17	4848	8513	13361	21644	37475	59119
"2005.09.14"	"Iraq"	"Baghdad"	134	300	434	4982	8813	13795	21778	37775	59553
"2005.09.15"	"Afghanistan"	"Helmand"	1	0	1	4983	8813	13796	21779	37775	59554
"2005.09.15"	"India"	"Tipri"	2	0	2	4985	8813	13798	21781	37775	59556
"2005.09.15"	"Afghanistan"	"Ghazni"	1	2	3	4986	8815	13801	21782	37777	59559
"2005.09.15"	"Iraq"	"Baghdad"	23	32	55	5009	8847	13856	21805	37809	59614
"2005.09.15"	"Iraq"	"Karbala"	3	0	3	5012	8847	13859	21808	37809	59617
"2005.09.15"	"Thailand"	"Yala"	1	0	1	5013	8847	13860	21809	37809	59618
"2005.09.15"	"Thailand"	"Narathiwat"	1	1	2	5014	8848	13862	21810	37810	59620
"2005.09.15"	"Iraq"	"Mosul"	1	3	4	5015	8851	13866	21811	37813	59624
"2005.09.15"	"Dagestan"	"Kizilyurt"	1	3	4	5016	8854	13870	21812	37816	59628
"2005.09.16"	"Algeria"	"Ouled Attia"	2	4	6	5018	8858	13876	21814	37820	59634
"2005.09.16"	"Thailand"	"Narathiwat"	1	0	1	5019	8858	13877	21815	37820	59635
"2005.09.16"	"Lebanon"	"Beirut"	1	22	23	5020	8880	13900	21816	37842	59658
"2005.09.16"	"Chechnya"	"Grozny"	2	4	6	5022	8884	13906	21818	37846	59664
"2005.09.16"	"Iraq"	"Tuz"	10	21	31	5032	8905	13937	21828	37867	59695
"2005.09.16"	"Iraq"	"Baghdad"	12	22	34	5044	8927	13971	21840	37889	59729
"2005.09.17"	"Iraq"	"Mushahada"	3	1	4	5047	8928	13975	21843	37890	59733
"2005.09.17"	"Iraq"	"Nahrawan"	30	38	68	5077	8966	14043	21873	37928	59801
"2005.09.17"	"Iraq"	"Baghdad"	9	0	9	5086	8966	14052	21882	37928	59810
"2005.09.17"	"India"	"Surankote"	1	0	1	5087	8966	14053	21883	37928	59811
"2005.09.17"	"Algeria"	"Bordj"	1	0	1	5088	8966	14054	21884	37928	59812
"2005.09.18"	"Iraq"	"Baghdad"	1	4	5	5089	8970	14059	21885	37932	59817
"2005.09.18"	"Iraq"	"Kirkuk"	4	3	7	5093	8973	14066	21889	37935	59824
"2005.09.18"	"Pakistan"	"Wana"	1	0	1	5094	8973	14067	21890	37935	59825
"2005.09.18"	"Afghanistan"	"Khost"	2	0	2	5096	8973	14069	21892	37935	59827
"2005.09.19"	"Iraq"	"Karbala"	10	12	22	5106	8985	14091	21902	37947	59849
"2005.09.19"	"Iraq"	"Basra"	1	0	1	5107	8985	14092	21903	37947	59850
"2005.09.19"	"Algeria"	"Skikda"	4	0	4	5111	8985	14096	21907	37947	59854
"2005.09.19"	"India"	"Takiya Sheikhpora"	1	0	1	5112	8985	14097	21908	37947	59855
"2005.09.19"	"India"	"Doda"	2	0	2	5114	8985	14099	21910	37947	59857
"2005.09.19"	"Kabardino-Balk."	"Nalchik"	1	0	1	5115	8985	14100	21911	37947	59858
"2005.09.20"	"Thailand"	"Tanyong Limo"	2	0	2	5117	8985	14102	21913	37947	59860
"2005.09.20"	"Afghanistan"	"Uruzgan"	3	3	6	5120	8988	14108	21916	37950	59866
"2005.09.20"	"Afghanistan"	"Sahag"	2	0	2	5122	8988	14110	21918	37950	59868
"2005.09.20"	"Chechnya"	"Krasny Voskhod"	1	3	4	5123	8991	14114	21919	37953	59872
"2005.09.20"	"Ingushetia"	"Karabulak"	3	1	4	5126	8992	14118	21922	37954	59876
"2005.09.20"	"India"	"Udhampur"	3	0	3	5129	8992	14121	21925	37954	59879
"2005.09.20"	"Iraq"	"Mosul"	4	2	6	5133	8994	14127	21929	37956	59885
"2005.09.20"	"Pakistan"	"Shakai"	2	8	10	5135	9002	14137	21931	37964	59895
"2005.09.20"	"Thailand"	"Tanyong Limo"	2	3	5	5137	9005	14142	21933	37967	59900
"2005.09.20"	"Iraq"	"Duluiyah"	4	2	6	5141	9007	14148	21937	37969	59906
"2005.09.20"	"Philippines"	"Milaya"	1	0	1	5142	9007	14149	21938	37969	59907
"2005.09.20"	"Iraq"	"Baghdad"	1	0	1	5143	9007	14150	21939	37969	59908
"2005.09.21"	"Thailand"	"Yala"	1	1	2	5144	9008	14152	21940	37970	59910
"2005.09.21"	"Thailand"	"Narathiwat"	1	1	2	5145	9009	14154	21941	37971	59912
"2005.09.21"	"Afghanistan"	"Jozjan"	7	0	7	5152	9009	14161	21948	37971	59919
"2005.09.22"	"India"	"Pathan Mohalla"	1	1	2	5153	9010	14163	21949	37972	59921
"2005.09.22"	"Algeria"	"M'sila"	8	4	12	5161	9014	14175	21957	37976	59933
"2005.09.22"	"Iraq"	"Baghdad"	9	3	12	5170	9017	14187	21966	37979	59945
"2005.09.22"	"Pakistan"	"Lahore"	6	27	33	5176	9044	14220	21972	38006	59978
"2005.09.22"	"Thailand"	"Narathiwat"	1	1	2	5177	9045	14222	21973	38007	59980
"2005.09.22"	"Thailand"	"Yala"	1	0	1	5178	9045	14223	21974	38007	59981
"2005.09.22"	"Thailand"	"Yala"	1	0	1	5179	9045	14224	21975	38007	59982
"2005.09.22"	"Chechnya"	"Oktyabrskiy"	1	0	1	5180	9045	14225	21976	38007	59983
"2005.09.23"	"Iraq"	"Baghdad"	4	0	4	5184	9045	14229	21980	38007	59987
"2005.09.23"	"Pakistan"	"Gilgit"	2	2	4	5186	9047	14233	21982	38009	59991
"2005.09.23"	"India"	"Kulgam"	1	0	1	5187	9047	14234	21983	38009	59992
"2005.09.23"	"Thailand"	"Yala"	1	0	1	5188	9047	14235	21984	38009	59993
"2005.09.23"	"Thailand"	"Pattani"	2	0	2	5190	9047	14237	21986	38009	59995
"2005.09.23"	"Thailand"	"Narathiwat"	2	2	4	5192	9049	14241	21988	38011	59999
"2005.09.23"	"Iraq"	"Baghdad"	6	12	18	5198	9061	14259	21994	38023	60017
"2005.09.23"	"Pal. Auth."	"Jebaliya"	17	140	157	5215	9201	14416	22011	38163	60174
"2005.09.23"	"Iraq"	"Karbala"	1	4	5	5216	9205	14421	22012	38167	60179
"2005.09.23"	"Denmark"	"Slagelse"	1	1	2	5217	9206	14423	22013	38168	60181
"2005.09.24"	"India"	"Gandoh"	1	0	1	5218	9206	14424	22014	38168	60182
"2005.09.24"	"Chechnya"	"Grozny"	6	11	17	5224	9217	14441	22020	38179	60199
"2005.09.24"	"Afghanistan"	"Chemtal"	6	0	6	5230	9217	14447	22026	38179	60205
"2005.09.25"	"Iraq"	"Baghdad"	9	12	21	5239	9229	14468	22035	38191	60226
"2005.09.25"	"Iraq"	"Mussayib"	6	19	25	5245	9248	14493	22041	38210	60251
"2005.09.25"	"Iraq"	"Hilla"	5	48	53	5250	9296	14546	22046	38258	60304
"2005.09.25"	"India"	"Kalotra"	1	0	1	5251	9296	14547	22047	38258	60305
"2005.09.25"	"Pakistan"	"Lahore"	2	0	2	5253	9296	14549	22049	38258	60307
"2005.09.25"	"Algeria"	"Skikda"	2	0	2	5255	9296	14551	22051	38258	60309
"2005.09.26"	"Chad"	"Madayouna"	38	0	38	5293	9296	14589	22089	38258	60347
"2005.09.26"	"Iraq"	"Muelha"	6	0	6	5299	9296	14595	22095	38258	60353
"2005.09.26"	"Israel"	"Ramallah"	1	0	1	5300	9296	14596	22096	38258	60354
"2005.09.26"	"Iraq"	"Baghdad"	6	14	20	5306	9310	14616	22102	38272	60374
"2005.09.26"	"Afghanistan"	"Helmand"	4	0	4	5310	9310	14620	22106	38272	60378
"2005.09.26"	"Thailand"	"Tonmaisoong"	1	1	2	5311	9311	14622	22107	38273	60380
"2005.09.27"	"Iraq"	"Kut"	22	0	22	5333	9311	14644	22129	38273	60402
"2005.09.27"	"Iraq"	"Baqubah"	9	21	30	5342	9332	14674	22138	38294	60432
"2005.09.27"	"India"	"Mendhar"	1	0	1	5343	9332	14675	22139	38294	60433
"2005.09.27"	"Thailand"	"Pattani"	1	0	1	5344	9332	14676	22140	38294	60434
"2005.09.27"	"Algeria"	"Boukhil"	3	1	4	5347	9333	14680	22143	38295	60438
"2005.09.28"	"Sudan"	"Aro Sharow"	34	10	44	5381	9343	14724	22177	38305	60482
"2005.09.28"	"Afghanistan"	"Kabul"	9	28	37	5390	9371	14761	22186	38333	60519
"2005.09.28"	"Iraq"	"Tal Afar"	6	30	36	5396	9401	14797	22192	38363	60555
"2005.09.28"	"India"	"Malad"	2	1	3	5398	9402	14800	22194	38364	60558
"2005.09.28"	"India"	"Nasu"	2	0	2	5400	9402	14802	22196	38364	60560
"2005.09.29"	"Iraq"	"Baghdad"	4	8	12	5404	9410	14814	22200	38372	60572
"2005.09.29"	"Chechnya"	"Grozny"	3	1	4	5407	9411	14818	22203	38373	60576
"2005.09.29"	"India"	"Srinagar"	0	19	19	5407	9430	14837	22203	38392	60595
"2005.09.29"	"India"	"Alal"	1	0	1	5408	9430	14838	22204	38392	60596
"2005.09.29"	"Pakistan"	"Angoor Adda"	1	0	1	5409	9430	14839	22205	38392	60597
"2005.09.29"	"Pakistan"	"Karim Kut"	5	0	5	5414	9430	14844	22210	38392	60602
"2005.09.29"	"Iraq"	"Balad"	99	124	223	5513	9554	15067	22309	38516	60825
"2005.09.29"	"Indonesia"	"Landangan"	1	0	1	5514	9554	15068	22310	38516	60826
"2005.09.29"	"Thailand"	"Narathiwat"	1	1	2	5515	9555	15070	22311	38517	60828
"2005.09.30"	"Thailand"	"Pattani"	1	0	1	5516	9555	15071	22312	38517	60829
"2005.09.30"	"Iraq"	"Baghdad"	1	0	1	5517	9555	15072	22313	38517	60830
"2005.09.30"	"Sudan"	"Darfur"	29	10	39	5546	9565	15111	22342	38527	60869
"2005.09.30"	"Iraq"	"Hilla"	9	47	56	5555	9612	15167	22351	38574	60925
"2005.09.30"	"Thailand"	"Yala"	1	5	6	5556	9617	15173	22352	38579	60931
"2005.09.30"	"Thailand"	"Narathiwat"	2	0	2	5558	9617	15175	22354	38579	60933
"2005.09.30"	"India"	"Somboora"	2	0	2	5560	9617	15177	22356	38579	60935
"2005.10.01"	"Indonesia"	"Bali"	19	132	151	5579	9749	15328	22375	38711	61086
"2005.10.01"	"Chechnya"	"Shatoi"	1	2	3	5580	9751	15331	22376	38713	61089
"2005.10.01"	"Chechnya"	"Grozny"	2	0	2	5582	9751	15333	22378	38713	61091
"2005.10.02"	"Thailand"	"Songkhla"	2	3	5	5584	9754	15338	22380	38716	61096
"2005.10.02"	"Pakistan"	"Zha Gundai"	1	1	2	5585	9755	15340	22381	38717	61098
"2005.10.02"	"India"	"Bhalna"	1	0	1	5586	9755	15341	22382	38717	61099
"2005.10.02"	"Pakistan"	"Mir Ali"	3	8	11	5589	9763	15352	22385	38725	61110
"2005.10.02"	"Bangladesh"	"Atkhira"	2	3	5	5591	9766	15357	22387	38728	61115
"2005.10.03"	"India"	"Shopian"	1	0	1	5592	9766	15358	22388	38728	61116
"2005.10.03"	"Iraq"	"Baghdad"	3	2	5	5595	9768	15363	22391	38730	61121
"2005.10.03"	"Bangladesh"	"Laxmipu"	2	40	42	5597	9808	15405	22393	38770	61163
"2005.10.03"	"Indonesia"	"Pantangolemba"	1	0	1	5598	9808	15406	22394	38770	61164
"2005.10.04"	"Afghanistan"	"Spin Boldak"	6	16	22	5604	9824	15428	22400	38786	61186
"2005.10.04"	"India"	"Budgam"	3	0	3	5607	9824	15431	22403	38786	61189
"2005.10.04"	"Iraq"	"Baghdad"	3	6	9	5610	9830	15440	22406	38792	61198
"2005.10.05"	"Thailand"	"Yala"	1	0	1	5611	9830	15441	22407	38792	61199
"2005.10.05"	"India"	"Gumeri"	3	0	3	5614	9830	15444	22410	38792	61202
"2005.10.05"	"Afghanistan"	"Kandahar"	1	3	4	5615	9833	15448	22411	38795	61206
"2005.10.05"	"Iraq"	"Hilla"	36	95	131	5651	9928	15579	22447	38890	61337
"2005.10.06"	"Algeria"	"Messila"	2	0	2	5653	9928	15581	22449	38890	61339
"2005.10.06"	"India"	"Anantnag"	2	0	2	5655	9928	15583	22451	38890	61341
"2005.10.06"	"India"	"Dooru"	1	5	6	5656	9933	15589	22452	38895	61347
"2005.10.06"	"Iraq"	"Baghdad"	2	0	2	5658	9933	15591	22454	38895	61349
"2005.10.06"	"Thailand"	"Narathiwat"	1	10	11	5659	9943	15602	22455	38905	61360
"2005.10.06"	"Iraq"	"Baghdad"	10	8	18	5669	9951	15620	22465	38913	61378
"2005.10.06"	"Pakistan"	"Datta Kheil"	3	0	3	5672	9951	15623	22468	38913	61381
"2005.10.06"	"Thailand"	"Narathiwat"	5	2	7	5677	9953	15630	22473	38915	61388
"2005.10.07"	"India"	"Briswana"	1	0	1	5678	9953	15631	22474	38915	61389
"2005.10.07"	"Pakistan"	"Mong"	8	19	27	5686	9972	15658	22482	38934	61416
"2005.10.07"	"India"	"Sapore"	2	6	8	5688	9978	15666	22484	38940	61424
"2005.10.07"	"Thailand"	"Yala"	1	0	1	5689	9978	15667	22485	38940	61425
"2005.10.07"	"Iraq"	"Kirkuk"	3	11	14	5692	9989	15681	22488	38951	61439
"2005.10.07"	"Chechnya"	"Vinogradnoye"	1	0	1	5693	9989	15682	22489	38951	61440
"2005.10.08"	"Thailand"	"Pattani"	2	0	2	5695	9989	15684	22491	38951	61442
"2005.10.08"	"Thailand"	"Yala"	1	0	1	5696	9989	15685	22492	38951	61443
"2005.10.08"	"Iraq"	"Baghdad"	7	16	23	5703	10005	15708	22499	38967	61466
"2005.10.09"	"Iraq"	"Basra"	2	3	5	5705	10008	15713	22501	38970	61471
"2005.10.09"	"Pakistan"	"Miranshah"	3	0	3	5708	10008	15716	22504	38970	61474
"2005.10.09"	"Afghanistan"	"Gerdiz"	1	5	6	5709	10013	15722	22505	38975	61480
"2005.10.09"	"Iraq"	"Baghdad"	13	8	21	5722	10021	15743	22518	38983	61501
"2005.10.09"	"Algeria"	"Algiers"	2	0	2	5724	10021	15745	22520	38983	61503
"2005.10.09"	"Dagestan"	"Makhachkala"	2	0	2	5726	10021	15747	22522	38983	61505
"2005.10.09"	"Thailand"	"Pattani"	1	1	2	5727	10022	15749	22523	38984	61507
"2005.10.10"	"Chechnya"	"Zakan-Yurt"	2	0	2	5729	10022	15751	22525	38984	61509
"2005.10.10"	"Afghanistan"	"Kandahar"	3	5	8	5732	10027	15759	22528	38989	61517
"2005.10.10"	"India"	"Rajnagar"	10	1	11	5742	10028	15770	22538	38990	61528
"2005.10.10"	"Afghanistan"	"Helmand"	18	4	22	5760	10032	15792	22556	38994	61550
"2005.10.10"	"India"	"Qazigund"	2	2	4	5762	10034	15796	22558	38996	61554
"2005.10.11"	"Pakistan"	"Gilgit"	1	7	8	5763	10041	15804	22559	39003	61562
"2005.10.11"	"Pakistan"	"Naurote"	1	0	1	5764	10041	15805	22560	39003	61563
"2005.10.11"	"Iraq"	"Tal Afar"	30	45	75	5794	10086	15880	22590	39048	61638
"2005.10.11"	"Iraq"	"Baghdad"	4	0	4	5798	10086	15884	22594	39048	61642
"2005.10.11"	"Thailand"	"Pattani"	1	0	1	5799	10086	15885	22595	39048	61643
"2005.10.12"	"Philippines"	"Pamatsakin"	3	2	5	5802	10088	15890	22598	39050	61648
"2005.10.12"	"Afghanistan"	"Kandahar"	5	3	8	5807	10091	15898	22603	39053	61656
"2005.10.12"	"Afghanistan"	"Uruzgan"	6	0	6	5813	10091	15904	22609	39053	61662
"2005.10.12"	"Iraq"	"Tal Afar"	30	35	65	5843	10126	15969	22639	39088	61727
"2005.10.12"	"India"	"Hyderabad"	1	1	2	5844	10127	15971	22640	39089	61729
"2005.10.12"	"Egypt"	"Alexandria"	0	2	2	5844	10129	15973	22640	39091	61731
"2005.10.13"	"India"	"Chowkian"	2	1	3	5846	10130	15976	22642	39092	61734
"2005.10.13"	"Pakistan"	"Gilgit"	12	25	37	5858	10155	16013	22654	39117	61771
"2005.10.13"	"Kabardino-Balk."	"Nalchik"	44	64	108	5902	10219	16121	22698	39181	61879
"2005.10.13"	"Thailand"	"Narathiwat"	1	0	1	5903	10219	16122	22699	39181	61880
"2005.10.14"	"Afghanistan"	"Tani"	1	16	17	5904	10235	16139	22700	39197	61897
"2005.10.14"	"Thailand"	"Narathiwat"	1	0	1	5905	10235	16140	22701	39197	61898
"2005.10.14"	"Thailand"	"Pattani"	1	0	1	5906	10235	16141	22702	39197	61899
"2005.10.14"	"Afghanistan"	"Miwand"	2	13	15	5908	10248	16156	22704	39210	61914
"2005.10.15"	"Algeria"	"Tizi Ouzou"	1	0	1	5909	10248	16157	22705	39210	61915
"2005.10.15"	"Thailand"	"Narathiwat"	3	0	3	5912	10248	16160	22708	39210	61918
"2005.10.15"	"Iraq"	"Saqlawiyah"	5	0	5	5917	10248	16165	22713	39210	61923
"2005.10.15"	"India"	"Kathua"	2	6	8	5919	10254	16173	22715	39216	61931
"2005.10.16"	"Algeria"	"Algiers"	2	3	5	5921	10257	16178	22717	39219	61936
"2005.10.16"	"Afghanistan"	"Lashkargah"	3	0	3	5924	10257	16181	22720	39219	61939
"2005.10.16"	"Israel"	"Gush Etzion"	3	5	8	5927	10262	16189	22723	39224	61947
"2005.10.16"	"Thailand"	"Pattani"	3	0	3	5930	10262	16192	22726	39224	61950
"2005.10.16"	"Thailand"	"Yala"	2	0	2	5932	10262	16194	22728	39224	61952
"2005.10.16"	"Iran"	"Ahvaz"	6	80	86	5938	10342	16280	22734	39304	62038
"2005.10.17"	"Thailand"	"Narathiwat"	2	0	2	5940	10342	16282	22736	39304	62040
"2005.10.17"	"Iraq"	"Baghdad"	1	0	1	5941	10342	16283	22737	39304	62041
"2005.10.17"	"Iraq"	"Samarrah"	2	1	3	5943	10343	16286	22739	39305	62044
"2005.10.18"	"Iraq"	"Baghdad"	7	11	18	5950	10354	16304	22746	39316	62062
"2005.10.18"	"Dagestan"	"Khasavyurt"	1	3	4	5951	10357	16308	22747	39319	62066
"2005.10.18"	"India"	"Srinagar"	4	3	7	5955	10360	16315	22751	39322	62073
"2005.10.18"	"Algeria"	"Jejil"	6	0	6	5961	10360	16321	22757	39322	62079
"2005.10.18"	"Thailand"	"Narathiwat"	1	0	1	5962	10360	16322	22758	39322	62080
"2005.10.18"	"Bangladesh"	"Narsingdi"	1	0	1	5963	10360	16323	22759	39322	62081
"2005.10.18"	"Afghanistan"	"Dand"	1	0	1	5964	10360	16324	22760	39322	62082
"2005.10.19"	"India"	"Pampore"	2	10	12	5966	10370	16336	22762	39332	62094
"2005.10.19"	"Afghanistan"	"Panjwayi"	2	0	2	5968	10370	16338	22764	39332	62096
"2005.10.19"	"Afghanistan"	"Panjwayi"	1	0	1	5969	10370	16339	22765	39332	62097
"2005.10.19"	"Iraq"	"Iskandariya"	6	0	6	5975	10370	16345	22771	39332	62103
"2005.10.19"	"Thailand"	"Paluru"	1	0	1	5976	10370	16346	22772	39332	62104
"2005.10.19"	"Pakistan"	"Wana"	1	0	1	5977	10370	16347	22773	39332	62105
"2005.10.19"	"Iraq"	"Baghdad"	3	0	3	5980	10370	16350	22776	39332	62108
"2005.10.20"	"Afghanistan"	"Faryab"	1	3	4	5981	10373	16354	22777	39335	62112
"2005.10.20"	"Iraq"	"Baghdad"	3	5	8	5984	10378	16362	22780	39340	62120
"2005.10.20"	"Thailand"	"Narathiwat"	2	0	2	5986	10378	16364	22782	39340	62122
"2005.10.20"	"India"	"Dardkoot"	1	0	1	5987	10378	16365	22783	39340	62123
"2005.10.20"	"India"	"Nalli Dillo"	1	0	1	5988	10378	16366	22784	39340	62124
"2005.10.20"	"Iraq"	"Baqubah"	4	14	18	5992	10392	16384	22788	39354	62142
"2005.10.20"	"Chechnya"	"Elistanzhi"	3	3	6	5995	10395	16390	22791	39357	62148
"2005.10.21"	"Afghanistan"	"Nimroz"	2	5	7	5997	10400	16397	22793	39362	62155
"2005.10.21"	"India"	"Srinagar"	1	14	15	5998	10414	16412	22794	39376	62170
"2005.10.21"	"India"	"Ratnipora"	1	0	1	5999	10414	16413	22795	39376	62171
"2005.10.21"	"Afghanistan"	"Helmand"	9	0	9	6008	10414	16422	22804	39376	62180
"2005.10.21"	"Afghanistan"	"Khost"	1	3	4	6009	10417	16426	22805	39379	62184
"2005.10.23"	"India"	"Srinagar"	2	0	2	6011	10417	16428	22807	39379	62186
"2005.10.23"	"Pakistan"	"North Waziristan"	1	2	3	6012	10419	16431	22808	39381	62189
"2005.10.23"	"Bangladesh"	"Khulna"	1	0	1	6013	10419	16432	22809	39381	62190
"2005.10.23"	"Iraq"	"Tikrit"	5	0	5	6018	10419	16437	22814	39381	62195
"2005.10.23"	"Iraq"	"Baghdad"	4	11	15	6022	10430	16452	22818	39392	62210
"2005.10.23"	"Iraq"	"Kirkuk"	2	13	15	6024	10443	16467	22820	39405	62225
"2005.10.23"	"Iraq"	"Taji"	3	0	3	6027	10443	16470	22823	39405	62228
"2005.10.23"	"India"	"Wadwal"	3	1	4	6030	10444	16474	22826	39406	62232
"2005.10.23"	"England"	"Birmingham"	1	1	2	6031	10445	16476	22827	39407	62234
"2005.10.23"	"Thailand"	"Pattani"	1	0	1	6032	10445	16477	22828	39407	62235
"2005.10.23"	"Lebanon"	"Ein el-Hilweh"	1	3	4	6033	10448	16481	22829	39410	62239
"2005.10.24"	"Canada"	"Montreal"	1	0	1	6034	10448	16482	22830	39410	62240
"2005.10.24"	"Thailand"	"Pattani"	1	3	4	6035	10451	16486	22831	39413	62244
"2005.10.24"	"Iraq"	"Baghdad"	20	40	60	6055	10491	16546	22851	39453	62304
"2005.10.24"	"Iraq"	"Hilla"	12	1	13	6067	10492	16559	22863	39454	62317
"2005.10.24"	"Iraq"	"Baghdad"	14	5	19	6081	10497	16578	22877	39459	62336
"2005.10.24"	"Afghanistan"	"Kandahar"	2	6	8	6083	10503	16586	22879	39465	62344
"2005.10.24"	"Pakistan"	"Ladha"	1	11	12	6084	10514	16598	22880	39476	62356
"2005.10.24"	"India"	"Puchhal"	1	0	1	6085	10514	16599	22881	39476	62357
"2005.10.25"	"Lebanon"	"Helweh"	1	0	1	6086	10514	16600	22882	39476	62358
"2005.10.25"	"Algeria"	"Medea"	2	3	5	6088	10517	16605	22884	39479	62363
"2005.10.25"	"India"	"Srinagar"	0	9	9	6088	10526	16614	22884	39488	62372
"2005.10.25"	"Iraq"	"Baghdad"	1	9	10	6089	10535	16624	22885	39497	62382
"2005.10.25"	"Afghanistan"	"Kabul"	4	3	7	6093	10538	16631	22889	39500	62389
"2005.10.25"	"Afghanistan"	"Jalalabad"	1	2	3	6094	10540	16634	22890	39502	62392
"2005.10.25"	"Iraq"	"Sulaimaniyah"	9	4	13	6103	10544	16647	22899	39506	62405
"2005.10.25"	"Thailand"	"Yala"	1	0	1	6104	10544	16648	22900	39506	62406
"2005.10.25"	"Algeria"	"Medea"	1	1	2	6105	10545	16650	22901	39507	62408
"2005.10.26"	"Israel"	"Hadera"	5	30	35	6110	10575	16685	22906	39537	62443
"2005.10.26"	"Pakistan"	"Quetta"	1	0	1	6111	10575	16686	22907	39537	62444
"2005.10.26"	"India"	"Omarabad"	0	30	30	6111	10605	16716	22907	39567	62474
"2005.10.26"	"India"	"Mundana"	2	0	2	6113	10605	16718	22909	39567	62476
"2005.10.26"	"Thailand"	"Narathiwat"	9	10	19	6122	10615	16737	22918	39577	62495
"2005.10.26"	"Algeria"	"Batna"	1	0	1	6123	10615	16738	22919	39577	62496
"2005.10.26"	"Algeria"	"Skikda"	3	0	3	6126	10615	16741	22922	39577	62499
"2005.10.26"	"Ingushetia"	"Nazran"	4	1	5	6130	10616	16746	22926	39578	62504
"2005.10.27"	"Iraq"	"Baghdad"	1	9	10	6131	10625	16756	22927	39587	62514
"2005.10.27"	"Iraq"	"Nahrawan"	15	14	29	6146	10639	16785	22942	39601	62543
"2005.10.27"	"India"	"Ganethi"	2	0	2	6148	10639	16787	22944	39601	62545
"2005.10.27"	"Pakistan"	"Kot Langarkhel"	1	11	12	6149	10650	16799	22945	39612	62557
"2005.10.28"	"Afghanistan"	"Helmand"	3	0	3	6152	10650	16802	22948	39612	62560
"2005.10.28"	"Afghanistan"	"Paktika"	3	0	3	6155	10650	16805	22951	39612	62563
"2005.10.28"	"Thailand"	"Narathiwat"	1	0	1	6156	10650	16806	22952	39612	62564
"2005.10.28"	"India"	"Shabga"	6	0	6	6162	10650	16812	22958	39612	62570
"2005.10.29"	"India"	"New Delhi"	62	155	217	6224	10805	17029	23020	39767	62787
"2005.10.29"	"Indonesia"	"Bukit Bambu"	3	1	4	6227	10806	17033	23023	39768	62791
"2005.10.29"	"Iraq"	"Howaider"	31	42	73	6258	10848	17106	23054	39810	62864
"2005.10.29"	"Thailand"	"Yala"	1	0	1	6259	10848	17107	23055	39810	62865
"2005.10.30"	"Algeria"	"Boumerdes"	2	0	2	6261	10848	17109	23057	39810	62867
"2005.10.30"	"Algeria"	"al-Taheer"	1	7	8	6262	10855	17117	23058	39817	62875
"2005.10.30"	"India"	"Kanji"	1	0	1	6263	10855	17118	23059	39817	62876
"2005.10.30"	"India"	"Batpora Harwan"	1	0	1	6264	10855	17119	23060	39817	62877
"2005.10.30"	"Iraq"	"Baghdad"	5	9	14	6269	10864	17133	23065	39826	62891
"2005.10.31"	"Thailand"	"Pattani"	1	3	4	6270	10867	17137	23066	39829	62895
"2005.10.31"	"Thailand"	"Yala"	1	0	1	6271	10867	17138	23067	39829	62896
"2005.10.31"	"Algeria"	"Baghlia"	1	0	1	6272	10867	17139	23068	39829	62897
"2005.10.31"	"Iraq"	"Basra"	18	59	77	6290	10926	17216	23086	39888	62974
"2005.10.31"	"Yemen"	"Munabbah"	12	0	12	6302	10926	17228	23098	39888	62986
"2005.10.31"	"Iraq"	"Baghdad"	4	5	9	6306	10931	17237	23102	39893	62995
"2005.10.31"	"Nigeria"	"Niger Province"	3	13	16	6309	10944	17253	23105	39906	63011
"2005.10.31"	"Iraq"	"Tal Afar"	14	0	14	6323	10944	17267	23119	39906	63025
"2005.11.01"	"India"	"Lamad-Bernai"	1	1	2	6324	10945	17269	23120	39907	63027
"2005.11.01"	"Thailand"	"Narathiwat"	1	0	1	6325	10945	17270	23121	39907	63028
"2005.11.02"	"Thailand"	"Narathiwat"	2	3	5	6327	10948	17275	23123	39910	63033
"2005.11.02"	"Thailand"	"Pattani"	1	0	1	6328	10948	17276	23124	39910	63034
"2005.11.02"	"Iraq"	"Musayyib"	23	46	69	6351	10994	17345	23147	39956	63103
"2005.11.02"	"Israel"	"Kafr Mirka"	1	0	1	6352	10994	17346	23148	39956	63104
"2005.11.02"	"Thailand"	"Yala"	1	0	1	6353	10994	17347	23149	39956	63105
"2005.11.02"	"Chechnya"	"Grozny"	1	1	2	6354	10995	17349	23150	39957	63107
"2005.11.02"	"India"	"Srinagar"	10	18	28	6364	11013	17377	23160	39975	63135
"2005.11.02"	"Afghanistan"	"Bahramshah"	5	0	5	6369	11013	17382	23165	39975	63140
"2005.11.02"	"Iraq"	"Jurf al Naddaf"	5	6	11	6374	11019	17393	23170	39981	63151
"2005.11.03"	"Thailand"	"Narathiwat"	1	0	1	6375	11019	17394	23171	39981	63152
"2005.11.03"	"Thailand"	"Pattani"	1	0	1	6376	11019	17395	23172	39981	63153
"2005.11.04"	"Thailand"	"Narathiwat"	1	1	2	6377	11020	17397	23173	39982	63155
"2005.11.04"	"Thailand"	"Yala"	1	0	1	6378	11020	17398	23174	39982	63156
"2005.11.04"	"Iraq"	"Bores"	9	11	20	6387	11031	17418	23183	39993	63176
"2005.11.04"	"Iraq"	"Baghdad"	9	2	11	6396	11033	17429	23192	39995	63187
"2005.11.05"	"Pakistan"	"Mir Ali"	3	0	3	6399	11033	17432	23195	39995	63190
"2005.11.05"	"India"	"Rajwar"	1	0	1	6400	11033	17433	23196	39995	63191
"2005.11.05"	"Iraq"	"Balad Ruz"	13	3	16	6413	11036	17449	23209	39998	63207
"2005.11.05"	"Thailand"	"Narathiwat"	2	0	2	6415	11036	17451	23211	39998	63209
"2005.11.06"	"Iraq"	"Baghdad"	3	7	10	6418	11043	17461	23214	40005	63219
"2005.11.06"	"Iraq"	"Kut"	21	0	21	6439	11043	17482	23235	40005	63240
"2005.11.06"	"India"	"Kashmir"	3	1	4	6442	11044	17486	23238	40006	63244
"2005.11.07"	"Iraq"	"Baghdad"	5	0	5	6447	11044	17491	23243	40006	63249
"2005.11.07"	"India"	"Quil Muqam"	2	0	2	6449	11044	17493	23245	40006	63251
"2005.11.07"	"India"	"Indergam"	1	0	1	6450	11044	17494	23246	40006	63252
"2005.11.07"	"Thailand"	"Yala"	2	0	2	6452	11044	17496	23248	40006	63254
"2005.11.07"	"Iraq"	"Baghdad"	9	10	19	6461	11054	17515	23257	40016	63273
"2005.11.07"	"Afghanistan"	"Uruzgan"	2	0	2	6463	11054	17517	23259	40016	63275
"2005.11.07"	"Sudan"	"Darfur"	18	16	34	6481	11070	17551	23277	40032	63309
"2005.11.07"	"France"	"Paris"	1	0	1	6482	11070	17552	23278	40032	63310
"2005.11.07"	"Thailand"	"Yala"	6	2	8	6488	11072	17560	23284	40034	63318
"2005.11.07"	"Somalia"	"Mogadishu"	1	0	1	6489	11072	17561	23285	40034	63319
"2005.11.08"	"Thailand"	"Narathiwat"	3	0	3	6492	11072	17564	23288	40034	63322
"2005.11.08"	"Iraq"	"Basra"	3	0	3	6495	11072	17567	23291	40034	63325
"2005.11.08"	"India"	"Lawaypora"	1	19	20	6496	11091	17587	23292	40053	63345
"2005.11.08"	"Indonesia"	"Poso"	1	1	2	6497	11092	17589	23293	40054	63347
"2005.11.08"	"India"	"Larkuti"	2	0	2	6499	11092	17591	23295	40054	63349
"2005.11.08"	"Iraq"	"Mustansiriyah"	1	1	2	6500	11093	17593	23296	40055	63351
"2005.11.08"	"Iraq"	"Kirkuk"	7	3	10	6507	11096	17603	23303	40058	63361
"2005.11.09"	"Iraq"	"Baghdad"	6	31	37	6513	11127	17640	23309	40089	63398
"2005.11.09"	"Afghanistan"	"Shah Wali Kot"	7	2	9	6520	11129	17649	23316	40091	63407
"2005.11.09"	"Iraq"	"Baqubah"	7	9	16	6527	11138	17665	23323	40100	63423
"2005.11.09"	"Jordan"	"Amman"	56	115	171	6583	11253	17836	23379	40215	63594
"2005.11.09"	"India"	"Tral"	1	0	1	6584	11253	17837	23380	40215	63595
"2005.11.09"	"Thailand"	"Narathiwat"	1	1	2	6585	11254	17839	23381	40216	63597
"2005.11.10"	"Pakistan"	"Brabcha"	6	6	12	6591	11260	17851	23387	40222	63609
"2005.11.10"	"India"	"Nadihal-Bandipora"	1	0	1	6592	11260	17852	23388	40222	63610
"2005.11.10"	"Iraq"	"Kirkuk"	7	13	20	6599	11273	17872	23395	40235	63630
"2005.11.10"	"Iraq"	"Baghdad"	33	24	57	6632	11297	17929	23428	40259	63687
"2005.11.10"	"Afghanistan"	"Helmand"	3	0	3	6635	11297	17932	23431	40259	63690
"2005.11.11"	"India"	"Pulwama"	1	0	1	6636	11297	17933	23432	40259	63691
"2005.11.11"	"Iraq"	"Baghdad"	2	4	6	6638	11301	17939	23434	40263	63697
"2005.11.11"	"Afghanistan"	"Khost"	1	5	6	6639	11306	17945	23435	40268	63703
"2005.11.11"	"Algeria"	"Beni Boussaid"	1	4	5	6640	11310	17950	23436	40272	63708
"2005.11.12"	"Thailand"	"Narathiwat"	1	0	1	6641	11310	17951	23437	40272	63709
"2005.11.12"	"Thailand"	"Narathiwat"	1	0	1	6642	11310	17952	23438	40272	63710
"2005.11.12"	"Philippines"	"Jolo"	1	0	1	6643	11310	17953	23439	40272	63711
"2005.11.12"	"India"	"Raipora"	2	3	5	6645	11313	17958	23441	40275	63716
"2005.11.12"	"Iraq"	"Baghdad"	4	1	5	6649	11314	17963	23445	40276	63721
"2005.11.12"	"Iraq"	"Baghdad"	8	12	20	6657	11326	17983	23453	40288	63741
"2005.11.12"	"Philippines"	"Jolo"	3	12	15	6660	11338	17998	23456	40300	63756
"2005.11.12"	"Afghanistan"	"Helmand"	3	0	3	6663	11338	18001	23459	40300	63759
"2005.11.13"	"Thailand"	"Pattani"	3	0	3	6666	11338	18004	23462	40300	63762
"2005.11.13"	"Somalia"	"Mogadishu"	4	5	9	6670	11343	18013	23466	40305	63771
"2005.11.14"	"Iraq"	"Baghdad"	3	4	7	6673	11347	18020	23469	40309	63778
"2005.11.14"	"India"	"Gulbug Ratnipora"	1	0	1	6674	11347	18021	23470	40309	63779
"2005.11.14"	"Afghanistan"	"Kabul"	9	7	16	6683	11354	18037	23479	40316	63795
"2005.11.14"	"India"	"Srinagar"	4	14	18	6687	11368	18055	23483	40330	63813
"2005.11.14"	"Bangladesh"	"Jhalokathi"	2	0	2	6689	11368	18057	23485	40330	63815
"2005.11.14"	"Iraq"	"Ramadi"	6	30	36	6695	11398	18093	23491	40360	63851
"2005.11.14"	"Thailand"	"Pattani"	3	1	4	6698	11399	18097	23494	40361	63855
"2005.11.14"	"Iraq"	"Baghdad"	2	3	5	6700	11402	18102	23496	40364	63860
"2005.11.15"	"Thailand"	"Narathiwat"	1	0	1	6701	11402	18103	23497	40364	63861
"2005.11.15"	"Pakistan"	"Karachi"	3	12	15	6704	11414	18118	23500	40376	63876
"2005.11.15"	"India"	"Tangmarg"	7	90	97	6711	11504	18215	23507	40466	63973
"2005.11.15"	"Afghanistan"	"Paktika"	5	2	7	6716	11506	18222	23512	40468	63980
"2005.11.15"	"Iraq"	"Kirkuk"	7	3	10	6723	11509	18232	23519	40471	63990
"2005.11.15"	"Iraq"	"Baghdad"	2	7	9	6725	11516	18241	23521	40478	63999
"2005.11.15"	"Chechnya"	"Grozny"	2	0	2	6727	11516	18243	23523	40478	64001
"2005.11.16"	"India"	"Srinagar"	6	48	54	6733	11564	18297	23529	40526	64055
"2005.11.16"	"India"	"Awantipora"	2	3	5	6735	11567	18302	23531	40529	64060
"2005.11.16"	"Thailand"	"Narathiwat"	2	0	2	6737	11567	18304	23533	40529	64062
"2005.11.16"	"Afghanistan"	"Kandahar"	3	6	9	6740	11573	18313	23536	40535	64071
"2005.11.16"	"Thailand"	"Narathiwat"	9	9	18	6749	11582	18331	23545	40544	64089
"2005.11.17"	"Iraq"	"Baghdad"	1	0	1	6750	11582	18332	23546	40544	64090
"2005.11.17"	"India"	"Lancha"	2	0	2	6752	11582	18334	23548	40544	64092
"2005.11.17"	"Ingushetia"	"Malgobek"	2	1	3	6754	11583	18337	23550	40545	64095
"2005.11.17"	"Thailand"	"Narathiwat"	1	0	1	6755	11583	18338	23551	40545	64096
"2005.11.18"	"Sweden"	"Hogsby"	1	0	1	6756	11583	18339	23552	40545	64097
"2005.11.18"	"Indonesia"	"Poso"	1	1	2	6757	11584	18341	23553	40546	64099
"2005.11.18"	"Indonesia"	"Palu"	1	1	2	6758	11585	18343	23554	40547	64101
"2005.11.18"	"Afghanistan"	"Kabul"	1	3	4	6759	11588	18347	23555	40550	64105
"2005.11.18"	"Iraq"	"Khanaqin"	74	85	159	6833	11673	18506	23629	40635	64264
"2005.11.18"	"Iraq"	"Baghdad"	8	40	48	6841	11713	18554	23637	40675	64312
"2005.11.19"	"Iraq"	"Abu Saida"	36	50	86	6877	11763	18640	23673	40725	64398
"2005.11.19"	"Iraq"	"Haditha"	15	0	15	6892	11763	18655	23688	40725	64413
"2005.11.19"	"Iraq"	"Baghdad"	13	21	34	6905	11784	18689	23701	40746	64447
"2005.11.19"	"Indonesia"	"Palu"	0	2	2	6905	11786	18691	23701	40748	64449
"2005.11.19"	"Afghanistan"	"Helmand"	3	0	3	6908	11786	18694	23704	40748	64452
"2005.11.19"	"Chechnya"	"Chechen-Aul"	1	0	1	6909	11786	18695	23705	40748	64453
"2005.11.20"	"Thailand"	"Sungai Kolok"	0	12	12	6909	11798	18707	23705	40760	64465
"2005.11.20"	"Thailand"	"Narathiwat"	0	3	3	6909	11801	18710	23705	40763	64468
"2005.11.20"	"Iraq"	"Basra"	1	4	5	6910	11805	18715	23706	40767	64473
"2005.11.21"	"Israel"	"Metulla"	0	12	12	6910	11817	18727	23706	40779	64485
"2005.11.21"	"India"	"Sopore"	1	1	2	6911	11818	18729	23707	40780	64487
"2005.11.21"	"India"	"Srinagar"	0	10	10	6911	11828	18739	23707	40790	64497
"2005.11.21"	"Iraq"	"Baghdad"	4	0	4	6915	11828	18743	23711	40790	64501
"2005.11.21"	"Iraq"	"Kanaan"	5	14	19	6920	11842	18762	23716	40804	64520
"2005.11.21"	"Thailand"	"Yala"	3	2	5	6923	11844	18767	23719	40806	64525
"2005.11.22"	"Iran"	"Gonbad-e-Kavus"	1	0	1	6924	11844	18768	23720	40806	64526
"2005.11.22"	"Iraq"	"Kirkuk"	18	28	46	6942	11872	18814	23738	40834	64572
"2005.11.22"	"Thailand"	"Narathiwat"	1	1	2	6943	11873	18816	23739	40835	64574
"2005.11.22"	"Thailand"	"Yala"	1	0	1	6944	11873	18817	23740	40835	64575
"2005.11.23"	"Philippines"	"Sulu"	1	2	3	6945	11875	18820	23741	40837	64578
"2005.11.23"	"India"	"Srinagar"	3	4	7	6948	11879	18827	23744	40841	64585
"2005.11.23"	"Iraq"	"Baghdad"	5	0	5	6953	11879	18832	23749	40841	64590
"2005.11.23"	"Iraq"	"Baqubah"	1	1	2	6954	11880	18834	23750	40842	64592
"2005.11.23"	"India"	"Ashminder Pulwama"	1	0	1	6955	11880	18835	23751	40842	64593
"2005.11.23"	"Afghanistan"	"Nimroz"	1	0	1	6956	11880	18836	23752	40842	64594
"2005.11.23"	"India"	"Doda"	1	0	1	6957	11880	18837	23753	40842	64595
"2005.11.23"	"Afghanistan"	"Charchino"	3	0	3	6960	11880	18840	23756	40842	64598
"2005.11.23"	"Thailand"	"Narathiwat"	1	0	1	6961	11880	18841	23757	40842	64599
"2005.11.24"	"Iraq"	"Hilla"	11	17	28	6972	11897	18869	23768	40859	64627
"2005.11.24"	"Thailand"	"Pattani"	1	0	1	6973	11897	18870	23769	40859	64628
"2005.11.24"	"Thailand"	"Narathiwat"	1	4	5	6974	11901	18875	23770	40863	64633
"2005.11.24"	"Iraq"	"Mahmoudiya"	30	35	65	7004	11936	18940	23800	40898	64698
"2005.11.24"	"Iraq"	"Baghdad"	4	0	4	7008	11936	18944	23804	40898	64702
"2005.11.24"	"Afghanistan"	"Khogyani"	2	2	4	7010	11938	18948	23806	40900	64706
"2005.11.24"	"Iraq"	"Baghdad"	4	0	4	7014	11938	18952	23810	40900	64710
"2005.11.24"	"India"	"Surankote"	2	2	4	7016	11940	18956	23812	40902	64714
"2005.11.25"	"Iraq"	"Hawija"	4	0	4	7020	11940	18960	23816	40902	64718
"2005.11.25"	"India"	"Handwara"	1	0	1	7021	11940	18961	23817	40902	64719
"2005.11.25"	"Afghanistan"	"Mazar-e-Sharif"	1	3	4	7022	11943	18965	23818	40905	64723
"2005.11.26"	"Thailand"	"Narathiwat"	1	0	1	7023	11943	18966	23819	40905	64724
"2005.11.26"	"Iraq"	"Samarrah"	6	12	18	7029	11955	18984	23825	40917	64742
"2005.11.26"	"Afghanistan"	"Sharana"	1	0	1	7030	11955	18985	23826	40917	64743
"2005.11.26"	"Iraq"	"Baghdad"	4	0	4	7034	11955	18989	23830	40917	64747
"2005.11.26"	"Afghanistan"	"Helmand"	1	0	1	7035	11955	18990	23831	40917	64748
"2005.11.26"	"Iraq"	"Baghdad"	1	3	4	7036	11958	18994	23832	40920	64752
"2005.11.27"	"Iraq"	"Rustomia"	7	0	7	7043	11958	19001	23839	40920	64759
"2005.11.27"	"Iraq"	"Baghdad"	2	4	6	7045	11962	19007	23841	40924	64765
"2005.11.27"	"Iraq"	"Baqubah"	2	1	3	7047	11963	19010	23843	40925	64768
"2005.11.27"	"Thailand"	"Narathiwat"	1	0	1	7048	11963	19011	23844	40925	64769
"2005.11.28"	"India"	"Bandipore"	2	0	2	7050	11963	19013	23846	40925	64771
"2005.11.28"	"Iraq"	"Abu Ghraib"	4	0	4	7054	11963	19017	23850	40925	64775
"2005.11.28"	"Iraq"	"Baghdad"	3	3	6	7057	11966	19023	23853	40928	64781
"2005.11.28"	"Yemen"	"Sadah"	8	0	8	7065	11966	19031	23861	40928	64789
"2005.11.28"	"Chechnya"	"Pamyatoi"	1	0	1	7066	11966	19032	23862	40928	64790
"2005.11.29"	"Bangladesh"	"Chittagong"	2	16	18	7068	11982	19050	23864	40944	64808
"2005.11.29"	"Bangladesh"	"Gazipur"	5	50	55	7073	12032	19105	23869	40994	64863
"2005.11.29"	"Iraq"	"Mosul"	2	1	3	7075	12033	19108	23871	40995	64866
"2005.11.29"	"Thailand"	"Narathiwat"	1	1	2	7076	12034	19110	23872	40996	64868
"2005.11.29"	"Chechnya"	"Avtury"	2	0	2	7078	12034	19112	23874	40996	64870
"2005.11.30"	"Iraq"	"Baqubah"	9	2	11	7087	12036	19123	23883	40998	64881
"2005.11.30"	"Thailand"	"Yala"	1	0	1	7088	12036	19124	23884	40998	64882
"2005.11.30"	"Thailand"	"Narathiwat"	1	0	1	7089	12036	19125	23885	40998	64883
"2005.12.01"	"Thailand"	"Yala"	1	1	2	7090	12037	19127	23886	40999	64885
"2005.12.01"	"Bangladesh"	"Gazipur"	2	30	32	7092	12067	19159	23888	41029	64917
"2005.12.01"	"Pakistan"	"Miranshah"	2	0	2	7094	12067	19161	23890	41029	64919
"2005.12.01"	"Iraq"	"Rutba"	5	0	5	7099	12067	19166	23895	41029	64924
"2005.12.01"	"Iraq"	"Zaghneya"	1	0	1	7100	12067	19167	23896	41029	64925
"2005.12.01"	"India"	"Challi Dangri"	2	0	2	7102	12067	19169	23898	41029	64927
"2005.12.02"	"Afghanistan"	"Helmand"	1	5	6	7103	12072	19175	23899	41034	64933
"2005.12.02"	"Afghanistan"	"Shah Wali Kot"	3	3	6	7106	12075	19181	23902	41037	64939
"2005.12.02"	"Pakistan"	"Balochistan"	1	0	1	7107	12075	19182	23903	41037	64940
"2005.12.02"	"India"	"Karam Katha"	1	0	1	7108	12075	19183	23904	41037	64941
"2005.12.02"	"India"	"Pattan"	1	0	1	7109	12075	19184	23905	41037	64942
"2005.12.02"	"India"	"Chuntimulla"	1	0	1	7110	12075	19185	23906	41037	64943
"2005.12.02"	"Iraq"	"Fallujah"	10	11	21	7120	12086	19206	23916	41048	64964
"2005.12.02"	"Thailand"	"Narathiwat"	1	0	1	7121	12086	19207	23917	41048	64965
"2005.12.03"	"Iraq"	"Adhaim"	19	2	21	7140	12088	19228	23936	41050	64986
"2005.12.04"	"Afghanistan"	"Kandahar"	1	2	3	7141	12090	19231	23937	41052	64989
"2005.12.04"	"Pakistan"	"Shakai"	1	0	1	7142	12090	19232	23938	41052	64990
"2005.12.04"	"Iraq"	"Baghdad"	3	26	29	7145	12116	19261	23941	41078	65019
"2005.12.04"	"Egypt"	"Cairo"	1	0	1	7146	12116	19262	23942	41078	65020
"2005.12.05"	"Thailand"	"Pattani"	1	0	1	7147	12116	19263	23943	41078	65021
"2005.12.05"	"Israel"	"Netanya"	5	47	52	7152	12163	19315	23948	41125	65073
"2005.12.05"	"Afghanistan"	"Marja"	3	2	5	7155	12165	19320	23951	41127	65078
"2005.12.05"	"Iraq"	"Rutba"	11	0	11	7166	12165	19331	23962	41127	65089
"2005.12.05"	"Pakistan"	"Karachi"	1	0	1	7167	12165	19332	23963	41127	65090
"2005.12.05"	"India"	"Nambalhar"	1	1	2	7168	12166	19334	23964	41128	65092
"2005.12.06"	"Iraq"	"Baghdad"	3	20	23	7171	12186	19357	23967	41148	65115
"2005.12.06"	"Pakistan"	"Miranshah"	7	0	7	7178	12186	19364	23974	41148	65122
"2005.12.06"	"Pakistan"	"Wana"	2	0	2	7180	12186	19366	23976	41148	65124
"2005.12.06"	"Iraq"	"Shorkat"	3	0	3	7183	12186	19369	23979	41148	65127
"2005.12.06"	"Iraq"	"Fallujah"	9	0	9	7192	12186	19378	23988	41148	65136
"2005.12.06"	"Iraq"	"Baghdad"	43	73	116	7235	12259	19494	24031	41221	65252
"2005.12.06"	"Thailand"	"Narathiwat"	1	0	1	7236	12259	19495	24032	41221	65253
"2005.12.06"	"Thailand"	"Pattani"	1	0	1	7237	12259	19496	24033	41221	65254
"2005.12.07"	"Ingushetia"	"Nazran"	0	9	9	7237	12268	19505	24033	41230	65263
"2005.12.07"	"Iraq"	"Kirkuk"	3	5	8	7240	12273	19513	24036	41235	65271
"2005.12.08"	"Afghanistan"	"Khost"	4	1	5	7244	12274	19518	24040	41236	65276
"2005.12.08"	"Israel"	"Kalandiya"	1	0	1	7245	12274	19519	24041	41236	65277
"2005.12.08"	"Bangladesh"	"Gangni"	1	10	11	7246	12284	19530	24042	41246	65288
"2005.12.08"	"Afghanistan"	"Helmand"	1	2	3	7247	12286	19533	24043	41248	65291
"2005.12.08"	"India"	"Gandoh"	1	0	1	7248	12286	19534	24044	41248	65292
"2005.12.08"	"Bangladesh"	"Netrakona"	6	100	106	7254	12386	19640	24050	41348	65398
"2005.12.08"	"Iraq"	"Baghdad"	32	44	76	7286	12430	19716	24082	41392	65474
"2005.12.08"	"Pakistan"	"Jandola"	12	40	52	7298	12470	19768	24094	41432	65526
"2005.12.08"	"Iraq"	"Baghdad"	1	0	1	7299	12470	19769	24095	41432	65527
"2005.12.09"	"Iraq"	"Baghdad"	3	0	3	7302	12470	19772	24098	41432	65530
"2005.12.09"	"Afghanistan"	"Zabul"	1	2	3	7303	12472	19775	24099	41434	65533
"2005.12.09"	"Thailand"	"Narathiwat"	2	0	2	7305	12472	19777	24101	41434	65535
"2005.12.10"	"Afghanistan"	"Nazarjusth"	7	6	13	7312	12478	19790	24108	41440	65548
"2005.12.10"	"Iraq"	"Mosul"	1	1	2	7313	12479	19792	24109	41441	65550
"2005.12.10"	"Iraq"	"Mosul"	2	1	3	7315	12480	19795	24111	41442	65553
"2005.12.10"	"Pakistan"	"North Waziristan"	2	0	2	7317	12480	19797	24113	41442	65555
"2005.12.10"	"Iraq"	"Tikrit"	1	0	1	7318	12480	19798	24114	41442	65556
"2005.12.11"	"India"	"Chandilora"	1	0	1	7319	12480	19799	24115	41442	65557
"2005.12.11"	"Iraq"	"Baiji"	2	1	3	7321	12481	19802	24117	41443	65560
"2005.12.12"	"Lebanon"	"Mkalles"	4	30	34	7325	12511	19836	24121	41473	65594
"2005.12.12"	"Iraq"	"Baghdad"	10	31	41	7335	12542	19877	24131	41504	65635
"2005.12.13"	"Iraq"	"Ramadi"	1	0	1	7336	12542	19878	24132	41504	65636
"2005.12.13"	"Philippines"	"Patikul"	2	11	13	7338	12553	19891	24134	41515	65649
"2005.12.13"	"Pakistan"	"Dera Bugti"	3	6	9	7341	12559	19900	24137	41521	65658
"2005.12.13"	"India"	"Kashreyan"	1	0	1	7342	12559	19901	24138	41521	65659
"2005.12.13"	"Pakistan"	"Balochistan"	1	0	1	7343	12559	19902	24139	41521	65660
"2005.12.14"	"Afghanistan"	"Kandahar"	1	0	1	7344	12559	19903	24140	41521	65661
"2005.12.14"	"India"	"Tanta"	1	0	1	7345	12559	19904	24141	41521	65662
"2005.12.14"	"Afghanistan"	"Andar"	2	0	2	7347	12559	19906	24143	41521	65664
"2005.12.15"	"Iraq"	"Mosul"	1	7	8	7348	12566	19914	24144	41528	65672
"2005.12.15"	"Afghanistan"	"Nad Ali"	1	0	1	7349	12566	19915	24145	41528	65673
"2005.12.16"	"Afghanistan"	"Kabul"	2	2	4	7351	12568	19919	24147	41530	65677
"2005.12.16"	"Israel"	"Hebron"	1	1	2	7352	12569	19921	24148	41531	65679
"2005.12.16"	"India"	"Jamia Mohalla"	1	1	2	7353	12570	19923	24149	41532	65681
"2005.12.16"	"India"	"Kulgam"	1	0	1	7354	12570	19924	24150	41532	65682
"2005.12.16"	"Iraq"	"Parwana"	5	2	7	7359	12572	19931	24155	41534	65689
"2005.12.16"	"India"	"Baramulla"	2	0	2	7361	12572	19933	24157	41534	65691
"2005.12.16"	"India"	"Mohalla Jamia"	2	0	2	7363	12572	19935	24159	41534	65693
"2005.12.16"	"Thailand"	"Yala"	1	0	1	7364	12572	19936	24160	41534	65694
"2005.12.16"	"Thailand"	"Pattani"	1	0	1	7365	12572	19937	24161	41534	65695
"2005.12.17"	"Afghanistan"	"Lashkargah"	2	0	2	7367	12572	19939	24163	41534	65697
"2005.12.17"	"Afghanistan"	"Akhundkariz"	3	0	3	7370	12572	19942	24166	41534	65700
"2005.12.17"	"Iraq"	"Balad Ruz"	3	1	4	7373	12573	19946	24169	41535	65704
"2005.12.18"	"Iraq"	"Baghdad"	3	2	5	7376	12575	19951	24172	41537	65709
"2005.12.18"	"Iraq"	"Baghdad"	6	13	19	7382	12588	19970	24178	41550	65728
"2005.12.19"	"Pakistan"	"Miranshah"	1	0	1	7383	12588	19971	24179	41550	65729
"2005.12.19"	"Iraq"	"Baghdad"	2	11	13	7385	12599	19984	24181	41561	65742
"2005.12.19"	"Iraq"	"Baghdad"	3	3	6	7388	12602	19990	24184	41564	65748
"2005.12.19"	"Sudan"	"Abu Surooj"	20	16	36	7408	12618	20026	24204	41580	65784
"2005.12.20"	"Afghanistan"	"Kabul"	3	0	3	7411	12618	20029	24207	41580	65787
"2005.12.21"	"Pakistan"	"Wana"	3	1	4	7414	12619	20033	24210	41581	65791
"2005.12.21"	"Pakistan"	"Wana"	1	0	1	7415	12619	20034	24211	41581	65792
"2005.12.21"	"Thailand"	"Yala"	1	0	1	7416	12619	20035	24212	41581	65793
"2005.12.21"	"Thailand"	"Yala"	1	0	1	7417	12619	20036	24213	41581	65794
"2005.12.21"	"Thailand"	"Narathiwat"	1	0	1	7418	12619	20037	24214	41581	65795
"2005.12.21"	"Thailand"	"Narathiwat"	1	0	1	7419	12619	20038	24215	41581	65796
"2005.12.22"	"Iraq"	"Baghdad"	2	3	5	7421	12622	20043	24217	41584	65801
"2005.12.22"	"Pakistan"	"Miranshah"	2	0	2	7423	12622	20045	24219	41584	65803
"2005.12.22"	"India"	"Sopore"	2	3	5	7425	12625	20050	24221	41587	65808
"2005.12.22"	"Iraq"	"Baghdad"	4	6	10	7429	12631	20060	24225	41593	65818
"2005.12.22"	"Iraq"	"Iskandariya"	4	1	5	7433	12632	20065	24229	41594	65823
"2005.12.23"	"Chechnya"	"Grozny"	9	4	13	7442	12636	20078	24238	41598	65836
"2005.12.23"	"Iraq"	"Balad Ruz"	10	4	14	7452	12640	20092	24248	41602	65850
"2005.12.23"	"Thailand"	"Narathiwat"	0	7	7	7452	12647	20099	24248	41609	65857
"2005.12.23"	"Iraq"	"Adhaim"	8	17	25	7460	12664	20124	24256	41626	65882
"2005.12.24"	"Pakistan"	"Tank"	1	0	1	7461	12664	20125	24257	41626	65883
"2005.12.24"	"Thailand"	"Narathiwat"	1	0	1	7462	12664	20126	24258	41626	65884
"2005.12.24"	"Iraq"	"Baghdad"	14	0	14	7476	12664	20140	24272	41626	65898
"2005.12.24"	"Algeria"	"Boumerdes"	3	13	16	7479	12677	20156	24275	41639	65914
"2005.12.24"	"Thailand"	"Narathiwat"	1	0	1	7480	12677	20157	24276	41639	65915
"2005.12.24"	"Bangladesh"	"Rajshahi"	1	0	1	7481	12677	20158	24277	41639	65916
"2005.12.25"	"Thailand"	"Raman"	2	0	2	7483	12677	20160	24279	41639	65918
"2005.12.25"	"Thailand"	"Bannag Sata"	1	1	2	7484	12678	20162	24280	41640	65920
"2005.12.25"	"Iraq"	"Kirkuk"	2	7	9	7486	12685	20171	24282	41647	65929
"2005.12.26"	"Thailand"	"Narathiwat"	1	0	1	7487	12685	20172	24283	41647	65930
"2005.12.26"	"Sudan"	"Kulbus"	20	13	33	7507	12698	20205	24303	41660	65963
"2005.12.26"	"Dagestan"	"Makhachkala"	2	0	2	7509	12698	20207	24305	41660	65965
"2005.12.26"	"Iraq"	"Buhriz"	5	4	9	7514	12702	20216	24310	41664	65974
"2005.12.26"	"Iraq"	"Dhabab"	5	0	5	7519	12702	20221	24315	41664	65979
"2005.12.26"	"Iraq"	"Baghdad"	11	38	49	7530	12740	20270	24326	41702	66028
"2005.12.26"	"India"	"Hiynan"	1	0	1	7531	12740	20271	24327	41702	66029
"2005.12.27"	"Iraq"	"Asriya"	4	0	4	7535	12740	20275	24331	41702	66033
"2005.12.27"	"Iraq"	"Jbala"	4	0	4	7539	12740	20279	24335	41702	66037
"2005.12.27"	"Saudi Arabia"	"Buraydah"	5	0	5	7544	12740	20284	24340	41702	66042
"2005.12.27"	"Thailand"	"Narathiwat"	1	0	1	7545	12740	20285	24341	41702	66043
"2005.12.28"	"Thailand"	"Yala"	1	0	1	7546	12740	20286	24342	41702	66044
"2005.12.28"	"Thailand"	"Narathiwat"	1	0	1	7547	12740	20287	24343	41702	66045
"2005.12.28"	"India"	"Bangalore"	1	4	5	7548	12744	20292	24344	41706	66050
"2005.12.28"	"Afghanistan"	"Kunar"	2	2	4	7550	12746	20296	24346	41708	66054
"2005.12.28"	"Iraq"	"Hilla"	4	0	4	7554	12746	20300	24350	41708	66058
"2005.12.29"	"Pakistan"	"Miranshah"	1	0	1	7555	12746	20301	24351	41708	66059
"2005.12.29"	"Pakistan"	"Mir Ali"	1	0	1	7556	12746	20302	24352	41708	66060
"2005.12.29"	"Iraq"	"Latifiya"	11	0	11	7567	12746	20313	24363	41708	66071
"2005.12.29"	"Israel"	"Tulkarm"	5	10	15	7572	12756	20328	24368	41718	66086
"2005.12.29"	"Iraq"	"Baghdad"	4	5	9	7576	12761	20337	24372	41723	66095
"2005.12.29"	"Thailand"	"Narathiwat"	1	0	1	7577	12761	20338	24373	41723	66096
"2005.12.30"	"Thailand"	"Yala"	1	1	2	7578	12762	20340	24374	41724	66098
"2005.12.30"	"Iraq"	"Baghdad"	9	0	9	7587	12762	20349	24383	41724	66107
"2005.12.30"	"India"	"Poonch"	1	1	2	7588	12763	20351	24384	41725	66109
"2005.12.30"	"Pakistan"	"Gago Mandi"	3	0	3	7591	12763	20354	24387	41725	66112
"2005.12.30"	"Pakistan"	"Khuzdar"	2	0	2	7593	12763	20356	24389	41725	66114
"2005.12.30"	"Afghanistan"	"Hazar Joft"	4	7	11	7597	12770	20367	24393	41732	66125
"2005.12.30"	"Iraq"	"Baghdad"	6	23	29	7603	12793	20396	24399	41755	66154
"2005.12.30"	"Afghanistan"	"Maywand"	1	1	2	7604	12794	20398	24400	41756	66156
"2005.12.31"	"Iraq"	"Khalis"	5	2	7	7609	12796	20405	24405	41758	66163
"2005.12.31"	"Indonesia"	"Sulawesi"	8	56	64	7617	12852	20469	24413	41814	66227
"2005.12.31"	"India"	"Pulwama"	1	1	2	7618	12853	20471	24414	41815	66229
"2005.12.31"	"Pakistan"	"Rawalpindi"	2	0	2	7620	12853	20473	24416	41815	66231
"2005.12.31"	"Chechnya"	"Grozny"	5	2	7	7625	12855	20480	24421	41817	66238
"2006.01.01"	"Thailand"	"Narathiwat"	2	3	5	2	3	5	24423	41820	66243
"2006.01.02"	"Iraq"	"Baqubah"	7	13	20	9	16	25	24430	41833	66263
"2006.01.02"	"Iraq"	"Kirkuk"	2	2	4	11	18	29	24432	41835	66267
"2006.01.02"	"Iraq"	"Iskandariya"	3	0	3	14	18	32	24435	41835	66270
"2006.01.02"	"Thailand"	"Yala"	1	3	4	15	21	36	24436	41838	66274
"2006.01.02"	"Chechnya"	"Kurchaloi"	2	0	2	17	21	38	24438	41838	66276
"2006.01.02"	"India"	"Khog"	1	0	1	18	21	39	24439	41838	66277
"2006.01.03"	"Afghanistan"	"Helmand"	1	0	1	19	21	40	24440	41838	66278
"2006.01.03"	"India"	"Bumloora"	1	0	1	20	21	41	24441	41838	66279
"2006.01.03"	"Thailand"	"Narathiwat"	1	0	1	21	21	42	24442	41838	66280
"2006.01.04"	"Russia"	"Gimry"	1	8	9	22	29	51	24443	41846	66289
"2006.01.04"	"Iraq"	"Baghdad"	4	0	4	26	29	55	24447	41846	66293
"2006.01.04"	"Iraq"	"Baghdad"	8	12	20	34	41	75	24455	41858	66313
"2006.01.04"	"Iraq"	"Muqdadiyah"	36	40	76	70	81	151	24491	41898	66389
"2006.01.04"	"Iraq"	"Baghdad"	3	13	16	73	94	167	24494	41911	66405
"2006.01.04"	"Iraq"	"Kirkuk"	2	2	4	75	96	171	24496	41913	66409
"2006.01.04"	"Afghanistan"	"Qalat"	1	0	1	76	96	172	24497	41913	66410
"2006.01.04"	"Thailand"	"Sungai Padi"	1	0	1	77	96	173	24498	41913	66411
"2006.01.05"	"Yemen"	"Al Salem"	2	0	2	79	96	175	24500	41913	66413
"2006.01.05"	"Iraq"	"Karbala"	53	148	201	132	244	376	24553	42061	66614
"2006.01.05"	"Iraq"	"Ramadi"	82	70	152	214	314	528	24635	42131	66766
"2006.01.05"	"Afghanistan"	"Tarin Kot"	10	50	60	224	364	588	24645	42181	66826
"2006.01.05"	"Iraq"	"Baghdad"	15	14	29	239	378	617	24660	42195	66855
"2006.01.06"	"Yemen"	"Saada"	4	2	6	243	380	623	24664	42197	66861
"2006.01.07"	"Pakistan"	"Kai Kot"	5	0	5	248	380	628	24669	42197	66866
"2006.01.07"	"Pakistan"	"Wana"	1	1	2	249	381	630	24670	42198	66868
"2006.01.07"	"Thailand"	"Pattani"	1	3	4	250	384	634	24671	42201	66872
"2006.01.07"	"Thailand"	"Yala"	2	4	6	252	388	640	24673	42205	66878
"2006.01.07"	"Pakistan"	"Miranshah"	8	6	14	260	394	654	24681	42211	66892
"2006.01.07"	"Iraq"	"Fallujah"	1	9	10	261	403	664	24682	42220	66902
"2006.01.07"	"Thailand"	"Yala"	2	3	5	263	406	669	24684	42223	66907
"2006.01.07"	"Afghanistan"	"Jalalabad"	1	1	2	264	407	671	24685	42224	66909
"2006.01.07"	"Algeria"	"Tissemsilt"	4	0	4	268	407	675	24689	42224	66913
"2006.01.07"	"Iraq"	"Baghdad"	1	1	2	269	408	677	24690	42225	66915
"2006.01.08"	"Iraq"	"Baghdad"	2	5	7	271	413	684	24692	42230	66922
"2006.01.09"	"India"	"Awantipora"	1	0	1	272	413	685	24693	42230	66923
"2006.01.09"	"Iraq"	"Kirkuk"	1	0	1	273	413	686	24694	42230	66924
"2006.01.09"	"Thailand"	"Yala"	1	0	1	274	413	687	24695	42230	66925
"2006.01.09"	"Iraq"	"Baghdad"	29	21	50	303	434	737	24724	42251	66975
"2006.01.09"	"Thailand"	"Pattani"	1	0	1	304	434	738	24725	42251	66976
"2006.01.10"	"Pakistan"	"Sarbandki"	7	2	9	311	436	747	24732	42253	66985
"2006.01.11"	"Philippines"	"Maguindanao"	1	1	2	312	437	749	24733	42254	66987
"2006.01.11"	"India"	"Udhampur"	1	2	3	313	439	752	24734	42256	66990
"2006.01.13"	"Iraq"	"Baqubah"	3	5	8	316	444	760	24737	42261	66998
"2006.01.14"	"Pakistan"	"Sarband"	1	2	3	317	446	763	24738	42263	67001
"2006.01.14"	"Afghanistan"	"Khost"	0	22	22	317	468	785	24738	42285	67023
"2006.01.14"	"Afghanistan"	"Kandahar"	1	0	1	318	468	786	24739	42285	67024
"2006.01.14"	"Iraq"	"Baghdad"	3	4	7	321	472	793	24742	42289	67031
"2006.01.14"	"Pakistan"	"Sarbandki"	1	3	4	322	475	797	24743	42292	67035
"2006.01.15"	"India"	"Kashmir Valley"	1	0	1	323	475	798	24744	42292	67036
"2006.01.15"	"Thailand"	"Narathiwat"	2	0	2	325	475	800	24746	42292	67038
"2006.01.15"	"Afghanistan"	"Kandahar"	3	14	17	328	489	817	24749	42306	67055
"2006.01.15"	"Iraq"	"Ulwiya"	6	8	14	334	497	831	24755	42314	67069
"2006.01.15"	"Pakistan"	"Jangzai"	2	0	2	336	497	833	24757	42314	67071
"2006.01.16"	"Chechnya"	"Grozny"	1	3	4	337	500	837	24758	42317	67075
"2006.01.16"	"Iraq"	"Miqdadia"	6	18	24	343	518	861	24764	42335	67099
"2006.01.16"	"Iraq"	"Ramadi"	1	0	1	344	518	862	24765	42335	67100
"2006.01.16"	"India"	"Kulgam"	2	1	3	346	519	865	24767	42336	67103
"2006.01.16"	"Afghanistan"	"Spin Boldak"	22	20	42	368	539	907	24789	42356	67145
"2006.01.16"	"Afghanistan"	"Kandahar"	5	10	15	373	549	922	24794	42366	67160
"2006.01.17"	"Iraq"	"Kirkuk"	2	1	3	375	550	925	24796	42367	67163
"2006.01.17"	"Chechnya"	"Grozny"	5	0	5	380	550	930	24801	42367	67168
"2006.01.18"	"Iraq"	"Basra"	2	1	3	382	551	933	24803	42368	67171
"2006.01.18"	"India"	"Pampore"	1	0	1	383	551	934	24804	42368	67172
"2006.01.18"	"Iraq"	"al-Sa'diya"	5	9	14	388	560	948	24809	42377	67186
"2006.01.18"	"Iraq"	"Baghdad"	12	2	14	400	562	962	24821	42379	67200
"2006.01.18"	"Iraq"	"Baghdad"	3	0	3	403	562	965	24824	42379	67203
"2006.01.19"	"India"	"Khrew Pampore"	1	0	1	404	562	966	24825	42379	67204
"2006.01.19"	"Iraq"	"Baghdad"	23	26	49	427	588	1015	24848	42405	67253
"2006.01.19"	"Israel"	"Tel Aviv"	0	20	20	427	608	1035	24848	42425	67273
"2006.01.19"	"Iraq"	"Dujail"	12	0	12	439	608	1047	24860	42425	67285
"2006.01.19"	"Egypt"	"Udaysaat"	2	14	16	441	622	1063	24862	42439	67301
"2006.01.20"	"Indonesia"	"Waghete"	4	1	5	445	623	1068	24866	42440	67306
"2006.01.20"	"Ingushetia"	"Nazran"	2	2	4	447	625	1072	24868	42442	67310
"2006.01.20"	"Iraq"	"Dujail"	9	0	9	456	625	1081	24877	42442	67319
"2006.01.20"	"Iraq"	"Baghdad"	6	3	9	462	628	1090	24883	42445	67328
"2006.01.20"	"Thailand"	"Narathiwat"	1	0	1	463	628	1091	24884	42445	67329
"2006.01.20"	"Ingushetia"	"Ordzhonikidzevskaya"	1	2	3	464	630	1094	24885	42447	67332
"2006.01.20"	"Iraq"	"Baghdad"	1	0	1	465	630	1095	24886	42447	67333
"2006.01.21"	"Afghanistan"	"Ghazni"	1	1	2	466	631	1097	24887	42448	67335
"2006.01.21"	"India"	"Budshah Chowk"	0	7	7	466	638	1104	24887	42455	67342
"2006.01.21"	"Iraq"	"Tikrit"	6	9	15	472	647	1119	24893	42464	67357
"2006.01.21"	"Iraq"	"Baghdad"	3	0	3	475	647	1122	24896	42464	67360
"2006.01.21"	"Pakistan"	"Angoor Adda"	4	2	6	479	649	1128	24900	42466	67366
"2006.01.22"	"Iraq"	"Mashahidah"	23	0	23	502	649	1151	24923	42466	67389
"2006.01.22"	"Iraq"	"Balad Ruz"	5	1	6	507	650	1157	24928	42467	67395
"2006.01.22"	"Iraq"	"Baqubah"	12	16	28	519	666	1185	24940	42483	67423
"2006.01.23"	"Iraq"	"Baghdad"	3	20	23	522	686	1208	24943	42503	67446
"2006.01.24"	"Iran"	"Ahvaz"	8	46	54	530	732	1262	24951	42549	67500
"2006.01.24"	"Iraq"	"Dujail"	11	3	14	541	735	1276	24962	42552	67514
"2006.01.25"	"Tajikistan"	"Ghayroghum"	1	0	1	542	735	1277	24963	42552	67515
"2006.01.25"	"Afghanistan"	"Gomal"	2	2	4	544	737	1281	24965	42554	67519
"2006.01.25"	"Bangladesh"	"Meherpur"	2	9	11	546	746	1292	24967	42563	67530
"2006.01.26"	"Iraq"	"Balad"	3	1	4	549	747	1296	24970	42564	67534
"2006.01.26"	"Iraq"	"Baghdad"	12	7	19	561	754	1315	24982	42571	67553
"2006.01.27"	"India"	"Tral"	1	0	1	562	754	1316	24983	42571	67554
"2006.01.27"	"Afghanistan"	"Helmand"	2	2	4	564	756	1320	24985	42573	67558
"2006.01.28"	"India"	"Poonch"	2	2	4	566	758	1324	24987	42575	67562
"2006.01.28"	"Iraq"	"Karbala"	6	0	6	572	758	1330	24993	42575	67568
"2006.01.28"	"Iraq"	"Fallujah"	7	9	16	579	767	1346	25000	42584	67584
"2006.01.29"	"Iraq"	"Kirkuk"	3	11	14	582	778	1360	25003	42595	67598
"2006.01.29"	"Iraq"	"Ojah"	4	6	10	586	784	1370	25007	42601	67608
"2006.01.29"	"India"	"Kanjikullah"	1	0	1	587	784	1371	25008	42601	67609
"2006.01.29"	"Thailand"	"Narathiwat"	2	0	2	589	784	1373	25010	42601	67611
"2006.01.29"	"Thailand"	"Pattani"	1	0	1	590	784	1374	25011	42601	67612
"2006.01.29"	"Thailand"	"Pattani"	1	0	1	591	784	1375	25012	42601	67613
"2006.01.29"	"Iraq"	"Iskandariya"	11	5	16	602	789	1391	25023	42606	67629
"2006.01.29"	"Philippines"	"Pulunoling"	2	0	2	604	789	1393	25025	42606	67631
"2006.01.30"	"Pakistan"	"Miranshah"	2	11	13	606	800	1406	25027	42617	67644
"2006.01.31"	"Iraq"	"Baghdad"	14	0	14	620	800	1420	25041	42617	67658
"2006.01.31"	"Iraq"	"Muqdadiyah"	4	0	4	624	800	1424	25045	42617	67662
"2006.01.31"	"Iraq"	"Baghdad"	1	0	1	625	800	1425	25046	42617	67663
"2006.02.01"	"Thailand"	"Pattani"	1	0	1	626	800	1426	25047	42617	67664
"2006.02.01"	"Iraq"	"Baghdad"	8	0	8	634	800	1434	25055	42617	67672
"2006.02.01"	"Philippines"	"Jolo"	2	0	2	636	800	1436	25057	42617	67674
"2006.02.01"	"Iraq"	"Baghdad"	8	50	58	644	850	1494	25065	42667	67732
"2006.02.02"	"Iraq"	"Baghdad"	16	90	106	660	940	1600	25081	42757	67838
"2006.02.02"	"Thailand"	"Janae"	1	5	6	661	945	1606	25082	42762	67844
"2006.02.02"	"Thailand"	"Pattani"	1	0	1	662	945	1607	25083	42762	67845
"2006.02.02"	"Afghanistan"	"Khost"	5	3	8	667	948	1615	25088	42765	67853
"2006.02.02"	"Iraq"	"Baghdad"	19	11	30	686	959	1645	25107	42776	67883
"2006.02.02"	"Thailand"	"Narathiwat"	2	1	3	688	960	1648	25109	42777	67886
"2006.02.02"	"Russia"	"Vladikavkaz"	2	16	18	690	976	1666	25111	42793	67904
"2006.02.03"	"Iraq"	"Hawija"	1	0	1	691	976	1667	25112	42793	67905
"2006.02.03"	"Thailand"	"Songkhla"	1	4	5	692	980	1672	25113	42797	67910
"2006.02.03"	"Afghanistan"	"Helmand"	3	13	16	695	993	1688	25116	42810	67926
"2006.02.03"	"Philippines"	"Patikul"	6	5	11	701	998	1699	25122	42815	67937
"2006.02.03"	"Bangladesh"	"Rajshahi"	1	0	1	702	998	1700	25123	42815	67938
"2006.02.04"	"Iraq"	"Nasiriyah"	3	0	3	705	998	1703	25126	42815	67941
"2006.02.04"	"Afghanistan"	"Kandahar"	2	3	5	707	1001	1708	25128	42818	67946
"2006.02.04"	"Afghanistan"	"Nish"	6	5	11	713	1006	1719	25134	42823	67957
"2006.02.04"	"Afghanistan"	"Helmand"	5	0	5	718	1006	1724	25139	42823	67962
"2006.02.04"	"Pakistan"	"Bahawalpur"	2	27	29	720	1033	1753	25141	42850	67991
"2006.02.04"	"Pakistan"	"Zarmilan"	3	1	4	723	1034	1757	25144	42851	67995
"2006.02.04"	"Thailand"	"Yala"	1	32	33	724	1066	1790	25145	42883	68028
"2006.02.04"	"India"	"Sarhuti"	1	0	1	725	1066	1791	25146	42883	68029
"2006.02.05"	"India"	"Baramulla"	1	0	1	726	1066	1792	25147	42883	68030
"2006.02.05"	"Turkey"	"Trabzon"	1	0	1	727	1066	1793	25148	42883	68031
"2006.02.05"	"Iraq"	"Salman Pak"	2	7	9	729	1073	1802	25150	42890	68040
"2006.02.05"	"Iraq"	"Baghdad"	6	12	18	735	1085	1820	25156	42902	68058
"2006.02.05"	"Israel"	"Petach Tikva"	1	4	5	736	1089	1825	25157	42906	68063
"2006.02.05"	"Pakistan"	"Quetta"	12	13	25	748	1102	1850	25169	42919	68088
"2006.02.06"	"India"	"Amirabad Tral"	1	0	1	749	1102	1851	25170	42919	68089
"2006.02.06"	"India"	"Gursai"	1	0	1	750	1102	1852	25171	42919	68090
"2006.02.06"	"Iraq"	"Dujail"	4	0	4	754	1102	1856	25175	42919	68094
"2006.02.06"	"Thailand"	"Banangstar"	3	0	3	757	1102	1859	25178	42919	68097
"2006.02.06"	"Thailand"	"Narathiwat"	1	0	1	758	1102	1860	25179	42919	68098
"2006.02.07"	"Thailand"	"Narathiwat"	1	0	1	759	1102	1861	25180	42919	68099
"2006.02.07"	"Iraq"	"Baghdad"	8	23	31	767	1125	1892	25188	42942	68130
"2006.02.07"	"Iraq"	"Yusufiyah"	7	4	11	774	1129	1903	25195	42946	68141
"2006.02.07"	"Afghanistan"	"Kandahar"	13	11	24	787	1140	1927	25208	42957	68165
"2006.02.07"	"Afghanistan"	"Bala Buluk"	4	3	7	791	1143	1934	25212	42960	68172
"2006.02.08"	"Iraq"	"Ramadi"	5	3	8	796	1146	1942	25217	42963	68180
"2006.02.08"	"Pakistan"	"Dabkot"	1	0	1	797	1146	1943	25218	42963	68181
"2006.02.09"	"India"	"Kither"	2	0	2	799	1146	1945	25220	42963	68183
"2006.02.09"	"Afghanistan"	"Herat"	5	27	32	804	1173	1977	25225	42990	68215
"2006.02.09"	"Iraq"	"Baghdad"	4	2	6	808	1175	1983	25229	42992	68221
"2006.02.09"	"Pakistan"	"Hangu"	31	50	81	839	1225	2064	25260	43042	68302
"2006.02.10"	"Iraq"	"Baghdad"	1	2	3	840	1227	2067	25261	43044	68305
"2006.02.10"	"Philippines"	"Jolo"	2	0	2	842	1227	2069	25263	43044	68307
"2006.02.10"	"Pakistan"	"Sangsilla"	3	4	7	845	1231	2076	25266	43048	68314
"2006.02.10"	"India"	"Gursai"	1	0	1	846	1231	2077	25267	43048	68315
"2006.02.10"	"Pakistan"	"Sydan Banda"	4	2	6	850	1233	2083	25271	43050	68321
"2006.02.10"	"Iraq"	"Baghdad"	9	38	47	859	1271	2130	25280	43088	68368
"2006.02.10"	"Iraq"	"Baqubah"	4	2	6	863	1273	2136	25284	43090	68374
"2006.02.10"	"Afghanistan"	"Kunar"	8	6	14	871	1279	2150	25292	43096	68388
"2006.02.10"	"Philippines"	"Sulu"	1	0	1	872	1279	2151	25293	43096	68389
"2006.02.11"	"Pakistan"	"Hangu"	3	2	5	875	1281	2156	25296	43098	68394
"2006.02.11"	"India"	"Shedgam"	1	0	1	876	1281	2157	25297	43098	68395
"2006.02.11"	"Ingushetia"	"Troitskaya"	1	4	5	877	1285	2162	25298	43102	68400
"2006.02.11"	"Iraq"	"Baqubah"	2	0	2	879	1285	2164	25300	43102	68402
"2006.02.12"	"Afghanistan"	"Helmand"	8	0	8	887	1285	2172	25308	43102	68410
"2006.02.12"	"Iraq"	"Baghdad"	2	3	5	889	1288	2177	25310	43105	68415
"2006.02.12"	"Iraq"	"Baghdad"	4	4	8	893	1292	2185	25314	43109	68423
"2006.02.12"	"Iraq"	"Mahawil"	6	0	6	899	1292	2191	25320	43109	68429
"2006.02.12"	"Iraq"	"Kirkuk"	7	17	24	906	1309	2215	25327	43126	68453
"2006.02.13"	"Pakistan"	"Manawan"	1	0	1	907	1309	2216	25328	43126	68454
"2006.02.13"	"Afghanistan"	"Grishk"	7	0	7	914	1309	2223	25335	43126	68461
"2006.02.13"	"Iraq"	"Baghdad"	7	47	54	921	1356	2277	25342	43173	68515
"2006.02.13"	"Iraq"	"Baqubah"	4	0	4	925	1356	2281	25346	43173	68519
"2006.02.13"	"France"	"Saint Genevieve des Bois"	1	0	1	926	1356	2282	25347	43173	68520
"2006.02.14"	"Iraq"	"Tikrit"	3	0	3	929	1356	2285	25350	43173	68523
"2006.02.14"	"India"	"Sopore"	1	5	6	930	1361	2291	25351	43178	68529
"2006.02.14"	"Iraq"	"Balad"	11	1	12	941	1362	2303	25362	43179	68541
"2006.02.14"	"Pakistan"	"Peshawar"	1	0	1	942	1362	2304	25363	43179	68542
"2006.02.15"	"India"	"Bugam Kulgam"	1	1	2	943	1363	2306	25364	43180	68544
"2006.02.15"	"Afghanistan"	"Nimroz"	1	4	5	944	1367	2311	25365	43184	68549
"2006.02.15"	"UAE"	"Fujairah"	1	0	1	945	1367	2312	25366	43184	68550
"2006.02.15"	"Iraq"	"Baghdad"	4	0	4	949	1367	2316	25370	43184	68554
"2006.02.15"	"Iraq"	"Baghdad"	6	12	18	955	1379	2334	25376	43196	68572
"2006.02.15"	"Pakistan"	"Hub"	4	0	4	959	1379	2338	25380	43196	68576
"2006.02.16"	"Afghanistan"	"Farah"	2	0	2	961	1379	2340	25382	43196	68578
"2006.02.16"	"Iraq"	"Baghdad"	9	19	28	970	1398	2368	25391	43215	68606
"2006.02.16"	"Thailand"	"Narathiwat"	1	0	1	971	1398	2369	25392	43215	68607
"2006.02.17"	"India"	"Panglar"	1	1	2	972	1399	2371	25393	43216	68609
"2006.02.17"	"Thailand"	"Narathiwat"	1	13	14	973	1412	2385	25394	43229	68623
"2006.02.17"	"Thailand"	"Yala"	1	0	1	974	1412	2386	25395	43229	68624
"2006.02.17"	"Iraq"	"Baghdad"	12	4	16	986	1416	2402	25407	43233	68640
"2006.02.18"	"Afghanistan"	"Helmand"	3	0	3	989	1416	2405	25410	43233	68643
"2006.02.18"	"Philippines"	"Jolo"	2	22	24	991	1438	2429	25412	43255	68667
"2006.02.18"	"Iraq"	"Baghdad"	7	4	11	998	1442	2440	25419	43259	68678
"2006.02.18"	"Iraq"	"Baqubah"	2	5	7	1000	1447	2447	25421	43264	68685
"2006.02.18"	"Nigeria"	"Maiduguri"	21	112	133	1021	1559	2580	25442	43376	68818
"2006.02.19"	"Thailand"	"Narathiwat"	1	0	1	1022	1559	2581	25443	43376	68819
"2006.02.19"	"Thailand"	"Yala"	2	0	2	1024	1559	2583	25445	43376	68821
"2006.02.19"	"India"	"Srinagar"	1	0	1	1025	1559	2584	25446	43376	68822
"2006.02.19"	"Nigeria"	"Borno"	7	24	31	1032	1583	2615	25453	43400	68853
"2006.02.19"	"Iraq"	"Kirkuk"	3	0	3	1035	1583	2618	25456	43400	68856
"2006.02.19"	"Iraq"	"Baghdad"	2	4	6	1037	1587	2624	25458	43404	68862
"2006.02.20"	"Nigeria"	"Maiduguri"	30	95	125	1067	1682	2749	25488	43499	68987
"2006.02.20"	"India"	"Pattan"	1	0	1	1068	1682	2750	25489	43499	68988
"2006.02.20"	"Pakistan"	"Eisokhel"	1	0	1	1069	1682	2751	25490	43499	68989
"2006.02.20"	"Iraq"	"Mosul"	5	21	26	1074	1703	2777	25495	43520	69015
"2006.02.20"	"Iraq"	"Kadhimiya"	12	9	21	1086	1712	2798	25507	43529	69036
"2006.02.20"	"Iraq"	"Baghdad"	10	53	63	1096	1765	2861	25517	43582	69099
"2006.02.21"	"Thailand"	"Yala"	1	0	1	1097	1765	2862	25518	43582	69100
"2006.02.21"	"Iraq"	"Iskandariya"	5	8	13	1102	1773	2875	25523	43590	69113
"2006.02.21"	"Iraq"	"Baghdad"	22	28	50	1124	1801	2925	25545	43618	69163
"2006.02.21"	"Pakistan"	"Angoor Adda"	2	0	2	1126	1801	2927	25547	43618	69165
"2006.02.21"	"Nigeria"	"Bauchi"	25	100	125	1151	1901	3052	25572	43718	69290
"2006.02.21"	"Ingushetia"	"Troitskaya"	1	0	1	1152	1901	3053	25573	43718	69291
"2006.02.22"	"India"	"Sopore"	1	0	1	1153	1901	3054	25574	43718	69292
"2006.02.22"	"Pakistan"	"Wana"	1	3	4	1154	1904	3058	25575	43721	69296
"2006.02.22"	"Afghanistan"	"Kunduz"	1	12	13	1155	1916	3071	25576	43733	69309
"2006.02.22"	"Iraq"	"al-Mashrugiya"	3	4	7	1158	1920	3078	25579	43737	69316
"2006.02.22"	"Iraq"	"Baqubah"	6	0	6	1164	1920	3084	25585	43737	69322
"2006.02.22"	"Iraq"	"Baghdad"	6	12	18	1170	1932	3102	25591	43749	69340
"2006.02.22"	"Uzbekistan"	"Tashkent"	1	0	1	1171	1932	3103	25592	43749	69341
"2006.02.23"	"India"	"Srinagar"	1	0	1	1172	1932	3104	25593	43749	69342
"2006.02.23"	"Iraq"	"Samarrah"	3	1	4	1175	1933	3108	25596	43750	69346
"2006.02.23"	"Iraq"	"Nahrawan"	47	0	47	1222	1933	3155	25643	43750	69393
"2006.02.23"	"Iraq"	"Basra"	25	16	41	1247	1949	3196	25668	43766	69434
"2006.02.23"	"Iraq"	"Baqubah"	21	31	52	1268	1980	3248	25689	43797	69486
"2006.02.23"	"Iraq"	"Baghdad"	54	0	54	1322	1980	3302	25743	43797	69540
"2006.02.23"	"Pakistan"	"Vehari"	2	0	2	1324	1980	3304	25745	43797	69542
"2006.02.24"	"Nigeria"	"Kontagora"	9	27	36	1333	2007	3340	25754	43824	69578
"2006.02.24"	"Nigeria"	"Potiskum"	4	12	16	1337	2019	3356	25758	43836	69594
"2006.02.24"	"Afghanistan"	"Girishk"	4	0	4	1341	2019	3360	25762	43836	69598
"2006.02.24"	"Iraq"	"Latifiya"	3	2	5	1344	2021	3365	25765	43838	69603
"2006.02.24"	"Saudi Arabia"	"Abqaiq"	2	10	12	1346	2031	3377	25767	43848	69615
"2006.02.25"	"Ingushetia"	"Ordzhonikidzevskaya"	1	1	2	1347	2032	3379	25768	43849	69617
"2006.02.25"	"Thailand"	"Pattani"	1	0	1	1348	2032	3380	25769	43849	69618
"2006.02.25"	"Iraq"	"Baghdad"	3	8	11	1351	2040	3391	25772	43857	69629
"2006.02.25"	"Iraq"	"Baghdad"	26	0	26	1377	2040	3417	25798	43857	69655
"2006.02.25"	"Iraq"	"Karbala"	8	31	39	1385	2071	3456	25806	43888	69694
"2006.02.25"	"Iraq"	"Baqubah"	13	0	13	1398	2071	3469	25819	43888	69707
"2006.02.25"	"India"	"Sarhuti"	1	0	1	1399	2071	3470	25820	43888	69708
"2006.02.26"	"Pakistan"	"Tank"	2	2	4	1401	2073	3474	25822	43890	69712
"2006.02.26"	"Afghanistan"	"Kabul"	6	38	44	1407	2111	3518	25828	43928	69756
"2006.02.26"	"Iraq"	"Mosul"	1	0	1	1408	2111	3519	25829	43928	69757
"2006.02.26"	"Thailand"	"Pattani"	1	0	1	1409	2111	3520	25830	43928	69758
"2006.02.26"	"Iraq"	"Hilla"	5	3	8	1414	2114	3528	25835	43931	69766
"2006.02.26"	"Iraq"	"Baqubah"	2	5	7	1416	2119	3535	25837	43936	69773
"2006.02.26"	"Iraq"	"Baghdad"	21	55	76	1437	2174	3611	25858	43991	69849
"2006.02.27"	"Saudi Arabia"	"Riyadh"	2	3	5	1439	2177	3616	25860	43994	69854
"2006.02.27"	"Iraq"	"Baqubah"	2	5	7	1441	2182	3623	25862	43999	69861
"2006.02.27"	"Iraq"	"Baghdad"	11	17	28	1452	2199	3651	25873	44016	69889
"2006.02.27"	"Thailand"	"Narathiwat"	2	0	2	1454	2199	3653	25875	44016	69891
"2006.02.27"	"India"	"Sopore"	1	0	1	1455	2199	3654	25876	44016	69892
"2006.02.28"	"Iraq"	"Hurriyah"	23	55	78	1478	2254	3732	25899	44071	69970
"2006.02.28"	"Iraq"	"Tarfaya"	9	0	9	1487	2254	3741	25908	44071	69979
"2006.02.28"	"Iraq"	"Baghdad"	23	51	74	1510	2305	3815	25931	44122	70053
"2006.02.28"	"Iraq"	"Baghdad"	18	42	60	1528	2347	3875	25949	44164	70113
"2006.02.28"	"Thailand"	"Narathiwat"	0	8	8	1528	2355	3883	25949	44172	70121
"2006.02.28"	"India"	"Bijbehara"	1	0	1	1529	2355	3884	25950	44172	70122
"2006.03.01"	"India"	"Baramulla"	2	0	2	1531	2355	3886	25952	44172	70124
"2006.03.01"	"Pakistan"	"Sergardan Chowk"	1	0	1	1532	2355	3887	25953	44172	70125
"2006.03.01"	"India"	"Titwan"	1	0	1	1533	2355	3888	25954	44172	70126
"2006.03.01"	"Iraq"	"Baghdad"	27	68	95	1560	2423	3983	25981	44240	70221
"2006.03.01"	"Israel"	"Samaria"	1	1	2	1561	2424	3985	25982	44241	70223
"2006.03.01"	"India"	"Baramulla"	2	0	2	1563	2424	3987	25984	44241	70225
"2006.03.01"	"Thailand"	"Yala"	1	0	1	1564	2424	3988	25985	44241	70226
"2006.03.01"	"Thailand"	"Narathiwat"	1	0	1	1565	2424	3989	25986	44241	70227
"2006.03.01"	"Iraq"	"Kirkuk"	4	8	12	1569	2432	4001	25990	44249	70239
"2006.03.01"	"Iraq"	"Mahmudiya"	3	2	5	1572	2434	4006	25993	44251	70244
"2006.03.01"	"Iraq"	"Baghdad"	2	5	7	1574	2439	4013	25995	44256	70251
"2006.03.02"	"Pakistan"	"Karachi"	4	51	55	1578	2490	4068	25999	44307	70306
"2006.03.02"	"Iraq"	"Baghdad"	10	8	18	1588	2498	4086	26009	44315	70324
"2006.03.02"	"Iraq"	"Baghdad"	8	14	22	1596	2512	4108	26017	44329	70346
"2006.03.02"	"Iraq"	"Tikrit"	6	3	9	1602	2515	4117	26023	44332	70355
"2006.03.02"	"Iraq"	"Mosul"	4	0	4	1606	2515	4121	26027	44332	70359
"2006.03.02"	"Iraq"	"Basra"	3	0	3	1609	2515	4124	26030	44332	70362
"2006.03.02"	"India"	"Tarzoo"	1	0	1	1610	2515	4125	26031	44332	70363
"2006.03.03"	"USA"	"Chapel Hill"	0	9	9	1610	2524	4134	26031	44341	70372
"2006.03.03"	"Iraq"	"Nahrawan"	25	0	25	1635	2524	4159	26056	44341	70397
"2006.03.03"	"Philippines"	"Basilan"	1	4	5	1636	2528	4164	26057	44345	70402
"2006.03.03"	"India"	"Lucknow"	2	12	14	1638	2540	4178	26059	44357	70416
"2006.03.04"	"Iraq"	"Baqubah"	1	8	9	1639	2548	4187	26060	44365	70425
"2006.03.04"	"Iraq"	"Kirkuk"	2	0	2	1641	2548	4189	26062	44365	70427
"2006.03.04"	"Thailand"	"Sungai Padi"	1	1	2	1642	2549	4191	26063	44366	70429
"2006.03.04"	"Afghanistan"	"Helmand"	1	0	1	1643	2549	4192	26064	44366	70430
"2006.03.04"	"Iraq"	"Gisr Diyala"	7	20	27	1650	2569	4219	26071	44386	70457
"2006.03.04"	"Pakistan"	"Quetta"	2	3	5	1652	2572	4224	26073	44389	70462
"2006.03.04"	"Iraq"	"Salman Pak"	2	3	5	1654	2575	4229	26075	44392	70467
"2006.03.04"	"Afghanistan"	"Lashkargah"	5	0	5	1659	2575	4234	26080	44392	70472
"2006.03.04"	"Afghanistan"	"Nakhonak"	1	2	3	1660	2577	4237	26081	44394	70475
"2006.03.04"	"Afghanistan"	"Bala Buluk"	1	0	1	1661	2577	4238	26082	44394	70476
"2006.03.04"	"Pakistan"	"Mir Ali"	2	7	9	1663	2584	4247	26084	44401	70485
"2006.03.05"	"Iraq"	"Baiji"	2	0	2	1665	2584	4249	26086	44401	70487
"2006.03.05"	"India"	"Pulwama"	0	26	26	1665	2610	4275	26086	44427	70513
"2006.03.05"	"India"	"Baramulla"	1	0	1	1666	2610	4276	26087	44427	70514
"2006.03.05"	"India"	"Srinagar"	2	3	5	1668	2613	4281	26089	44430	70519
"2006.03.05"	"Iraq"	"Baghdad"	3	7	10	1671	2620	4291	26092	44437	70529
"2006.03.05"	"India"	"Kishtwar"	1	0	1	1672	2620	4292	26093	44437	70530
"2006.03.06"	"Pakistan"	"Miranshah"	1	2	3	1673	2622	4295	26094	44439	70533
"2006.03.06"	"Thailand"	"Pattani"	3	2	5	1676	2624	4300	26097	44441	70538
"2006.03.06"	"Thailand"	"Pattani"	2	0	2	1678	2624	4302	26099	44441	70540
"2006.03.06"	"Iraq"	"Baqubah"	9	23	32	1687	2647	4334	26108	44464	70572
"2006.03.06"	"Iraq"	"Baghdad"	5	16	21	1692	2663	4355	26113	44480	70593
"2006.03.06"	"Pakistan"	"Barwan"	1	0	1	1693	2663	4356	26114	44480	70594
"2006.03.07"	"India"	"Handwara"	1	0	1	1694	2663	4357	26115	44480	70595
"2006.03.07"	"Chechnya"	"Kurchaloi"	2	2	4	1696	2665	4361	26117	44482	70599
"2006.03.07"	"Pakistan"	"Mirali"	1	1	2	1697	2666	4363	26118	44483	70601
"2006.03.07"	"Thailand"	"Yala"	1	0	1	1698	2666	4364	26119	44483	70602
"2006.03.07"	"Iraq"	"Baiji"	3	4	7	1701	2670	4371	26122	44487	70609
"2006.03.07"	"Iraq"	"Baqubah"	4	5	9	1705	2675	4380	26126	44492	70618
"2006.03.07"	"India"	"Varanasi"	23	62	85	1728	2737	4465	26149	44554	70703
"2006.03.08"	"India"	"Chajru"	1	0	1	1729	2737	4466	26150	44554	70704
"2006.03.08"	"India"	"Awantipora"	1	0	1	1730	2737	4467	26151	44554	70705
"2006.03.08"	"Iraq"	"Baghdad"	23	0	23	1753	2737	4490	26174	44554	70728
"2006.03.08"	"Iraq"	"Baghdad"	4	5	9	1757	2742	4499	26178	44559	70737
"2006.03.08"	"Iraq"	"Fallujah"	4	2	6	1761	2744	4505	26182	44561	70743
"2006.03.08"	"Pakistan"	"Tabba Takka"	1	0	1	1762	2744	4506	26183	44561	70744
"2006.03.09"	"Iraq"	"Mosul"	2	2	4	1764	2746	4510	26185	44563	70748
"2006.03.09"	"Pakistan"	"Ouspas"	1	0	1	1765	2746	4511	26186	44563	70749
"2006.03.09"	"Pakistan"	"Miran Ali"	2	1	3	1767	2747	4514	26188	44564	70752
"2006.03.09"	"Thailand"	"Pattani"	1	0	1	1768	2747	4515	26189	44564	70753
"2006.03.09"	"Thailand"	"Yala"	1	0	1	1769	2747	4516	26190	44564	70754
"2006.03.09"	"Iraq"	"Baghdad"	8	15	23	1777	2762	4539	26198	44579	70777
"2006.03.09"	"Pakistan"	"Quetta"	2	0	2	1779	2762	4541	26200	44579	70779
"2006.03.09"	"Algeria"	"El Oued"	1	0	1	1780	2762	4542	26201	44579	70780
"2006.03.10"	"Sudan"	"Graida"	27	23	50	1807	2785	4592	26228	44602	70830
"2006.03.10"	"Pakistan"	"Jandola"	1	0	1	1808	2785	4593	26229	44602	70831
"2006.03.10"	"Pakistan"	"Quetta"	28	5	33	1836	2790	4626	26257	44607	70864
"2006.03.10"	"Iraq"	"Kirkuk"	1	14	15	1837	2804	4641	26258	44621	70879
"2006.03.10"	"Iraq"	"Samarra"	3	5	8	1840	2809	4649	26261	44626	70887
"2006.03.10"	"Iraq"	"Baghdad"	6	0	6	1846	2809	4655	26267	44626	70893
"2006.03.10"	"Iraq"	"Fallujah"	11	0	11	1857	2809	4666	26278	44626	70904
"2006.03.10"	"Turkey"	"Van"	2	19	21	1859	2828	4687	26280	44645	70925
"2006.03.10"	"Dagestan"	"Makhachkala"	1	1	2	1860	2829	4689	26281	44646	70927
"2006.03.10"	"Nigeria"	"Kaduna"	1	1	2	1861	2830	4691	26282	44647	70929
"2006.03.10"	"England"	"Birmingham"	1	0	1	1862	2830	4692	26283	44647	70930
"2006.03.11"	"Afghanistan"	"Helmand"	1	0	1	1863	2830	4693	26284	44647	70931
"2006.03.11"	"Afghanistan"	"Helmand"	2	0	2	1865	2830	4695	26286	44647	70933
"2006.03.11"	"Iraq"	"Baghdad"	1	0	1	1866	2830	4696	26287	44647	70934
"2006.03.11"	"Iraq"	"Baghdad"	1	1	2	1867	2831	4698	26288	44648	70936
"2006.03.11"	"India"	"Reasi"	1	1	2	1868	2832	4700	26289	44649	70938
"2006.03.11"	"India"	"Ladi Pahalgam"	1	1	2	1869	2833	4702	26290	44650	70940
"2006.03.11"	"India"	"Thathri"	0	1	1	1869	2834	4703	26290	44651	70941
"2006.03.12"	"India"	"Kader"	1	0	1	1870	2834	4704	26291	44651	70942
"2006.03.12"	"Pakistan"	"Anghar"	1	0	1	1871	2834	4705	26292	44651	70943
"2006.03.12"	"Pakistan"	"Madakhel"	1	0	1	1872	2834	4706	26293	44651	70944
"2006.03.12"	"Iraq"	"Baghdad"	8	14	22	1880	2848	4728	26301	44665	70966
"2006.03.12"	"Thailand"	"Pattani"	1	2	3	1881	2850	4731	26302	44667	70969
"2006.03.12"	"Iraq"	"Baghdad"	52	204	256	1933	3054	4987	26354	44871	71225
"2006.03.12"	"Iraq"	"Baghdad"	10	4	14	1943	3058	5001	26364	44875	71239
"2006.03.12"	"Afghanistan"	"Kabul"	2	5	7	1945	3063	5008	26366	44880	71246
"2006.03.12"	"Afghanistan"	"Kunar"	4	0	4	1949	3063	5012	26370	44880	71250
"2006.03.12"	"Afghanistan"	"Kabul"	2	5	7	1951	3068	5019	26372	44885	71257
"2006.03.13"	"Afghanistan"	"Miansheen"	5	6	11	1956	3074	5030	26377	44891	71268
"2006.03.13"	"Afghanistan"	"Kandahar"	4	0	4	1960	3074	5034	26381	44891	71272
"2006.03.13"	"Iraq"	"Baghdad"	1	0	1	1961	3074	5035	26382	44891	71273
"2006.03.13"	"India"	"Ganderbal"	1	0	1	1962	3074	5036	26383	44891	71274
"2006.03.13"	"Bangladesh"	"Comilla"	3	0	3	1965	3074	5039	26386	44891	71277
"2006.03.13"	"Iraq"	"Baghdad"	3	7	10	1968	3081	5049	26389	44898	71287
"2006.03.13"	"Iraq"	"Tikrit"	5	18	23	1973	3099	5072	26394	44916	71310
"2006.03.14"	"Indonesia"	"Ambon"	1	0	1	1974	3099	5073	26395	44916	71311
"2006.03.14"	"Iraq"	"Baghdad"	87	0	87	2061	3099	5160	26482	44916	71398
"2006.03.15"	"India"	"Bhajja"	2	0	2	2063	3099	5162	26484	44916	71400
"2006.03.15"	"Iraq"	"Baqubah"	2	6	8	2065	3105	5170	26486	44922	71408
"2006.03.15"	"Iraq"	"Baqubah"	2	11	13	2067	3116	5183	26488	44933	71421
"2006.03.15"	"Iraq"	"Baghdad"	3	2	5	2070	3118	5188	26491	44935	71426
"2006.03.15"	"Iraq"	"Baghdad"	22	0	22	2092	3118	5210	26513	44935	71448
"2006.03.15"	"Thailand"	"Pattani"	1	1	2	2093	3119	5212	26514	44936	71450
"2006.03.15"	"Thailand"	"Muang"	2	0	2	2095	3119	5214	26516	44936	71452
"2006.03.16"	"Thailand"	"Pattani"	6	2	8	2101	3121	5222	26522	44938	71460
"2006.03.16"	"Thailand"	"Yala"	1	1	2	2102	3122	5224	26523	44939	71462
"2006.03.16"	"Iraq"	"Mosul"	5	2	7	2107	3124	5231	26528	44941	71469
"2006.03.16"	"Iraq"	"Ramadi"	3	6	9	2110	3130	5240	26531	44947	71478
"2006.03.16"	"Iraq"	"Baqubah"	3	0	3	2113	3130	5243	26534	44947	71481
"2006.03.16"	"Iraq"	"Baijii"	2	4	6	2115	3134	5249	26536	44951	71487
"2006.03.17"	"Iraq"	"Adil"	3	2	5	2118	3136	5254	26539	44953	71492
"2006.03.17"	"Afghanistan"	"Maiwand"	9	0	9	2127	3136	5263	26548	44953	71501
"2006.03.17"	"Iraq"	"Baghdad"	8	4	12	2135	3140	5275	26556	44957	71513
"2006.03.17"	"Iran"	"Sistan-Baluchistan"	21	7	28	2156	3147	5303	26577	44964	71541
"2006.03.17"	"Afghanistan"	"Zabul"	1	2	3	2157	3149	5306	26578	44966	71544
"2006.03.18"	"Iraq"	"Baghdad"	22	0	22	2179	3149	5328	26600	44966	71566
"2006.03.18"	"Thailand"	"Yala"	1	0	1	2180	3149	5329	26601	44966	71567
"2006.03.18"	"Thailand"	"Yala"	1	0	1	2181	3149	5330	26602	44966	71568
"2006.03.18"	"India"	"Rawalpora"	0	10	10	2181	3159	5340	26602	44976	71578
"2006.03.18"	"Afghanistan"	"Ghazni"	5	0	5	2186	3159	5345	26607	44976	71583
"2006.03.18"	"India"	"Sumbal"	1	0	1	2187	3159	5346	26608	44976	71584
"2006.03.18"	"Iraq"	"Baghdad"	2	8	10	2189	3167	5356	26610	44984	71594
"2006.03.19"	"Pakistan"	"Zafar Colony"	7	7	14	2196	3174	5370	26617	44991	71608
"2006.03.19"	"Pakistan"	"Pir Ghaib"	2	1	3	2198	3175	5373	26619	44992	71611
"2006.03.19"	"India"	"Sopore"	2	5	7	2200	3180	5380	26621	44997	71618
"2006.03.19"	"Pakistan"	"Dera Ismail Khan"	7	4	11	2207	3184	5391	26628	45001	71629
"2006.03.19"	"Iraq"	"Mosul"	4	1	5	2211	3185	5396	26632	45002	71634
"2006.03.19"	"Iraq"	"Hawija"	2	0	2	2213	3185	5398	26634	45002	71636
"2006.03.19"	"Afghanistan"	"Kandahar"	2	4	6	2215	3189	5404	26636	45006	71642
"2006.03.19"	"Iraq"	"Baghdad"	14	10	24	2229	3199	5428	26650	45016	71666
"2006.03.20"	"Afghanistan"	"Musa Qala"	4	0	4	2233	3199	5432	26654	45016	71670
"2006.03.20"	"India"	"Rajouri"	1	0	1	2234	3199	5433	26655	45016	71671
"2006.03.20"	"Iraq"	"Baghdad"	3	23	26	2237	3222	5459	26658	45039	71697
"2006.03.20"	"Iraq"	"Baghdad"	3	4	7	2240	3226	5466	26661	45043	71704
"2006.03.20"	"Iraq"	"Baghdad"	9	3	12	2249	3229	5478	26670	45046	71716
"2006.03.20"	"Iraq"	"Fallujah"	1	1	2	2250	3230	5480	26671	45047	71718
"2006.03.21"	"Somalia"	"Salagle"	1	0	1	2251	3230	5481	26672	45047	71719
"2006.03.21"	"Iraq"	"Miqdadiya"	17	4	21	2268	3234	5502	26689	45051	71740
"2006.03.22"	"Iraq"	"Madaen"	4	6	10	2272	3240	5512	26693	45057	71750
"2006.03.22"	"Iraq"	"Baghdad"	8	22	30	2280	3262	5542	26701	45079	71780
"2006.03.22"	"Iraq"	"Baghdad"	21	24	45	2301	3286	5587	26722	45103	71825
"2006.03.22"	"Pakistan"	"South Waziristan"	1	3	4	2302	3289	5591	26723	45106	71829
"2006.03.22"	"Ethiopia"	"Arisi Negellie"	1	0	1	2303	3289	5592	26724	45106	71830
"2006.03.23"	"Pakistan"	"Kohlu"	1	9	10	2304	3298	5602	26725	45115	71840
"2006.03.23"	"Dagestan"	"Makhachkala"	1	9	10	2305	3307	5612	26726	45124	71850
"2006.03.23"	"Iraq"	"Baghdad"	23	35	58	2328	3342	5670	26749	45159	71908
"2006.03.23"	"Iraq"	"Baghdad"	7	22	29	2335	3364	5699	26756	45181	71937
"2006.03.23"	"Iraq"	"Baqubah"	4	0	4	2339	3364	5703	26760	45181	71941
"2006.03.23"	"Afghanistan"	"Maidan Wardak"	1	1	2	2340	3365	5705	26761	45182	71943
"2006.03.23"	"Iraq"	"Fallujah"	14	0	14	2354	3365	5719	26775	45182	71957
"2006.03.23"	"Afghanistan"	"Andar"	1	0	1	2355	3365	5720	26776	45182	71958
"2006.03.24"	"Algeria"	"Boumerdes"	1	0	1	2356	3365	5721	26777	45182	71959
"2006.03.24"	"Iraq"	"Khalis"	5	17	22	2361	3382	5743	26782	45199	71981
"2006.03.24"	"Iraq"	"Baghdad"	15	1	16	2376	3383	5759	26797	45200	71997
"2006.03.24"	"Iraq"	"Baghdad"	5	1	6	2381	3384	5765	26802	45201	72003
"2006.03.24"	"Pakistan"	"Datta Kheil"	1	2	3	2382	3386	5768	26803	45203	72006
"2006.03.24"	"Iraq"	"Mahmoudiya"	4	1	5	2386	3387	5773	26807	45204	72011
"2006.03.25"	"India"	"Sangiot"	1	0	1	2387	3387	5774	26808	45204	72012
"2006.03.25"	"Iraq"	"Baghdad"	15	4	19	2402	3391	5793	26823	45208	72031
"2006.03.25"	"Iraq"	"Mahmudiya"	4	13	17	2406	3404	5810	26827	45221	72048
"2006.03.25"	"Thailand"	"Narathiwat"	1	4	5	2407	3408	5815	26828	45225	72053
"2006.03.25"	"Algeria"	"Blida"	4	0	4	2411	3408	5819	26832	45225	72057
"2006.03.26"	"Somalia"	"Mogadishu"	144	354	498	2555	3762	6317	26976	45579	72555
"2006.03.26"	"Iraq"	"Mullah Eid"	30	0	30	2585	3762	6347	27006	45579	72585
"2006.03.26"	"Iraq"	"Basra"	1	2	3	2586	3764	6350	27007	45581	72588
"2006.03.26"	"Iraq"	"Baghdad"	14	3	17	2600	3767	6367	27021	45584	72605
"2006.03.26"	"India"	"Pampore"	1	7	8	2601	3774	6375	27022	45591	72613
"2006.03.26"	"Pakistan"	"South Waziristan"	1	0	1	2602	3774	6376	27023	45591	72614
"2006.03.27"	"India"	"Rohama"	1	0	1	2603	3774	6377	27024	45591	72615
"2006.03.27"	"Afghanistan"	"Helmand"	3	2	5	2606	3776	6382	27027	45593	72620
"2006.03.27"	"Thailand"	"Narathiwat"	1	1	2	2607	3777	6384	27028	45594	72622
"2006.03.27"	"Thailand"	"Pattani"	1	0	1	2608	3777	6385	27029	45594	72623
"2006.03.27"	"Thailand"	"Pattani"	1	0	1	2609	3777	6386	27030	45594	72624
"2006.03.27"	"Thailand"	"Yala"	1	0	1	2610	3777	6387	27031	45594	72625
"2006.03.27"	"Thailand"	"Narathiwat"	1	0	1	2611	3777	6388	27032	45594	72626
"2006.03.27"	"Iraq"	"Mosul"	40	30	70	2651	3807	6458	27072	45624	72696
"2006.03.27"	"Iraq"	"Baghdad"	21	0	21	2672	3807	6479	27093	45624	72717
"2006.03.27"	"Philippines"	"Jolo"	9	20	29	2681	3827	6508	27102	45644	72746
"2006.03.27"	"Pakistan"	"Shakai"	0	6	6	2681	3833	6514	27102	45650	72752
"2006.03.27"	"Iraq"	"Baghdad"	8	35	43	2689	3868	6557	27110	45685	72795
"2006.03.27"	"Thailand"	"Yala"	1	0	1	2690	3868	6558	27111	45685	72796
"2006.03.27"	"India"	"Sanjote"	1	0	1	2691	3868	6559	27112	45685	72797
"2006.03.28"	"Pakistan"	"Peshawar"	1	16	17	2692	3884	6576	27113	45701	72814
"2006.03.28"	"Afghanistan"	"Helmand"	6	0	6	2698	3884	6582	27119	45701	72820
"2006.03.28"	"Afghanistan"	"Kandahar"	2	0	2	2700	3884	6584	27121	45701	72822
"2006.03.28"	"Afghanistan"	"Farah"	4	0	4	2704	3884	6588	27125	45701	72826
"2006.03.28"	"Iraq"	"Baghdad"	14	0	14	2718	3884	6602	27139	45701	72840
"2006.03.28"	"Israel"	"Negev"	2	0	2	2720	3884	6604	27141	45701	72842
"2006.03.28"	"Pakistan"	"Fort Salop"	26	25	51	2746	3909	6655	27167	45726	72893
"2006.03.29"	"Pakistan"	"Mir Ali"	2	9	11	2748	3918	6666	27169	45735	72904
"2006.03.29"	"Iraq"	"Baghdad"	17	0	17	2765	3918	6683	27186	45735	72921
"2006.03.29"	"Iraq"	"Baghdad"	8	6	14	2773	3924	6697	27194	45741	72935
"2006.03.29"	"Thailand"	"Narathiwat"	1	0	1	2774	3924	6698	27195	45741	72936
"2006.03.30"	"Afghanistan"	"Laghman"	4	0	4	2778	3924	6702	27199	45741	72940
"2006.03.30"	"Iraq"	"Baiji"	8	1	9	2786	3925	6711	27207	45742	72949
"2006.03.30"	"Israel"	"Kedumim"	4	0	4	2790	3925	6715	27211	45742	72953
"2006.03.30"	"India"	"Gandipora"	1	0	1	2791	3925	6716	27212	45742	72954
"2006.03.30"	"Afghanistan"	"Kandahar"	1	6	7	2792	3931	6723	27213	45748	72961
"2006.03.30"	"Afghanistan"	"Helmand"	2	0	2	2794	3931	6725	27215	45748	72963
"2006.03.31"	"Iraq"	"Balad Ruz"	6	1	7	2800	3932	6732	27221	45749	72970
"2006.03.31"	"Iraq"	"Baghdad"	5	0	5	2805	3932	6737	27226	45749	72975
"2006.03.31"	"Iraq"	"Baqubah"	5	0	5	2810	3932	6742	27231	45749	72980
"2006.03.31"	"Afghanistan"	"Tahhar"	1	0	1	2811	3932	6743	27232	45749	72981
"2006.03.31"	"India"	"Soura"	1	5	6	2812	3937	6749	27233	45754	72987
"2006.03.31"	"Thailand"	"Pattani"	1	0	1	2813	3937	6750	27234	45754	72988
"2006.03.31"	"Thailand"	"Pattani"	1	0	1	2814	3937	6751	27235	45754	72989
"2006.04.01"	"Iraq"	"Baghdad"	15	1	16	2829	3938	6767	27250	45755	73005
"2006.04.01"	"India"	"Gharat"	1	0	1	2830	3938	6768	27251	45755	73006
"2006.04.01"	"Pakistan"	"Dattakhel"	1	3	4	2831	3941	6772	27252	45758	73010
"2006.04.01"	"Afghanistan"	"Girishk"	4	0	4	2835	3941	6776	27256	45758	73014
"2006.04.01"	"Iraq"	"Tikrit"	1	0	1	2836	3941	6777	27257	45758	73015
"2006.04.01"	"Iraq"	"Youssifiyah"	2	0	2	2838	3941	6779	27259	45758	73017
"2006.04.02"	"Afghanistan"	"Kandahar"	5	3	8	2843	3944	6787	27264	45761	73025
"2006.04.02"	"Afghanistan"	"Nimroz"	1	0	1	2844	3944	6788	27265	45761	73026
"2006.04.02"	"Philippines"	"Lamitan"	1	1	2	2845	3945	6790	27266	45762	73028
"2006.04.02"	"India"	"Sopore"	1	0	1	2846	3945	6791	27267	45762	73029
"2006.04.02"	"India"	"Chadoora"	1	0	1	2847	3945	6792	27268	45762	73030
"2006.04.02"	"India"	"Lama Dhar"	1	0	1	2848	3945	6793	27269	45762	73031
"2006.04.02"	"Pakistan"	"Sararogha"	1	0	1	2849	3945	6794	27270	45762	73032
"2006.04.02"	"Thailand"	"Pattani"	1	0	1	2850	3945	6795	27271	45762	73033
"2006.04.02"	"Iraq"	"Balad Ruz"	2	3	5	2852	3948	6800	27273	45765	73038
"2006.04.03"	"Pakistan"	"Jandola"	4	0	4	2856	3948	6804	27277	45765	73042
"2006.04.03"	"Thailand"	"Yala"	1	0	1	2857	3948	6805	27278	45765	73043
"2006.04.03"	"Iraq"	"Baghdad"	11	6	17	2868	3954	6822	27289	45771	73060
"2006.04.03"	"Pakistan"	"Dattakhel"	5	1	6	2873	3955	6828	27294	45772	73066
"2006.04.03"	"Iraq"	"Baghdad"	4	0	4	2877	3955	6832	27298	45772	73070
"2006.04.03"	"Iraq"	"Basra"	6	0	6	2883	3955	6838	27304	45772	73076
"2006.04.04"	"India"	"Baramulla"	1	2	3	2884	3957	6841	27305	45774	73079
"2006.04.04"	"India"	"Tral"	1	0	1	2885	3957	6842	27306	45774	73080
"2006.04.04"	"Iraq"	"Baghdad"	2	3	5	2887	3960	6847	27308	45777	73085
"2006.04.04"	"Iraq"	"Baghdad"	10	28	38	2897	3988	6885	27318	45805	73123
"2006.04.05"	"Afghanistan"	"Ghanzi"	1	0	1	2898	3988	6886	27319	45805	73124
"2006.04.05"	"Afghanistan"	"Nimroz"	1	0	1	2899	3988	6887	27320	45805	73125
"2006.04.05"	"Iraq"	"Diwaniya"	1	1	2	2900	3989	6889	27321	45806	73127
"2006.04.05"	"Iraq"	"Baghdad"	9	18	27	2909	4007	6916	27330	45824	73154
"2006.04.05"	"Pakistan"	"Miranshah"	3	3	6	2912	4010	6922	27333	45827	73160
"2006.04.05"	"Algeria"	"Djebel Sbaa"	2	0	2	2914	4010	6924	27335	45827	73162
"2006.04.06"	"India"	"Harhama"	1	0	1	2915	4010	6925	27336	45827	73163
"2006.04.06"	"Iraq"	"Baghdad"	6	0	6	2921	4010	6931	27342	45827	73169
"2006.04.06"	"Afghanistan"	"Bagram"	1	3	4	2922	4013	6935	27343	45830	73173
"2006.04.06"	"Iraq"	"Najaf"	13	39	52	2935	4052	6987	27356	45869	73225
"2006.04.07"	"Algeria"	"Ouardhia"	13	8	21	2948	4060	7008	27369	45877	73246
"2006.04.07"	"Iraq"	"Kirkuk"	1	0	1	2949	4060	7009	27370	45877	73247
"2006.04.07"	"Philippines"	"Asturias"	1	9	10	2950	4069	7019	27371	45886	73257
"2006.04.07"	"Iraq"	"Baghdad"	85	164	249	3035	4233	7268	27456	46050	73506
"2006.04.07"	"India"	"Parne"	2	0	2	3037	4233	7270	27458	46050	73508
"2006.04.07"	"India"	"Baradari"	1	4	5	3038	4237	7275	27459	46054	73513
"2006.04.07"	"India"	"Kashiyar"	1	0	1	3039	4237	7276	27460	46054	73514
"2006.04.08"	"Iraq"	"Baghdad"	2	0	2	3041	4237	7278	27462	46054	73516
"2006.04.08"	"Iraq"	"Musayib"	6	16	22	3047	4253	7300	27468	46070	73538
"2006.04.08"	"Iraq"	"Kirkuk"	4	0	4	3051	4253	7304	27472	46070	73542
"2006.04.08"	"Afghanistan"	"Herat"	2	7	9	3053	4260	7313	27474	46077	73551
"2006.04.09"	"India"	"Challad"	3	0	3	3056	4260	7316	27477	46077	73554
"2006.04.09"	"Chechnya"	"Sernovodsk"	3	0	3	3059	4260	7319	27480	46077	73557
"2006.04.10"	"India"	"Bijbehara"	1	0	1	3060	4260	7320	27481	46077	73558
"2006.04.10"	"Pakistan"	"Dherdoni"	2	0	2	3062	4260	7322	27483	46077	73560
"2006.04.10"	"Afghanistan"	"Badghis"	5	0	5	3067	4260	7327	27488	46077	73565
"2006.04.10"	"Iraq"	"Baghdad"	3	0	3	3070	4260	7330	27491	46077	73568
"2006.04.10"	"Iraq"	"Baqubah"	1	0	1	3071	4260	7331	27492	46077	73569
"2006.04.10"	"Somalia"	"Baidoa"	6	3	9	3077	4263	7340	27498	46080	73578
"2006.04.11"	"India"	"Kangan"	1	0	1	3078	4263	7341	27499	46080	73579
"2006.04.11"	"Afghanistan"	"Asadabad"	7	34	41	3085	4297	7382	27506	46114	73620
"2006.04.11"	"Iraq"	"Baghdad"	3	4	7	3088	4301	7389	27509	46118	73627
"2006.04.11"	"Iraq"	"Jurf al-Sahkar"	4	0	4	3092	4301	7393	27513	46118	73631
"2006.04.11"	"Pakistan"	"Karachi"	55	77	132	3147	4378	7525	27568	46195	73763
"2006.04.11"	"Iraq"	"Kirkuk"	1	0	1	3148	4378	7526	27569	46195	73764
"2006.04.12"	"Pal. Auth."	"Jericho"	1	0	1	3149	4378	7527	27570	46195	73765
"2006.04.12"	"Iraq"	"Howaydir"	23	50	73	3172	4428	7600	27593	46245	73838
"2006.04.12"	"Kabardino-Balk."	"Nalchik"	1	0	1	3173	4428	7601	27594	46245	73839
"2006.04.12"	"India"	"Tral"	1	1	2	3174	4429	7603	27595	46246	73841
"2006.04.12"	"Iraq"	"Kirkuk"	1	1	2	3175	4430	7605	27596	46247	73843
"2006.04.12"	"Iraq"	"Baghdad"	15	9	24	3190	4439	7629	27611	46256	73867
"2006.04.12"	"Iraq"	"Khalis"	4	27	31	3194	4466	7660	27615	46283	73898
"2006.04.13"	"Iraq"	"Baghdad"	13	8	21	3207	4474	7681	27628	46291	73919
"2006.04.13"	"Iraq"	"Fallujah"	7	0	7	3214	4474	7688	27635	46291	73926
"2006.04.13"	"Sudan"	"Akobo"	15	11	26	3229	4485	7714	27650	46302	73952
"2006.04.13"	"Chad"	"Djawara"	118	0	118	3347	4485	7832	27768	46302	74070
"2006.04.14"	"Thailand"	"Narathiwat"	1	4	5	3348	4489	7837	27769	46306	74075
"2006.04.14"	"Iraq"	"Basra"	2	4	6	3350	4493	7843	27771	46310	74081
"2006.04.14"	"Iraq"	"Baqubah"	4	5	9	3354	4498	7852	27775	46315	74090
"2006.04.14"	"Egypt"	"Alexandria"	1	3	4	3355	4501	7856	27776	46318	74094
"2006.04.14"	"Afghanistan"	"Khost"	3	2	5	3358	4503	7861	27779	46320	74099
"2006.04.14"	"India"	"Srinagar"	5	31	36	3363	4534	7897	27784	46351	74135
"2006.04.14"	"Iraq"	"Basra"	7	3	10	3370	4537	7907	27791	46354	74145
"2006.04.15"	"Iraq"	"Baghdad"	7	26	33	3377	4563	7940	27798	46380	74178
"2006.04.15"	"Yemen"	"Sanaa"	1	5	6	3378	4568	7946	27799	46385	74184
"2006.04.15"	"Chechnya"	"Dargo"	2	5	7	3380	4573	7953	27801	46390	74191
"2006.04.15"	"Pakistan"	"North Waziristan"	1	0	1	3381	4573	7954	27802	46390	74192
"2006.04.15"	"Pakistan"	"Ghulam Khan"	1	1	2	3382	4574	7956	27803	46391	74194
"2006.04.16"	"Iraq"	"Baghdad"	4	6	10	3386	4580	7966	27807	46397	74204
"2006.04.16"	"Philippines"	"North Cotabato"	1	0	1	3387	4580	7967	27808	46397	74205
"2006.04.16"	"Thailand"	"Narathiwat"	1	0	1	3388	4580	7968	27809	46397	74206
"2006.04.16"	"Ethiopia"	"Jijiga"	3	23	26	3391	4603	7994	27812	46420	74232
"2006.04.17"	"Thailand"	"Narathiwat"	1	0	1	3392	4603	7995	27813	46420	74233
"2006.04.17"	"Pakistan"	"Datakhel"	1	0	1	3393	4603	7996	27814	46420	74234
"2006.04.17"	"Pakistan"	"Madakhel"	1	0	1	3394	4603	7997	27815	46420	74235
"2006.04.17"	"Israel"	"Tel Aviv"	9	66	75	3403	4669	8072	27824	46486	74310
"2006.04.17"	"Iraq"	"Baghdad"	4	4	8	3407	4673	8080	27828	46490	74318
"2006.04.17"	"India"	"Tral"	1	4	5	3408	4677	8085	27829	46494	74323
"2006.04.17"	"Ethiopia"	"Gedo"	3	30	33	3411	4707	8118	27832	46524	74356
"2006.04.18"	"Iraq"	"Yusufiya"	4	0	4	3415	4707	8122	27836	46524	74360
"2006.04.18"	"India"	"Sildhar"	2	0	2	3417	4707	8124	27838	46524	74362
"2006.04.18"	"Pakistan"	"Faisalabad"	2	0	2	3419	4707	8126	27840	46524	74364
"2006.04.18"	"Pakistan"	"Mirali"	1	0	1	3420	4707	8127	27841	46524	74365
"2006.04.18"	"Iraq"	"Baghdad"	19	0	19	3439	4707	8146	27860	46524	74384
"2006.04.18"	"Iraq"	"Baghdad"	4	22	26	3443	4729	8172	27864	46546	74410
"2006.04.18"	"Iraq"	"Baghdad"	7	20	27	3450	4749	8199	27871	46566	74437
"2006.04.18"	"Thailand"	"Yala"	1	0	1	3451	4749	8200	27872	46566	74438
"2006.04.19"	"Iraq"	"Baiji"	5	4	9	3456	4753	8209	27877	46570	74447
"2006.04.19"	"India"	"Handwara"	2	0	2	3458	4753	8211	27879	46570	74449
"2006.04.19"	"Iraq"	"Baqubah"	3	1	4	3461	4754	8215	27882	46571	74453
"2006.04.19"	"Thailand"	"Narathiwat"	3	17	20	3464	4771	8235	27885	46588	74473
"2006.04.19"	"Iraq"	"Rashad"	5	3	8	3469	4774	8243	27890	46591	74481
"2006.04.20"	"India"	"Bhaderwah"	1	3	4	3470	4777	8247	27891	46594	74485
"2006.04.20"	"Pakistan"	"Sarobi"	7	22	29	3477	4799	8276	27898	46616	74514
"2006.04.20"	"Iraq"	"Tal Afar"	3	4	7	3480	4803	8283	27901	46620	74521
"2006.04.20"	"Iraq"	"Kirkuk"	9	1	10	3489	4804	8293	27910	46621	74531
"2006.04.21"	"Iraq"	"Baiji"	6	0	6	3495	4804	8299	27916	46621	74537
"2006.04.21"	"India"	"Gool"	2	0	2	3497	4804	8301	27918	46621	74539
"2006.04.21"	"India"	"Kishtwar"	1	0	1	3498	4804	8302	27919	46621	74540
"2006.04.21"	"India"	"Cherwan"	1	0	1	3499	4804	8303	27920	46621	74541
"2006.04.21"	"Afghanistan"	"Maiwand"	6	0	6	3505	4804	8309	27926	46621	74547
"2006.04.21"	"Iraq"	"Baghdad"	8	0	8	3513	4804	8317	27934	46621	74555
"2006.04.21"	"Iraq"	"Baghdad"	3	0	3	3516	4804	8320	27937	46621	74558
"2006.04.22"	"Iraq"	"Muqdadiya"	13	15	28	3529	4819	8348	27950	46636	74586
"2006.04.22"	"Iraq"	"Hawija"	2	0	2	3531	4819	8350	27952	46636	74588
"2006.04.22"	"Afghanistan"	"Gumbad"	4	0	4	3535	4819	8354	27956	46636	74592
"2006.04.22"	"Afghanistan"	"Laghman"	6	4	10	3541	4823	8364	27962	46640	74602
"2006.04.23"	"Algeria"	"Skikda"	10	8	18	3551	4831	8382	27972	46648	74620
"2006.04.23"	"Pakistan"	"Razmak"	1	0	1	3552	4831	8383	27973	46648	74621
"2006.04.23"	"Pakistan"	"Dungan"	1	2	3	3553	4833	8386	27974	46650	74624
"2006.04.23"	"India"	"Pulwama"	1	0	1	3554	4833	8387	27975	46650	74625
"2006.04.23"	"Iraq"	"Mahmudiya"	2	7	9	3556	4840	8396	27977	46657	74634
"2006.04.23"	"Iraq"	"Baghdad"	15	0	15	3571	4840	8411	27992	46657	74649
"2006.04.23"	"Afghanistan"	"Kandahar"	1	2	3	3572	4842	8414	27993	46659	74652
"2006.04.23"	"Yemen"	"Sana'a"	7	13	20	3579	4855	8434	28000	46672	74672
"2006.04.23"	"Thailand"	"Narathiwat"	1	1	2	3580	4856	8436	28001	46673	74674
"2006.04.23"	"Thailand"	"Yala"	1	0	1	3581	4856	8437	28002	46673	74675
"2006.04.24"	"Pakistan"	"Karwan Manza"	1	0	1	3582	4856	8438	28003	46673	74676
"2006.04.24"	"Egypt"	"Dahab"	19	62	81	3601	4918	8519	28022	46735	74757
"2006.04.24"	"Iraq"	"Baghdad"	10	80	90	3611	4998	8609	28032	46815	74847
"2006.04.24"	"Iraq"	"Mosul"	28	0	28	3639	4998	8637	28060	46815	74875
"2006.04.24"	"India"	"Srinagar"	1	25	26	3640	5023	8663	28061	46840	74901
"2006.04.25"	"Pakistan"	"Shavai Kainari"	1	0	1	3641	5023	8664	28062	46840	74902
"2006.04.25"	"Pakistan"	"Quetta"	4	2	6	3645	5025	8670	28066	46842	74908
"2006.04.25"	"India"	"Tral"	0	24	24	3645	5049	8694	28066	46866	74932
"2006.04.25"	"India"	"Arnora"	2	0	2	3647	5049	8696	28068	46866	74934
"2006.04.25"	"India"	"Shopian"	1	0	1	3648	5049	8697	28069	46866	74935
"2006.04.25"	"Thailand"	"Pattani"	1	0	1	3649	5049	8698	28070	46866	74936
"2006.04.25"	"Thailand"	"Narathiwat"	1	0	1	3650	5049	8699	28071	46866	74937
"2006.04.25"	"Afghanistan"	"Kabul"	2	3	5	3652	5052	8704	28073	46869	74942
"2006.04.25"	"Pakistan"	"Dattakhel"	4	9	13	3656	5061	8717	28077	46878	74955
"2006.04.25"	"Iraq"	"Baqubah"	4	0	4	3660	5061	8721	28081	46878	74959
"2006.04.25"	"Iraq"	"Baghdad"	2	5	7	3662	5066	8728	28083	46883	74966
"2006.04.26"	"Iraq"	"Baghdad"	24	22	46	3686	5088	8774	28107	46905	75012
"2006.04.26"	"Jordan"	"Irbid"	1	0	1	3687	5088	8775	28108	46905	75013
"2006.04.27"	"India"	"Awantipore"	1	0	1	3688	5088	8776	28109	46905	75014
"2006.04.27"	"India"	"Pahalgam"	0	20	20	3688	5108	8796	28109	46925	75034
"2006.04.27"	"Iraq"	"Nassiriya"	4	1	5	3692	5109	8801	28113	46926	75039
"2006.04.27"	"Iraq"	"Baghdad"	15	0	15	3707	5109	8816	28128	46926	75054
"2006.04.28"	"India"	"Kulgam"	1	0	1	3708	5109	8817	28129	46926	75055
"2006.04.28"	"Iraq"	"Diyala"	9	18	27	3717	5127	8844	28138	46944	75082
"2006.04.29"	"Iraq"	"Baghdad"	9	14	23	3726	5141	8867	28147	46958	75105
"2006.04.29"	"Afghanistan"	"Baghran"	3	1	4	3729	5142	8871	28150	46959	75109
"2006.04.29"	"Iraq"	"Basra"	2	3	5	3731	5145	8876	28152	46962	75114
"2006.04.29"	"Iraq"	"Qaim"	3	7	10	3734	5152	8886	28155	46969	75124
"2006.04.29"	"Iraq"	"Jurf al-Sakhar"	2	0	2	3736	5152	8888	28157	46969	75126
"2006.04.30"	"Afghanistan"	"Lashkargah"	1	2	3	3737	5154	8891	28158	46971	75129
"2006.04.30"	"Iraq"	"Baghdad"	3	2	5	3740	5156	8896	28161	46973	75134
"2006.04.30"	"India"	"Udhampur"	13	0	13	3753	5156	8909	28174	46973	75147
"2006.04.30"	"Iraq"	"Baghdad"	9	6	15	3762	5162	8924	28183	46979	75162
"2006.04.30"	"Afghanistan"	"Kandahar"	1	0	1	3763	5162	8925	28184	46979	75163
"2006.04.30"	"Iraq"	"Ramadi"	2	0	2	3765	5162	8927	28186	46979	75165
"2006.04.30"	"Philippines"	"Surallah"	1	7	8	3766	5169	8935	28187	46986	75173
"2006.04.30"	"Iraq"	"Baghdad"	1	0	1	3767	5169	8936	28188	46986	75174
"2006.05.01"	"India"	"Kulangam"	1	0	1	3768	5169	8937	28189	46986	75175
"2006.05.01"	"Pakistan"	"Mir Ali"	1	0	1	3769	5169	8938	28190	46986	75176
"2006.05.01"	"India"	"Doda"	22	9	31	3791	5178	8969	28212	46995	75207
"2006.05.01"	"India"	"Handwara"	1	3	4	3792	5181	8973	28213	46998	75211
"2006.05.02"	"Pakistan"	"Chichawatni"	1	0	1	3793	5181	8974	28214	46998	75212
"2006.05.02"	"Afghanistan"	"Farah"	1	0	1	3794	5181	8975	28215	46998	75213
"2006.05.02"	"India"	"Doda"	1	0	1	3795	5181	8976	28216	46998	75214
"2006.05.02"	"Pakistan"	"Jatree"	6	3	9	3801	5184	8985	28222	47001	75223
"2006.05.02"	"Iraq"	"Yusufiya"	20	0	20	3821	5184	9005	28242	47001	75243
"2006.05.02"	"Iraq"	"Baghdad"	2	5	7	3823	5189	9012	28244	47006	75250
"2006.05.02"	"Afghanistan"	"Kabul"	1	2	3	3824	5191	9015	28245	47008	75253
"2006.05.02"	"Thailand"	"Yala"	1	0	1	3825	5191	9016	28246	47008	75254
"2006.05.03"	"Thailand"	"Pattani"	2	0	2	3827	5191	9018	28248	47008	75256
"2006.05.03"	"Thailand"	"Yala"	1	0	1	3828	5191	9019	28249	47008	75257
"2006.05.03"	"Thailand"	"Yala"	1	0	1	3829	5191	9020	28250	47008	75258
"2006.05.03"	"Iraq"	"Tikrit"	1	0	1	3830	5191	9021	28251	47008	75259
"2006.05.03"	"Iraq"	"Fallujah"	16	25	41	3846	5216	9062	28267	47033	75300
"2006.05.03"	"Iraq"	"Baghdad"	16	15	31	3862	5231	9093	28283	47048	75331
"2006.05.03"	"Iraq"	"Baghdad"	4	0	4	3866	5231	9097	28287	47048	75335
"2006.05.03"	"Pakistan"	"Bajaur"	3	0	3	3869	5231	9100	28290	47048	75338
"2006.05.03"	"Pakistan"	"Khanpur"	1	0	1	3870	5231	9101	28291	47048	75339
"2006.05.04"	"Iraq"	"Baghdad"	10	52	62	3880	5283	9163	28301	47100	75401
"2006.05.04"	"India"	"Chadoora"	2	9	11	3882	5292	9174	28303	47109	75412
"2006.05.04"	"Israel"	"Beit Shemesh"	1	0	1	3883	5292	9175	28304	47109	75413
"2006.05.05"	"India"	"Bijnour"	1	0	1	3884	5292	9176	28305	47109	75414
"2006.05.05"	"Pakistan"	"Leghari"	1	1	2	3885	5293	9178	28306	47110	75416
"2006.05.05"	"Afghanistan"	"Necha"	3	0	3	3888	5293	9181	28309	47110	75419
"2006.05.05"	"Iraq"	"Baghdad"	6	0	6	3894	5293	9187	28315	47110	75425
"2006.05.05"	"Iran"	"al-Dura"	1	0	1	3895	5293	9188	28316	47110	75426
"2006.05.06"	"India"	"Kupwara"	1	0	1	3896	5293	9189	28317	47110	75427
"2006.05.06"	"Iraq"	"Baghdad"	8	3	11	3904	5296	9200	28325	47113	75438
"2006.05.06"	"Iraq"	"Kirkuk"	1	2	3	3905	5298	9203	28326	47115	75441
"2006.05.06"	"Iraq"	"Tikrit"	3	1	4	3908	5299	9207	28329	47116	75445
"2006.05.06"	"Afghanistan"	"Kabul"	2	4	6	3910	5303	9213	28331	47120	75451
"2006.05.06"	"Somalia"	"Coast"	1	2	3	3911	5305	9216	28332	47122	75454
"2006.05.07"	"Iraq"	"Karbala"	21	52	73	3932	5357	9289	28353	47174	75527
"2006.05.07"	"Iraq"	"Baghdad"	10	15	25	3942	5372	9314	28363	47189	75552
"2006.05.07"	"Iraq"	"Baghdad"	42	0	42	3984	5372	9356	28405	47189	75594
"2006.05.07"	"Thailand"	"Pattani"	1	0	1	3985	5372	9357	28406	47189	75595
"2006.05.07"	"Afghanistan"	"Zabul"	2	0	2	3987	5372	9359	28408	47189	75597
"2006.05.07"	"India"	"Pulwama"	2	0	2	3989	5372	9361	28410	47189	75599
"2006.05.08"	"Somalia"	"Mogadishu"	11	40	51	4000	5412	9412	28421	47229	75650
"2006.05.08"	"Thailand"	"Pattani"	2	5	7	4002	5417	9419	28423	47234	75657
"2006.05.08"	"Pakistan"	"Inayat Kili"	1	0	1	4003	5417	9420	28424	47234	75658
"2006.05.08"	"Iraq"	"Baghdad"	16	35	51	4019	5452	9471	28440	47269	75709
"2006.05.08"	"Iraq"	"Khalisa"	2	0	2	4021	5452	9473	28442	47269	75711
"2006.05.08"	"Iraq"	"Balad Ruz"	2	3	5	4023	5455	9478	28444	47272	75716
"2006.05.08"	"Thailand"	"Narathiwat"	1	0	1	4024	5455	9479	28445	47272	75717
"2006.05.09"	"Thailand"	"Narathiwat"	1	0	1	4025	5455	9480	28446	47272	75718
"2006.05.09"	"Thailand"	"Pattani"	1	0	1	4026	5455	9481	28447	47272	75719
"2006.05.09"	"Thailand"	"Songkhla"	1	0	1	4027	5455	9482	28448	47272	75720
"2006.05.09"	"Thailand"	"Yala"	1	0	1	4028	5455	9483	28449	47272	75721
"2006.05.09"	"Iraq"	"Suwayra"	26	0	26	4054	5455	9509	28475	47272	75747
"2006.05.09"	"Iraq"	"Baghdad"	2	5	7	4056	5460	9516	28477	47277	75754
"2006.05.09"	"Iraq"	"Ramadi"	4	0	4	4060	5460	9520	28481	47277	75758
"2006.05.09"	"Iraq"	"Tal Afar"	37	134	171	4097	5594	9691	28518	47411	75929
"2006.05.09"	"India"	"Kilimanoor"	1	0	1	4098	5594	9692	28519	47411	75930
"2006.05.10"	"Thailand"	"Pattani"	3	13	16	4101	5607	9708	28522	47424	75946
"2006.05.10"	"India"	"Gandoh"	1	0	1	4102	5607	9709	28523	47424	75947
"2006.05.10"	"Iraq"	"Baqubah"	11	6	17	4113	5613	9726	28534	47430	75964
"2006.05.10"	"Somalia"	"Siisii"	47	103	150	4160	5716	9876	28581	47533	76114
"2006.05.10"	"India"	"Doda"	1	2	3	4161	5718	9879	28582	47535	76117
"2006.05.11"	"India"	"Srinagar"	2	0	2	4163	5718	9881	28584	47535	76119
"2006.05.11"	"India"	"Bi-Tara"	1	1	2	4164	5719	9883	28585	47536	76121
"2006.05.11"	"India"	"Dhandli"	1	0	1	4165	5719	9884	28586	47536	76122
"2006.05.11"	"Somalia"	"Siisii"	27	0	27	4192	5719	9911	28613	47536	76149
"2006.05.11"	"Iraq"	"Baghdad"	4	1	5	4196	5720	9916	28617	47537	76154
"2006.05.11"	"Iraq"	"Baqubah"	1	2	3	4197	5722	9919	28618	47539	76157
"2006.05.11"	"Kosovo"	"Kosovska Mitrovica"	0	2	2	4197	5724	9921	28618	47541	76159
"2006.05.11"	"Pakistan"	"Khar"	1	0	1	4198	5724	9922	28619	47541	76160
"2006.05.11"	"Thailand"	"Narathiwat"	1	1	2	4199	5725	9924	28620	47542	76162
"2006.05.12"	"Afghanistan"	"Herat"	2	1	3	4201	5726	9927	28622	47543	76165
"2006.05.12"	"Kenya"	"Nairobi"	1	2	3	4202	5728	9930	28623	47545	76168
"2006.05.12"	"Iraq"	"Balad Ruz"	2	2	4	4204	5730	9934	28625	47547	76172
"2006.05.12"	"Kyrgyzstan"	"Batken"	6	3	9	4210	5733	9943	28631	47550	76181
"2006.05.12"	"Iraq"	"Basra"	2	0	2	4212	5733	9945	28633	47550	76183
"2006.05.12"	"Somalia"	"Yaqshid"	12	0	12	4224	5733	9957	28645	47550	76195
"2006.05.13"	"Somalia"	"Mogadishu"	11	0	11	4235	5733	9968	28656	47550	76206
"2006.05.13"	"Iran"	"Kerman"	12	0	12	4247	5733	9980	28668	47550	76218
"2006.05.13"	"Iraq"	"Baghdad"	3	0	3	4250	5733	9983	28671	47550	76221
"2006.05.13"	"India"	"Doda"	2	41	43	4252	5774	10026	28673	47591	76264
"2006.05.13"	"Iraq"	"Mosul"	2	4	6	4254	5778	10032	28675	47595	76270
"2006.05.14"	"Iraq"	"Baghdad"	2	0	2	4256	5778	10034	28677	47595	76272
"2006.05.14"	"Pakistan"	"Jandola"	1	0	1	4257	5778	10035	28678	47595	76273
"2006.05.14"	"India"	"Kunan Poshpora"	1	0	1	4258	5778	10036	28679	47595	76274
"2006.05.14"	"Algeria"	"Jijel"	21	0	21	4279	5778	10057	28700	47595	76295
"2006.05.14"	"Afghanistan"	"Helmand"	1	7	8	4280	5785	10065	28701	47602	76303
"2006.05.14"	"Iraq"	"Baghdad"	26	66	92	4306	5851	10157	28727	47668	76395
"2006.05.14"	"Iraq"	"Karbala"	9	0	9	4315	5851	10166	28736	47668	76404
"2006.05.15"	"India"	"Batpora"	2	0	2	4317	5851	10168	28738	47668	76406
"2006.05.15"	"India"	"Chatibandi Bandipore"	2	0	2	4319	5851	10170	28740	47668	76408
"2006.05.15"	"Pakistan"	"Amma Khel"	1	0	1	4320	5851	10171	28741	47668	76409
"2006.05.15"	"Iraq"	"Baghdad"	5	0	5	4325	5851	10176	28746	47668	76414
"2006.05.15"	"Iraq"	"Balad Ruz"	4	0	4	4329	5851	10180	28750	47668	76418
"2006.05.15"	"Iraq"	"Wajihiya"	1	7	8	4330	5858	10188	28751	47675	76426
"2006.05.15"	"Iraq"	"Mosul"	6	0	6	4336	5858	10194	28757	47675	76432
"2006.05.16"	"Thailand"	"Narathiwat"	1	1	2	4337	5859	10196	28758	47676	76434
"2006.05.16"	"India"	"Handwara"	1	0	1	4338	5859	10197	28759	47676	76435
"2006.05.16"	"Iraq"	"Baghdad"	23	37	60	4361	5896	10257	28782	47713	76495
"2006.05.16"	"Iraq"	"Baghdad"	4	0	4	4365	5896	10261	28786	47713	76499
"2006.05.16"	"Iraq"	"Karbala"	1	0	1	4366	5896	10262	28787	47713	76500
"2006.05.16"	"Afghanistan"	"Zangali"	2	0	2	4368	5896	10264	28789	47713	76502
"2006.05.16"	"Pakistan"	"Miranshah"	2	0	2	4370	5896	10266	28791	47713	76504
"2006.05.16"	"Somalia"	"Mogadishu"	2	0	2	4372	5896	10268	28793	47713	76506
"2006.05.16"	"Iraq"	"Baghdad"	3	0	3	4375	5896	10271	28796	47713	76509
"2006.05.17"	"Pakistan"	"Miser"	1	4	5	4376	5900	10276	28797	47717	76514
"2006.05.17"	"Chechnya"	"Kurchaloi"	5	6	11	4381	5906	10287	28802	47723	76525
"2006.05.17"	"Afghanistan"	"Mosa Qala"	13	6	19	4394	5912	10306	28815	47729	76544
"2006.05.17"	"India"	"Doda"	0	18	18	4394	5930	10324	28815	47747	76562
"2006.05.17"	"Turkey"	"Ankara"	1	4	5	4395	5934	10329	28816	47751	76567
"2006.05.17"	"Iraq"	"Baqubah"	4	11	15	4399	5945	10344	28820	47762	76582
"2006.05.17"	"Iraq"	"Baghdad"	4	0	4	4403	5945	10348	28824	47762	76586
"2006.05.17"	"Ingushetia"	"Nazran"	7	0	7	4410	5945	10355	28831	47762	76593
"2006.05.17"	"Somalia"	"Mogadishu"	5	0	5	4415	5945	10360	28836	47762	76598
"2006.05.18"	"Afghanistan"	"Ghazni"	1	0	1	4416	5945	10361	28837	47762	76599
"2006.05.18"	"Afghanistan"	"Herat"	1	0	1	4417	5945	10362	28838	47762	76600
"2006.05.18"	"Iraq"	"Baghdad"	8	0	8	4425	5945	10370	28846	47762	76608
"2006.05.18"	"Iraq"	"Baghdad"	8	9	17	4433	5954	10387	28854	47771	76625
"2006.05.18"	"Iraq"	"Karbala"	1	0	1	4434	5954	10388	28855	47771	76626
"2006.05.18"	"Iraq"	"Kirkuk"	3	0	3	4437	5954	10391	28858	47771	76629
"2006.05.18"	"Thailand"	"Pattani"	1	0	1	4438	5954	10392	28859	47771	76630
"2006.05.18"	"India"	"Srinagar"	1	23	24	4439	5977	10416	28860	47794	76654
"2006.05.19"	"Somalia"	"Mogadishu"	6	0	6	4445	5977	10422	28866	47794	76660
"2006.05.19"	"Pakistan"	"Khaddi"	1	0	1	4446	5977	10423	28867	47794	76661
"2006.05.19"	"Sudan"	"Natiqa"	29	5	34	4475	5982	10457	28896	47799	76695
"2006.05.19"	"Sudan"	"Baja Baju"	6	0	6	4481	5982	10463	28902	47799	76701
"2006.05.20"	"Pal. Auth."	"Gaza"	1	6	7	4482	5988	10470	28903	47805	76708
"2006.05.20"	"Pakistan"	"Hurmuz"	2	1	3	4484	5989	10473	28905	47806	76711
"2006.05.20"	"Iraq"	"Baghdad"	19	58	77	4503	6047	10550	28924	47864	76788
"2006.05.20"	"Iraq"	"Al-Udhaim"	2	3	5	4505	6050	10555	28926	47867	76793
"2006.05.20"	"Iraq"	"Mussayab"	19	0	19	4524	6050	10574	28945	47867	76812
"2006.05.20"	"Iraq"	"Qaim"	5	10	15	4529	6060	10589	28950	47877	76827
"2006.05.21"	"India"	"Srinagar"	6	22	28	4535	6082	10617	28956	47899	76855
"2006.05.21"	"Afghanistan"	"Kabul"	2	8	10	4537	6090	10627	28958	47907	76865
"2006.05.21"	"Iraq"	"Baghdad"	13	17	30	4550	6107	10657	28971	47924	76895
"2006.05.21"	"Iraq"	"Baghdad"	3	23	26	4553	6130	10683	28974	47947	76921
"2006.05.21"	"Thailand"	"Yala"	1	0	1	4554	6130	10684	28975	47947	76922
"2006.05.21"	"Thailand"	"Narathiwat"	1	1	2	4555	6131	10686	28976	47948	76924
"2006.05.21"	"Thailand"	"Pattani"	1	0	1	4556	6131	10687	28977	47948	76925
"2006.05.21"	"Pakistan"	"Karachi"	1	0	1	4557	6131	10688	28978	47948	76926
"2006.05.21"	"England"	"Leeds"	1	0	1	4558	6131	10689	28979	47948	76927
"2006.05.22"	"Iraq"	"Muqdadiya"	2	0	2	4560	6131	10691	28981	47948	76929
"2006.05.22"	"Pal. Auth."	"Gaza"	1	1	2	4561	6132	10693	28982	47949	76931
"2006.05.22"	"Iraq"	"Jbela"	3	6	9	4564	6138	10702	28985	47955	76940
"2006.05.22"	"Iraq"	"Baghdad"	9	15	24	4573	6153	10726	28994	47970	76964
"2006.05.22"	"Iraq"	"Jurf al-Sakhar"	4	0	4	4577	6153	10730	28998	47970	76968
"2006.05.22"	"Thailand"	"Pattani"	1	0	1	4578	6153	10731	28999	47970	76969
"2006.05.23"	"Afghanistan"	"Wardak"	4	0	4	4582	6153	10735	29003	47970	76973
"2006.05.23"	"Afghanistan"	"Helmand"	3	6	9	4585	6159	10744	29006	47976	76982
"2006.05.23"	"Iraq"	"Baghdad"	5	5	10	4590	6164	10754	29011	47981	76992
"2006.05.23"	"Iraq"	"Ain al- Tamur"	4	0	4	4594	6164	10758	29015	47981	76996
"2006.05.23"	"Iraq"	"Aswad"	3	7	10	4597	6171	10768	29018	47988	77006
"2006.05.23"	"India"	"Srinagar"	2	38	40	4599	6209	10808	29020	48026	77046
"2006.05.23"	"Thailand"	"Yala"	2	0	2	4601	6209	10810	29022	48026	77048
"2006.05.23"	"Chechnya"	"Eshilkhatoy"	4	3	7	4605	6212	10817	29026	48029	77055
"2006.05.23"	"India"	"Thanala"	1	0	1	4606	6212	10818	29027	48029	77056
"2006.05.23"	"India"	"Srinagar"	2	20	22	4608	6232	10840	29029	48049	77078
"2006.05.23"	"Philippines"	"Jolo"	4	0	4	4612	6232	10844	29033	48049	77082
"2006.05.23"	"Thailand"	"Narathiwat"	1	1	2	4613	6233	10846	29034	48050	77084
"2006.05.23"	"Iraq"	"Baghdad"	11	9	20	4624	6242	10866	29045	48059	77104
"2006.05.23"	"Iraq"	"Baghdad"	3	12	15	4627	6254	10881	29048	48071	77119
"2006.05.23"	"Pal. Auth."	"Ramle"	1	0	1	4628	6254	10882	29049	48071	77120
"2006.05.23"	"Iraq"	"Baqubah"	3	0	3	4631	6254	10885	29052	48071	77123
"2006.05.24"	"Afghanistan"	"Wazi Khwa"	3	1	4	4634	6255	10889	29055	48072	77127
"2006.05.24"	"Iraq"	"Latifiya"	7	0	7	4641	6255	10896	29062	48072	77134
"2006.05.24"	"Philippines"	"Jolo"	1	0	1	4642	6255	10897	29063	48072	77135
"2006.05.24"	"Pal. Auth."	"Gaza"	1	2	3	4643	6257	10900	29064	48074	77138
"2006.05.25"	"Iraq"	"Muqdadiya"	5	0	5	4648	6257	10905	29069	48074	77143
"2006.05.25"	"Somalia"	"Mogadishu"	48	50	98	4696	6307	11003	29117	48124	77241
"2006.05.25"	"Iraq"	"Tikrit"	9	0	9	4705	6307	11012	29126	48124	77250
"2006.05.25"	"Philippines"	"Jolo"	1	0	1	4706	6307	11013	29127	48124	77251
"2006.05.25"	"India"	"Srinagar"	4	7	11	4710	6314	11024	29131	48131	77262
"2006.05.25"	"India"	"Chewa"	1	0	1	4711	6314	11025	29132	48131	77263
"2006.05.25"	"Afghanistan"	"Kabul"	2	2	4	4713	6316	11029	29134	48133	77267
"2006.05.26"	"India"	"Kishtwar"	2	0	2	4715	6316	11031	29136	48133	77269
"2006.05.26"	"Pakistan"	"Miranshah"	1	0	1	4716	6316	11032	29137	48133	77270
"2006.05.26"	"Iraq"	"Baghdad"	9	51	60	4725	6367	11092	29146	48184	77330
"2006.05.26"	"Iraq"	"Baghdad"	3	0	3	4728	6367	11095	29149	48184	77333
"2006.05.27"	"India"	"Bandipura"	2	1	3	4730	6368	11098	29151	48185	77336
"2006.05.27"	"Iraq"	"Baqubah"	7	5	12	4737	6373	11110	29158	48190	77348
"2006.05.27"	"Iraq"	"Baiji"	2	1	3	4739	6374	11113	29160	48191	77351
"2006.05.27"	"Iraq"	"Baghdad"	4	15	19	4743	6389	11132	29164	48206	77370
"2006.05.27"	"Thailand"	"Pattani"	1	3	4	4744	6392	11136	29165	48209	77374
"2006.05.28"	"Pakistan"	"Sindh"	2	7	9	4746	6399	11145	29167	48216	77383
"2006.05.28"	"Iraq"	"Baqubah"	3	0	3	4749	6399	11148	29170	48216	77386
"2006.05.28"	"Iraq"	"Baghdad"	2	17	19	4751	6416	11167	29172	48233	77405
"2006.05.28"	"India"	"Srinagar"	3	0	3	4754	6416	11170	29175	48233	77408
"2006.05.28"	"Pakistan"	"Datta Khel"	2	3	5	4756	6419	11175	29177	48236	77413
"2006.05.28"	"Pakistan"	"Mir Ali"	1	0	1	4757	6419	11176	29178	48236	77414
"2006.05.28"	"Thailand"	"Narathiwat"	2	1	3	4759	6420	11179	29180	48237	77417
"2006.05.29"	"Pakistan"	"Akori"	3	0	3	4762	6420	11182	29183	48237	77420
"2006.05.29"	"Iraq"	"Samarra"	2	0	2	4764	6420	11184	29185	48237	77422
"2006.05.29"	"Philippines"	"Jolo"	1	0	1	4765	6420	11185	29186	48237	77423
"2006.05.29"	"Iraq"	"Baghdad"	4	7	11	4769	6427	11196	29190	48244	77434
"2006.05.29"	"Pakistan"	"Chakmalai"	1	0	1	4770	6427	11197	29191	48244	77435
"2006.05.29"	"Iraq"	"Khalis"	14	17	31	4784	6444	11228	29205	48261	77466
"2006.05.29"	"Iraq"	"Baghdad"	29	46	75	4813	6490	11303	29234	48307	77541
"2006.05.29"	"Pakistan"	"Jacobabad"	5	0	5	4818	6490	11308	29239	48307	77546
"2006.05.30"	"Afghanistan"	"Badakhshan"	2	2	4	4820	6492	11312	29241	48309	77550
"2006.05.30"	"Afghanistan"	"Shiberghan"	4	0	4	4824	6492	11316	29245	48309	77554
"2006.05.30"	"Pal. Auth."	"Balata"	1	0	1	4825	6492	11317	29246	48309	77555
"2006.05.30"	"Pal. Auth."	"Raffidiyeh"	1	0	1	4826	6492	11318	29247	48309	77556
"2006.05.30"	"Afghanistan"	"Qalat"	1	4	5	4827	6496	11323	29248	48313	77561
"2006.05.30"	"Pakistan"	"Ferozewala"	4	20	24	4831	6516	11347	29252	48333	77585
"2006.05.30"	"India"	"Srinagar"	1	9	10	4832	6525	11357	29253	48342	77595
"2006.05.30"	"Thailand"	"Yala"	1	0	1	4833	6525	11358	29254	48342	77596
"2006.05.30"	"Iraq"	"Husaniya"	25	65	90	4858	6590	11448	29279	48407	77686
"2006.05.30"	"Iraq"	"Hilla"	12	36	48	4870	6626	11496	29291	48443	77734
"2006.05.30"	"Iraq"	"Baghdad"	9	10	19	4879	6636	11515	29300	48453	77753
"2006.05.31"	"Iraq"	"Baghdad"	46	0	46	4925	6636	11561	29346	48453	77799
"2006.05.31"	"Iraq"	"Baghdad"	1	0	1	4926	6636	11562	29347	48453	77800
"2006.05.31"	"Iraq"	"Muqdadiya"	2	0	2	4928	6636	11564	29349	48453	77802
"2006.05.31"	"India"	"Dalgate"	1	36	37	4929	6672	11601	29350	48489	77839
"2006.05.31"	"India"	"Thal"	1	0	1	4930	6672	11602	29351	48489	77840
"2006.06.01"	"India"	"Budhal"	1	0	1	4931	6672	11603	29352	48489	77841
"2006.06.01"	"Kosovo"	"Zitkovac"	1	0	1	4932	6672	11604	29353	48489	77842
"2006.06.01"	"Iraq"	"Samarra"	1	4	5	4933	6676	11609	29354	48493	77847
"2006.06.01"	"Iraq"	"Baghdad"	6	21	27	4939	6697	11636	29360	48514	77874
"2006.06.02"	"India"	"Bhata"	1	0	1	4940	6697	11637	29361	48514	77875
"2006.06.02"	"Pakistan"	"Noor Gul"	2	1	3	4942	6698	11640	29363	48515	77878
"2006.06.02"	"Pakistan"	"Miran Shah"	4	7	11	4946	6705	11651	29367	48522	77889
"2006.06.02"	"Iraq"	"Baghdad"	7	61	68	4953	6766	11719	29374	48583	77957
"2006.06.02"	"Syria"	"Damascus"	1	0	1	4954	6766	11720	29375	48583	77958
"2006.06.02"	"Thailand"	"Yala"	1	0	1	4955	6766	11721	29376	48583	77959
"2006.06.02"	"Afghanistan"	"Azmarai"	3	0	3	4958	6766	11724	29379	48583	77962
"2006.06.02"	"Iraq"	"Khaldiya"	3	0	3	4961	6766	11727	29382	48583	77965
"2006.06.03"	"Iraq"	"Baquba"	9	2	11	4970	6768	11738	29391	48585	77976
"2006.06.03"	"Iraq"	"Baquba"	8	0	8	4978	6768	11746	29399	48585	77984
"2006.06.03"	"Iraq"	"Baghdad"	23	4	27	5001	6772	11773	29422	48589	78011
"2006.06.03"	"Iraq"	"Basra"	28	62	90	5029	6834	11863	29450	48651	78101
"2006.06.04"	"Pal. Auth."	"Gaza"	3	0	3	5032	6834	11866	29453	48651	78104
"2006.06.04"	"India"	"Rajouri"	1	0	1	5033	6834	11867	29454	48651	78105
"2006.06.04"	"Afghanistan"	"Kandahar"	4	13	17	5037	6847	11884	29458	48664	78122
"2006.06.04"	"Afghanistan"	"Paktika"	1	0	1	5038	6847	11885	29459	48664	78123
"2006.06.04"	"Iraq"	"Diyala"	21	1	22	5059	6848	11907	29480	48665	78145
"2006.06.04"	"Iraq"	"Baghdad"	19	2	21	5078	6850	11928	29499	48667	78166
"2006.06.04"	"Ingushetia"	"Nazran"	1	2	3	5079	6852	11931	29500	48669	78169
"2006.06.04"	"Pakistan"	"Shena Khowar"	2	3	5	5081	6855	11936	29502	48672	78174
"2006.06.04"	"Pal. Auth."	"Khan Younis"	1	2	3	5082	6857	11939	29503	48674	78177
"2006.06.05"	"Iraq"	"Suwayra"	4	0	4	5086	6857	11943	29507	48674	78181
"2006.06.06"	"Iraq"	"Baqubah"	9	0	9	5095	6857	11952	29516	48674	78190
"2006.06.06"	"Iraq"	"Baghdad"	5	7	12	5100	6864	11964	29521	48681	78202
"2006.06.06"	"Afghanistan"	"Khogyani"	2	2	4	5102	6866	11968	29523	48683	78206
"2006.06.06"	"Afghanistan"	"Oal a-I Oadzi"	3	8	11	5105	6874	11979	29526	48691	78217
"2006.06.07"	"India"	"Patnazi"	1	0	1	5106	6874	11980	29527	48691	78218
"2006.06.07"	"Iraq"	"Mosul"	6	0	6	5112	6874	11986	29533	48691	78224
"2006.06.07"	"Iraq"	"Baqubah"	2	0	2	5114	6874	11988	29535	48691	78226
"2006.06.07"	"Iraq"	"Baghdad"	11	5	16	5125	6879	12004	29546	48696	78242
"2006.06.08"	"Iraq"	"Baghdad"	15	23	38	5140	6902	12042	29561	48719	78280
"2006.06.08"	"Iraq"	"Kazimiyah"	6	15	21	5146	6917	12063	29567	48734	78301
"2006.06.08"	"Turkey"	"Istanbul"	1	0	1	5147	6917	12064	29568	48734	78302
"2006.06.08"	"Afghanistan"	"Balkh"	2	1	3	5149	6918	12067	29570	48735	78305
"2006.06.08"	"Afghanistan"	"Bala Buluk"	1	0	1	5150	6918	12068	29571	48735	78306
"2006.06.08"	"Thailand"	"Narathiwat"	5	3	8	5155	6921	12076	29576	48738	78314
"2006.06.08"	"Iraq"	"Baghdad"	19	50	69	5174	6971	12145	29595	48788	78383
"2006.06.08"	"Afghanistan"	"Ghazni"	3	1	4	5177	6972	12149	29598	48789	78387
"2006.06.08"	"Philippines"	"Patikul"	1	2	3	5178	6974	12152	29599	48791	78390
"2006.06.08"	"Afghanistan"	"Kandahar"	2	0	2	5180	6974	12154	29601	48791	78392
"2006.06.09"	"Pakistan"	"Wana"	1	4	5	5181	6978	12159	29602	48795	78397
"2006.06.09"	"Ingushetia"	"Ordzhonikidzevskaya"	6	0	6	5187	6978	12165	29608	48795	78403
"2006.06.09"	"Ingushetia"	"Karabulak"	1	0	1	5188	6978	12166	29609	48795	78404
"2006.06.10"	"Iraq"	"Baghdad"	9	41	50	5197	7019	12216	29618	48836	78454
"2006.06.10"	"Iraq"	"Khan Bani Saad"	2	0	2	5199	7019	12218	29620	48836	78456
"2006.06.11"	"Iraq"	"Baghdad"	6	42	48	5205	7061	12266	29626	48878	78504
"2006.06.11"	"Afghanistan"	"Kandahar"	4	0	4	5209	7061	12270	29630	48878	78508
"2006.06.11"	"Chechnya"	"Niki-Khita"	1	1	2	5210	7062	12272	29631	48879	78510
"2006.06.11"	"Iraq"	"Tikrit"	1	0	1	5211	7062	12273	29632	48879	78511
"2006.06.11"	"Iraq"	"Fallujah"	2	0	2	5213	7062	12275	29634	48879	78513
"2006.06.11"	"Thailand"	"Narathiwat"	1	0	1	5214	7062	12276	29635	48879	78514
"2006.06.11"	"Israel"	"Jerusalem"	1	4	5	5215	7066	12281	29636	48883	78519
"2006.06.11"	"Algeria"	"Skikda"	1	3	4	5216	7069	12285	29637	48886	78523
"2006.06.12"	"Iraq"	"Tal Afar"	4	43	47	5220	7112	12332	29641	48929	78570
"2006.06.12"	"Iraq"	"Baghdad"	5	19	24	5225	7131	12356	29646	48948	78594
"2006.06.12"	"Iraq"	"Balad"	2	26	28	5227	7157	12384	29648	48974	78622
"2006.06.12"	"Iraq"	"Suwayra"	9	0	9	5236	7157	12393	29657	48974	78631
"2006.06.12"	"India"	"Kulgam"	8	5	13	5244	7162	12406	29665	48979	78644
"2006.06.12"	"India"	"Budora"	1	0	1	5245	7162	12407	29666	48979	78645
"2006.06.12"	"India"	"Sopore"	3	0	3	5248	7162	12410	29669	48979	78648
"2006.06.12"	"Afghanistan"	"Paktia"	2	5	7	5250	7167	12417	29671	48984	78655
"2006.06.12"	"Afghanistan"	"Ghazni"	1	1	2	5251	7168	12419	29672	48985	78657
"2006.06.12"	"India"	"Jammu"	1	22	23	5252	7190	12442	29673	49007	78680
"2006.06.12"	"Iraq"	"Baghdad"	6	12	18	5258	7202	12460	29679	49019	78698
"2006.06.13"	"Iraq"	"Kirkuk"	22	43	65	5280	7245	12525	29701	49062	78763
"2006.06.13"	"Iraq"	"Baghdad"	7	0	7	5287	7245	12532	29708	49062	78770
"2006.06.13"	"India"	"Anantnag"	1	0	1	5288	7245	12533	29709	49062	78771
"2006.06.13"	"Algeria"	"Skikda"	1	3	4	5289	7248	12537	29710	49065	78775
"2006.06.14"	"India"	"Bandipore"	2	0	2	5291	7248	12539	29712	49065	78777
"2006.06.14"	"India"	"Sopore"	1	0	1	5292	7248	12540	29713	49065	78778
"2006.06.14"	"Pakistan"	"Thabi"	1	0	1	5293	7248	12541	29714	49065	78779
"2006.06.14"	"Iraq"	"Baghdad"	2	7	9	5295	7255	12550	29716	49072	78788
"2006.06.15"	"Algeria"	"Gouraya"	10	0	10	5305	7255	12560	29726	49072	78798
"2006.06.15"	"Pakistan"	"Hasilpur"	1	1	2	5306	7256	12562	29727	49073	78800
"2006.06.15"	"India"	"Dunga"	1	13	14	5307	7269	12576	29728	49086	78814
"2006.06.15"	"India"	"Srundoo"	1	0	1	5308	7269	12577	29729	49086	78815
"2006.06.15"	"Pakistan"	"Mir Ali"	1	0	1	5309	7269	12578	29730	49086	78816
"2006.06.15"	"Iraq"	"Tikrit"	4	15	19	5313	7284	12597	29734	49101	78835
"2006.06.15"	"Pakistan"	"Karachi"	5	6	11	5318	7290	12608	29739	49107	78846
"2006.06.15"	"Afghanistan"	"Kandahar"	10	16	26	5328	7306	12634	29749	49123	78872
"2006.06.15"	"Thailand"	"Pattani"	1	10	11	5329	7316	12645	29750	49133	78883
"2006.06.15"	"Thailand"	"Pattani"	1	6	7	5330	7322	12652	29751	49139	78890
"2006.06.15"	"Iraq"	"Baqubah"	10	2	12	5340	7324	12664	29761	49141	78902
"2006.06.16"	"India"	"Bandipore"	2	3	5	5342	7327	12669	29763	49144	78907
"2006.06.16"	"India"	"Kashmir"	2	0	2	5344	7327	12671	29765	49144	78909
"2006.06.16"	"Pakistan"	"Muzzafargarh"	1	0	1	5345	7327	12672	29766	49144	78910
"2006.06.16"	"Iraq"	"Baghdad"	11	25	36	5356	7352	12708	29777	49169	78946
"2006.06.16"	"Pakistan"	"Orakzai"	4	0	4	5360	7352	12712	29781	49169	78950
"2006.06.16"	"Iraq"	"Fallujah"	5	0	5	5365	7352	12717	29786	49169	78955
"2006.06.16"	"Iraq"	"Yusifiyah"	3	0	3	5368	7352	12720	29789	49169	78958
"2006.06.16"	"Iraq"	"Baghdad"	3	16	19	5371	7368	12739	29792	49185	78977
"2006.06.16"	"USA"	"Baltimore"	1	0	1	5372	7368	12740	29793	49185	78978
"2006.06.17"	"Thailand"	"Yala"	1	2	3	5373	7370	12743	29794	49187	78981
"2006.06.17"	"Iraq"	"Baghdad"	23	52	75	5396	7422	12818	29817	49239	79056
"2006.06.17"	"Iraq"	"Baghdad"	3	14	17	5399	7436	12835	29820	49253	79073
"2006.06.17"	"Iraq"	"Baghdad"	8	37	45	5407	7473	12880	29828	49290	79118
"2006.06.18"	"Thailand"	"Narathiwat"	1	0	1	5408	7473	12881	29829	49290	79119
"2006.06.18"	"Afghanistan"	"Helmand"	32	14	46	5440	7487	12927	29861	49304	79165
"2006.06.18"	"Thailand"	"Pattani"	1	2	3	5441	7489	12930	29862	49306	79168
"2006.06.18"	"Iraq"	"Mosul"	1	19	20	5442	7508	12950	29863	49325	79188
"2006.06.18"	"Iraq"	"Baqubah"	13	0	13	5455	7508	12963	29876	49325	79201
"2006.06.19"	"Afghanistan"	"Kandahar"	4	0	4	5459	7508	12967	29880	49325	79205
"2006.06.19"	"India"	"Tangmarg"	1	0	1	5460	7508	12968	29881	49325	79206
"2006.06.19"	"Pakistan"	"Wana"	1	0	1	5461	7508	12969	29882	49325	79207
"2006.06.19"	"Iraq"	"Baghdad"	7	13	20	5468	7521	12989	29889	49338	79227
"2006.06.20"	"Iraq"	"Basra"	2	3	5	5470	7524	12994	29891	49341	79232
"2006.06.20"	"Iraq"	"Suwayra"	7	0	7	5477	7524	13001	29898	49341	79239
"2006.06.20"	"Iraq"	"Baghdad"	2	18	20	5479	7542	13021	29900	49359	79259
"2006.06.20"	"India"	"Aaora Missipora"	1	0	1	5480	7542	13022	29901	49359	79260
"2006.06.20"	"Algeria"	"Blida"	5	0	5	5485	7542	13027	29906	49359	79265
"2006.06.21"	"Pakistan"	"Bannu"	3	1	4	5488	7543	13031	29909	49360	79269
"2006.06.21"	"Afghanistan"	"Kandahar"	1	7	8	5489	7550	13039	29910	49367	79277
"2006.06.21"	"Algeria"	"Bouira"	6	3	9	5495	7553	13048	29916	49370	79286
"2006.06.21"	"Dagestan"	"Khasavyurt"	2	0	2	5497	7553	13050	29918	49370	79288
"2006.06.21"	"Iraq"	"Baghdad"	4	6	10	5501	7559	13060	29922	49376	79298
"2006.06.22"	"India"	"Rajpura"	1	0	1	5502	7559	13061	29923	49376	79299
"2006.06.22"	"India"	"Sopore"	2	20	22	5504	7579	13083	29925	49396	79321
"2006.06.22"	"Iraq"	"Hawija"	1	0	1	5505	7579	13084	29926	49396	79322
"2006.06.23"	"Iraq"	"Basra"	5	15	20	5510	7594	13104	29931	49411	79342
"2006.06.23"	"Iraq"	"Baghdad"	5	0	5	5515	7594	13109	29936	49411	79347
"2006.06.23"	"Somalia"	"Mogadishu"	1	0	1	5516	7594	13110	29937	49411	79348
"2006.06.23"	"India"	"Lal Chowk"	1	0	1	5517	7594	13111	29938	49411	79349
"2006.06.23"	"Iraq"	"Hibhib"	10	15	25	5527	7609	13136	29948	49426	79374
"2006.06.23"	"Afghanistan"	"Zabul"	4	0	4	5531	7609	13140	29952	49426	79378
"2006.06.23"	"Philippines"	"Shariff Aguak"	6	9	15	5537	7618	13155	29958	49435	79393
"2006.06.24"	"Afghanistan"	"Khost"	1	0	1	5538	7618	13156	29959	49435	79394
"2006.06.24"	"Iraq"	"Suwayra"	1	0	1	5539	7618	13157	29960	49435	79395
"2006.06.24"	"Iraq"	"Baqubah"	14	5	19	5553	7623	13176	29974	49440	79414
"2006.06.24"	"India"	"Srinigar"	1	9	10	5554	7632	13186	29975	49449	79424
"2006.06.24"	"India"	"Palhalan"	1	1	2	5555	7633	13188	29976	49450	79426
"2006.06.25"	"Israel"	"Ramallah"	1	0	1	5556	7633	13189	29977	49450	79427
"2006.06.25"	"Iraq"	"Baghdad"	5	22	27	5561	7655	13216	29982	49472	79454
"2006.06.25"	"Iraq"	"Baghdad"	3	0	3	5564	7655	13219	29985	49472	79457
"2006.06.25"	"India"	"Tral"	1	0	1	5565	7655	13220	29986	49472	79458
"2006.06.25"	"Pakistan"	"Karachi"	2	0	2	5567	7655	13222	29988	49472	79460
"2006.06.25"	"Iraq"	"Hawija"	3	0	3	5570	7655	13225	29991	49472	79463
"2006.06.25"	"USA"	"Denver"	1	5	6	5571	7660	13231	29992	49477	79469
"2006.06.25"	"Israel"	"Kerem Shalom"	2	3	5	5573	7663	13236	29994	49480	79474
"2006.06.26"	"Pakistan"	"Guldar"	5	0	5	5578	7663	13241	29999	49480	79479
"2006.06.26"	"India"	"Baramulla"	2	0	2	5580	7663	13243	30001	49480	79481
"2006.06.26"	"Pakistan"	"Karachi"	1	0	1	5581	7663	13244	30002	49480	79482
"2006.06.26"	"Pakistan"	"North Waziristan"	6	5	11	5587	7668	13255	30008	49485	79493
"2006.06.26"	"Iraq"	"Baqubah"	18	25	43	5605	7693	13298	30026	49510	79536
"2006.06.26"	"Iraq"	"Hilla"	6	56	62	5611	7749	13360	30032	49566	79598
"2006.06.26"	"India"	"Bandipore"	3	0	3	5614	7749	13363	30035	49566	79601
"2006.06.27"	"Iraq"	"Baghdad"	3	10	13	5617	7759	13376	30038	49576	79614
"2006.06.27"	"Afghanistan"	"Kunduz"	2	8	10	5619	7767	13386	30040	49584	79624
"2006.06.27"	"Somalia"	"Lafole"	6	0	6	5625	7767	13392	30046	49584	79630
"2006.06.27"	"Thailand"	"Yala"	1	0	1	5626	7767	13393	30047	49584	79631
"2006.06.27"	"India"	"Rajpora"	2	0	2	5628	7767	13395	30049	49584	79633
"2006.06.27"	"Thailand"	"Yala"	5	1	6	5633	7768	13401	30054	49585	79639
"2006.06.27"	"Thailand"	"Narathiwat"	2	0	2	5635	7768	13403	30056	49585	79641
"2006.06.27"	"Iraq"	"Kirkuk"	3	21	24	5638	7789	13427	30059	49606	79665
"2006.06.27"	"Iraq"	"Baghdad"	3	3	6	5641	7792	13433	30062	49609	79671
"2006.06.28"	"Iraq"	"Baqubah"	3	12	15	5644	7804	13448	30065	49621	79686
"2006.06.28"	"Philippines"	"Maguindanao"	1	2	3	5645	7806	13451	30066	49623	79689
"2006.06.28"	"Nigeria"	"Izom"	1	0	1	5646	7806	13452	30067	49623	79690
"2006.06.28"	"Thailand"	"Narathiwat"	1	5	6	5647	7811	13458	30068	49628	79696
"2006.06.29"	"Algeria"	"Albalouta"	2	11	13	5649	7822	13471	30070	49639	79709
"2006.06.29"	"India"	"Kashmir"	2	0	2	5651	7822	13473	30072	49639	79711
"2006.06.29"	"Iraq"	"Hilla"	14	0	14	5665	7822	13487	30086	49639	79725
"2006.06.29"	"Iraq"	"Kirkuk"	4	27	31	5669	7849	13518	30090	49666	79756
"2006.06.29"	"Iraq"	"Baghdad"	8	4	12	5677	7853	13530	30098	49670	79768
"2006.06.29"	"Iraq"	"Kirkuk"	2	0	2	5679	7853	13532	30100	49670	79770
"2006.06.30"	"Pakistan"	"Spinkai Raghzai"	1	3	4	5680	7856	13536	30101	49673	79774
"2006.06.30"	"Pakistan"	"Ipi"	1	0	1	5681	7856	13537	30102	49673	79775
"2006.06.30"	"Iraq"	"Baghdad"	7	0	7	5688	7856	13544	30109	49673	79782
"2006.06.30"	"Pakistan"	"Gadi Wind"	1	0	1	5689	7856	13545	30110	49673	79783
"2006.07.01"	"Thailand"	"Narathiwat"	1	0	1	5690	7856	13546	30111	49673	79784
"2006.07.01"	"Afghanistan"	"Sangin"	3	4	7	5693	7860	13553	30114	49677	79791
"2006.07.01"	"Thailand"	"Yala"	1	0	1	5694	7860	13554	30115	49677	79792
"2006.07.01"	"Iraq"	"Haditha"	5	12	17	5699	7872	13571	30120	49689	79809
"2006.07.01"	"Iraq"	"Mosul"	2	6	8	5701	7878	13579	30122	49695	79817
"2006.07.01"	"Iraq"	"Baghdad"	62	114	176	5763	7992	13755	30184	49809	79993
"2006.07.02"	"Pakistan"	"Lower Dir"	6	7	13	5769	7999	13768	30190	49816	80006
"2006.07.02"	"Iraq"	"Baqubah"	2	3	5	5771	8002	13773	30192	49819	80011
"2006.07.02"	"Iraq"	"Baghdad"	3	29	32	5774	8031	13805	30195	49848	80043
"2006.07.02"	"Pakistan"	"Ningolai"	2	0	2	5776	8031	13807	30197	49848	80045
"2006.07.02"	"India"	"Mumbai"	1	0	1	5777	8031	13808	30198	49848	80046
"2006.07.03"	"Iraq"	"Diwaniya"	3	0	3	5780	8031	13811	30201	49848	80049
"2006.07.03"	"Iraq"	"Mosul"	5	28	33	5785	8059	13844	30206	49876	80082
"2006.07.03"	"Afghanistan"	"Herat"	1	6	7	5786	8065	13851	30207	49882	80089
"2006.07.03"	"Afghanistan"	"Kunar"	5	1	6	5791	8066	13857	30212	49883	80095
"2006.07.03"	"Afghanistan"	"Kandahar"	1	6	7	5792	8072	13864	30213	49889	80102
"2006.07.03"	"Iraq"	"Hawija"	1	0	1	5793	8072	13865	30214	49889	80103
"2006.07.03"	"India"	"Poonch"	1	0	1	5794	8072	13866	30215	49889	80104
"2006.07.04"	"Somalia"	"Mogadishu"	2	0	2	5796	8072	13868	30217	49889	80106
"2006.07.04"	"India"	"Sarharda"	1	0	1	5797	8072	13869	30218	49889	80107
"2006.07.04"	"Philippines"	"Patikul"	2	0	2	5799	8072	13871	30220	49889	80109
"2006.07.04"	"Iraq"	"Karbala"	6	0	6	5805	8072	13877	30226	49889	80115
"2006.07.04"	"Chechnya"	"Avtury"	6	14	20	5811	8086	13897	30232	49903	80135
"2006.07.04"	"Turkey"	"Gaziantep"	1	0	1	5812	8086	13898	30233	49903	80136
"2006.07.05"	"Nigeria"	"Kumutu"	3	30	33	5815	8116	13931	30236	49933	80169
"2006.07.05"	"Thailand"	"Yala"	1	0	1	5816	8116	13932	30237	49933	80170
"2006.07.05"	"Iraq"	"Baghdad"	2	10	12	5818	8126	13944	30239	49943	80182
"2006.07.05"	"Afghanistan"	"Kabul"	1	47	48	5819	8173	13992	30240	49990	80230
"2006.07.06"	"Iraq"	"Kufa"	13	41	54	5832	8214	14046	30253	50031	80284
"2006.07.07"	"Iraq"	"Khadimiyah"	4	38	42	5836	8252	14088	30257	50069	80326
"2006.07.07"	"Iraq"	"Baghdad"	3	30	33	5839	8282	14121	30260	50099	80359
"2006.07.07"	"Iraq"	"Tal Banat"	6	46	52	5845	8328	14173	30266	50145	80411
"2006.07.07"	"Iraq"	"Baghdad"	5	9	14	5850	8337	14187	30271	50154	80425
"2006.07.08"	"Ingushetia"	"Sunzhensky"	2	1	3	5852	8338	14190	30273	50155	80428
"2006.07.08"	"India"	"Kulgam"	5	32	37	5857	8370	14227	30278	50187	80465
"2006.07.08"	"Chechnya"	"Shelkovskaya"	4	2	6	5861	8372	14233	30282	50189	80471
"2006.07.08"	"Iraq"	"Baghdad"	13	14	27	5874	8386	14260	30295	50203	80498
"2006.07.09"	"Kyrgyzstan"	"Jalal-Abad"	1	3	4	5875	8389	14264	30296	50206	80502
"2006.07.09"	"Thailand"	"Narathiwat"	1	0	1	5876	8389	14265	30297	50206	80503
"2006.07.09"	"Somalia"	"Mogadishu"	19	20	39	5895	8409	14304	30316	50226	80542
"2006.07.09"	"Iraq"	"Baghdad"	41	0	41	5936	8409	14345	30357	50226	80583
"2006.07.09"	"Iraq"	"Baghdad"	19	59	78	5955	8468	14423	30376	50285	80661
"2006.07.10"	"Pakistan"	"Malir"	1	0	1	5956	8468	14424	30377	50285	80662
"2006.07.10"	"Iraq"	"Baghdad"	6	28	34	5962	8496	14458	30383	50313	80696
"2006.07.10"	"Iraq"	"Kirkuk"	3	8	11	5965	8504	14469	30386	50321	80707
"2006.07.10"	"Iraq"	"Suwayra"	5	0	5	5970	8504	14474	30391	50321	80712
"2006.07.10"	"Algeria"	"Tipaza"	6	4	10	5976	8508	14484	30397	50325	80722
"2006.07.10"	"Pakistan"	"Babara"	2	0	2	5978	8508	14486	30399	50325	80724
"2006.07.11"	"Iraq"	"Baghdad"	15	13	28	5993	8521	14514	30414	50338	80752
"2006.07.11"	"India"	"Mumbai"	209	714	923	6202	9235	15437	30623	51052	81675
"2006.07.11"	"Somalia"	"Mogadishu"	140	150	290	6342	9385	15727	30763	51202	81965
"2006.07.11"	"India"	"Srinagar"	9	43	52	6351	9428	15779	30772	51245	82017
"2006.07.11"	"Iraq"	"Baqubah"	19	0	19	6370	9428	15798	30791	51245	82036
"2006.07.11"	"Iraq"	"Baghdad"	23	15	38	6393	9443	15836	30814	51260	82074
"2006.07.12"	"Somalia"	"Jowhar"	1	0	1	6394	9443	15837	30815	51260	82075
"2006.07.12"	"Iraq"	"Tikrit"	2	0	2	6396	9443	15839	30817	51260	82077
"2006.07.12"	"Afghanistan"	"Khost"	1	5	6	6397	9448	15845	30818	51265	82083
"2006.07.12"	"Israel"	"Lebanese Border"	7	2	9	6404	9450	15854	30825	51267	82092
"2006.07.12"	"Afghanistan"	"Zabul"	3	0	3	6407	9450	15857	30828	51267	82095
"2006.07.12"	"Iraq"	"Baghdad"	7	20	27	6414	9470	15884	30835	51287	82122
"2006.07.12"	"Iraq"	"Muqdadiya"	20	0	20	6434	9470	15904	30855	51287	82142
"2006.07.12"	"Afghanistan"	"Spin Boldak"	2	8	10	6436	9478	15914	30857	51295	82152
"2006.07.12"	"Thailand"	"Narathiwat"	1	0	1	6437	9478	15915	30858	51295	82153
"2006.07.13"	"Israel"	"Safed"	1	21	22	6438	9499	15937	30859	51316	82175
"2006.07.13"	"Iraq"	"Mosul"	5	5	10	6443	9504	15947	30864	51321	82185
"2006.07.13"	"India"	"Magnar"	4	2	6	6447	9506	15953	30868	51323	82191
"2006.07.13"	"Israel"	"Nahariya"	1	29	30	6448	9535	15983	30869	51352	82221
"2006.07.13"	"Thailand"	"Narathiwat"	1	6	7	6449	9541	15990	30870	51358	82228
"2006.07.13"	"Iraq"	"Kirkuk"	3	5	8	6452	9546	15998	30873	51363	82236
"2006.07.14"	"Philippines"	"Zamboanga"	2	1	3	6454	9547	16001	30875	51364	82239
"2006.07.14"	"Pakistan"	"Karachi"	3	1	4	6457	9548	16005	30878	51365	82243
"2006.07.14"	"Iraq"	"Baghdad"	7	5	12	6464	9553	16017	30885	51370	82255
"2006.07.14"	"Thailand"	"Yala"	1	0	1	6465	9553	16018	30886	51370	82256
"2006.07.14"	"Israel"	"Meron"	2	3	5	6467	9556	16023	30888	51373	82261
"2006.07.15"	"India"	"Hilltak"	2	0	2	6469	9556	16025	30890	51373	82263
"2006.07.15"	"Iraq"	"Kirkuk"	1	2	3	6470	9558	16028	30891	51375	82266
"2006.07.15"	"Iraq"	"Baghdad"	5	4	9	6475	9562	16037	30896	51379	82275
"2006.07.15"	"India"	"Ganderbal"	2	3	5	6477	9565	16042	30898	51382	82280
"2006.07.16"	"India"	"Darhal"	2	0	2	6479	9565	16044	30900	51382	82282
"2006.07.16"	"Iraq"	"Baghdad"	26	22	48	6505	9587	16092	30926	51404	82330
"2006.07.16"	"Thailand"	"Pattani"	1	0	1	6506	9587	16093	30927	51404	82331
"2006.07.16"	"Thailand"	"Pattani"	1	0	1	6507	9587	16094	30928	51404	82332
"2006.07.16"	"Thailand"	"Pattani"	1	0	1	6508	9587	16095	30929	51404	82333
"2006.07.16"	"Thailand"	"Pattani"	1	0	1	6509	9587	16096	30930	51404	82334
"2006.07.16"	"Israel"	"Haifa"	8	17	25	6517	9604	16121	30938	51421	82359
"2006.07.16"	"Iraq"	"Kirkuk"	2	0	2	6519	9604	16123	30940	51421	82361
"2006.07.16"	"Iraq"	"Baghdad"	6	40	46	6525	9644	16169	30946	51461	82407
"2006.07.16"	"Iraq"	"Mosul"	6	0	6	6531	9644	16175	30952	51461	82413
"2006.07.16"	"Iraq"	"Muqdadiyah"	3	0	3	6534	9644	16178	30955	51461	82416
"2006.07.17"	"Pakistan"	"Torghundai"	1	0	1	6535	9644	16179	30956	51461	82417
"2006.07.17"	"Iraq"	"Mahmoudiya"	12	0	12	6547	9644	16191	30968	51461	82429
"2006.07.17"	"Chechnya"	"Grozny"	2	1	3	6549	9645	16194	30970	51462	82432
"2006.07.17"	"Chechnya"	"Grozny"	2	0	2	6551	9645	16196	30972	51462	82434
"2006.07.17"	"Iraq"	"Mahmoudiya"	41	90	131	6592	9735	16327	31013	51552	82565
"2006.07.17"	"Israel"	"Nablus"	1	6	7	6593	9741	16334	31014	51558	82572
"2006.07.17"	"India"	"Poonch"	1	0	1	6594	9741	16335	31015	51558	82573
"2006.07.17"	"Afghanistan"	"Gardez"	5	22	27	6599	9763	16362	31020	51580	82600
"2006.07.18"	"Algeria"	"Ain Defla"	4	0	4	6603	9763	16366	31024	51580	82604
"2006.07.18"	"India"	"Mahore"	1	0	1	6604	9763	16367	31025	51580	82605
"2006.07.18"	"Philippines"	"Maimbung"	1	2	3	6605	9765	16370	31026	51582	82608
"2006.07.18"	"Iraq"	"Kufa"	59	132	191	6664	9897	16561	31085	51714	82799
"2006.07.18"	"Iraq"	"Tikrit"	2	0	2	6666	9897	16563	31087	51714	82801
"2006.07.18"	"Iraq"	"Haditha"	3	0	3	6669	9897	16566	31090	51714	82804
"2006.07.18"	"Israel"	"Nahariya"	1	60	61	6670	9957	16627	31091	51774	82865
"2006.07.18"	"Iraq"	"Mahmudiya"	14	0	14	6684	9957	16641	31105	51774	82879
"2006.07.18"	"Iraq"	"Mosul"	4	2	6	6688	9959	16647	31109	51776	82885
"2006.07.18"	"India"	"Kulgam"	1	0	1	6689	9959	16648	31110	51776	82886
"2006.07.19"	"India"	"Palhalan Pattan"	1	0	1	6690	9959	16649	31111	51776	82887
"2006.07.19"	"Iraq"	"Kirkuk"	4	16	20	6694	9975	16669	31115	51792	82907
"2006.07.19"	"Iraq"	"Baghdad"	12	29	41	6706	10004	16710	31127	51821	82948
"2006.07.19"	"Iraq"	"Mahmudiya"	24	0	24	6730	10004	16734	31151	51821	82972
"2006.07.19"	"Iraq"	"Rasheed"	3	11	14	6733	10015	16748	31154	51832	82986
"2006.07.19"	"Israel"	"Nazareth"	2	9	11	6735	10024	16759	31156	51841	82997
"2006.07.20"	"Iraq"	"Fallujah"	9	13	22	6744	10037	16781	31165	51854	83019
"2006.07.20"	"Iraq"	"Muqdadiya"	7	0	7	6751	10037	16788	31172	51854	83026
"2006.07.20"	"Iraq"	"Kirkuk"	4	20	24	6755	10057	16812	31176	51874	83050
"2006.07.20"	"Iraq"	"Baghdad"	8	31	39	6763	10088	16851	31184	51905	83089
"2006.07.20"	"Iraq"	"Baiju"	3	0	3	6766	10088	16854	31187	51905	83092
"2006.07.20"	"Iraq"	"Beiji"	12	0	12	6778	10088	16866	31199	51905	83104
"2006.07.20"	"India"	"Vehil Nowgam"	1	0	1	6779	10088	16867	31200	51905	83105
"2006.07.20"	"Thailand"	"Yala"	1	0	1	6780	10088	16868	31201	51905	83106
"2006.07.20"	"Thailand"	"Pattani"	3	1	4	6783	10089	16872	31204	51906	83110
"2006.07.20"	"Iraq"	"Basra"	4	5	9	6787	10094	16881	31208	51911	83119
"2006.07.21"	"Iraq"	"Baghdad"	38	0	38	6825	10094	16919	31246	51911	83157
"2006.07.22"	"Iraq"	"Baghdad"	7	1	8	6832	10095	16927	31253	51912	83165
"2006.07.22"	"Iraq"	"Baqubah"	7	0	7	6839	10095	16934	31260	51912	83172
"2006.07.22"	"Afghanistan"	"Kandahar"	2	8	10	6841	10103	16944	31262	51920	83182
"2006.07.22"	"Afghanistan"	"Kandahar"	6	20	26	6847	10123	16970	31268	51940	83208
"2006.07.23"	"India"	"Larkipora"	1	0	1	6848	10123	16971	31269	51940	83209
"2006.07.23"	"India"	"Mawar Handwara"	2	1	3	6850	10124	16974	31271	51941	83212
"2006.07.23"	"Thailand"	"Pattani"	1	3	4	6851	10127	16978	31272	51944	83216
"2006.07.23"	"Afghanistan"	"Yaqubi"	3	2	5	6854	10129	16983	31275	51946	83221
"2006.07.23"	"Afghanistan"	"Khost"	1	3	4	6855	10132	16987	31276	51949	83225
"2006.07.23"	"India"	"Chatroo"	1	1	2	6856	10133	16989	31277	51950	83227
"2006.07.23"	"Afghanistan"	"Charsada"	2	0	2	6858	10133	16991	31279	51950	83229
"2006.07.23"	"Israel"	"Haifa"	2	14	16	6860	10147	17007	31281	51964	83245
"2006.07.23"	"Iraq"	"Baghdad"	42	94	136	6902	10241	17143	31323	52058	83381
"2006.07.23"	"Iraq"	"Kirkuk"	22	159	181	6924	10400	17324	31345	52217	83562
"2006.07.24"	"Thailand"	"Narathiwat"	1	0	1	6925	10400	17325	31346	52217	83563
"2006.07.24"	"Iraq"	"Mosul"	10	4	14	6935	10404	17339	31356	52221	83577
"2006.07.25"	"Iraq"	"Karbala"	3	0	3	6938	10404	17342	31359	52221	83580
"2006.07.25"	"Thailand"	"Pattani"	1	0	1	6939	10404	17343	31360	52221	83581
"2006.07.25"	"Thailand"	"Narathiwat"	1	0	1	6940	10404	17344	31361	52221	83582
"2006.07.25"	"Afghanistan"	"Kabul"	2	4	6	6942	10408	17350	31363	52225	83588
"2006.07.25"	"Israel"	"Kfar Mrar"	1	48	49	6943	10456	17399	31364	52273	83637
"2006.07.25"	"Iraq"	"Baghdad"	25	0	25	6968	10456	17424	31389	52273	83662
"2006.07.25"	"Iraq"	"Baqubah"	5	0	5	6973	10456	17429	31394	52273	83667
"2006.07.26"	"India"	"Renipora"	3	0	3	6976	10456	17432	31397	52273	83670
"2006.07.26"	"India"	"Sajan"	1	0	1	6977	10456	17433	31398	52273	83671
"2006.07.26"	"Afghanistan"	"Zabul"	1	8	9	6978	10464	17442	31399	52281	83680
"2006.07.26"	"Afghanistan"	"Kandahar"	4	0	4	6982	10464	17446	31403	52281	83684
"2006.07.27"	"Israel"	"Abus"	1	0	1	6983	10464	17447	31404	52281	83685
"2006.07.27"	"Iraq"	"Baghdad"	19	0	19	7002	10464	17466	31423	52281	83704
"2006.07.27"	"Iraq"	"Baghdad"	32	101	133	7034	10565	17599	31455	52382	83837
"2006.07.27"	"India"	"Doda"	1	6	7	7035	10571	17606	31456	52388	83844
"2006.07.28"	"Somalia"	"Mogadishu"	1	0	1	7036	10571	17607	31457	52388	83845
"2006.07.28"	"USA"	"Seattle"	1	5	6	7037	10576	17613	31458	52393	83851
"2006.07.28"	"Iraq"	"Baghdad"	4	6	10	7041	10582	17623	31462	52399	83861
"2006.07.28"	"Afghanistan"	"Tagab"	1	11	12	7042	10593	17635	31463	52410	83873
"2006.07.28"	"Ingushetia"	"Nazran"	2	0	2	7044	10593	17637	31465	52410	83875
"2006.07.28"	"Jordan"	"Amman"	1	0	1	7045	10593	17638	31466	52410	83876
"2006.07.29"	"Iraq"	"Suwayra"	2	0	2	7047	10593	17640	31468	52410	83878
"2006.07.29"	"Iraq"	"Kirkuk"	3	15	18	7050	10608	17658	31471	52425	83896
"2006.07.30"	"Iraq"	"al-Rasheed"	23	0	23	7073	10608	17681	31494	52425	83919
"2006.07.30"	"Iraq"	"Iskandariya"	4	11	15	7077	10619	17696	31498	52436	83934
"2006.07.30"	"Iraq"	"Baghdad"	15	0	15	7092	10619	17711	31513	52436	83949
"2006.07.30"	"Thailand"	"Yala"	1	1	2	7093	10620	17713	31514	52437	83951
"2006.07.30"	"Thailand"	"Narathiwat"	1	0	1	7094	10620	17714	31515	52437	83952
"2006.07.31"	"India"	"Kangan"	1	0	1	7095	10620	17715	31516	52437	83953
"2006.07.31"	"Afghanistan"	"Farmay Adha"	8	16	24	7103	10636	17739	31524	52453	83977
"2006.08.01"	"Iraq"	"Baghdad"	56	91	147	7159	10727	17886	31580	52544	84124
"2006.08.01"	"Afghanistan"	"Helmand"	3	1	4	7162	10728	17890	31583	52545	84128
"2006.08.01"	"India"	"Srinagar"	4	2	6	7166	10730	17896	31587	52547	84134
"2006.08.02"	"Iraq"	"Baghdad"	12	14	26	7178	10744	17922	31599	52561	84160
"2006.08.02"	"Iraq"	"Beiji"	24	0	24	7202	10744	17946	31623	52561	84184
"2006.08.02"	"Iraq"	"Baghdad"	14	37	51	7216	10781	17997	31637	52598	84235
"2006.08.02"	"Thailand"	"Pattani"	1	0	1	7217	10781	17998	31638	52598	84236
"2006.08.02"	"Thailand"	"Songkhla"	3	1	4	7220	10782	18002	31641	52599	84240
"2006.08.02"	"Iraq"	"Suwayra"	11	0	11	7231	10782	18013	31652	52599	84251
"2006.08.02"	"Iraq"	"Diwaniya"	1	0	1	7232	10782	18014	31653	52599	84252
"2006.08.02"	"Iraq"	"Baghdad"	3	9	12	7235	10791	18026	31656	52608	84264
"2006.08.02"	"Israel"	"Nahariya"	1	0	1	7236	10791	18027	31657	52608	84265
"2006.08.03"	"Tajikistan"	"Dushanbe"	1	0	1	7237	10791	18028	31658	52608	84266
"2006.08.03"	"Thailand"	"Narathiwat"	1	1	2	7238	10792	18030	31659	52609	84268
"2006.08.03"	"Afghanistan"	"Kandahar"	21	13	34	7259	10805	18064	31680	52622	84302
"2006.08.03"	"Iraq"	"Mussayab"	3	22	25	7262	10827	18089	31683	52644	84327
"2006.08.03"	"Iraq"	"Wajihiya"	4	0	4	7266	10827	18093	31687	52644	84331
"2006.08.03"	"Iraq"	"Bahgdad"	10	32	42	7276	10859	18135	31697	52676	84373
"2006.08.03"	"Israel"	"Acre"	5	92	97	7281	10951	18232	31702	52768	84470
"2006.08.03"	"Israel"	"Ma'a lot"	3	0	3	7284	10951	18235	31705	52768	84473
"2006.08.04"	"Iraq"	"Hadhar"	10	12	22	7294	10963	18257	31715	52780	84495
"2006.08.04"	"Iraq"	"Ubaydi"	3	9	12	7297	10972	18269	31718	52789	84507
"2006.08.04"	"Israel"	"Mughar"	1	2	3	7298	10974	18272	31719	52791	84510
"2006.08.04"	"Israel"	"Karmiel"	2	82	84	7300	11056	18356	31721	52873	84594
"2006.08.04"	"Afghanistan"	"Kandahar"	2	2	4	7302	11058	18360	31723	52875	84598
"2006.08.04"	"Iraq"	"Kut"	7	0	7	7309	11058	18367	31730	52875	84605
"2006.08.04"	"Iraq"	"Dujail"	4	8	12	7313	11066	18379	31734	52883	84617
"2006.08.05"	"Israel"	"al-Aramshe"	3	4	7	7316	11070	18386	31737	52887	84624
"2006.08.05"	"India"	"Poonch"	1	0	1	7317	11070	18387	31738	52887	84625
"2006.08.05"	"Iraq"	"Baghdad"	9	0	9	7326	11070	18396	31747	52887	84634
"2006.08.06"	"Thailand"	"Pattani"	1	0	1	7327	11070	18397	31748	52887	84635
"2006.08.06"	"Thailand"	"Tala"	1	0	1	7328	11070	18398	31749	52887	84636
"2006.08.06"	"India"	"Sopore"	1	17	18	7329	11087	18416	31750	52904	84654
"2006.08.06"	"Iraq"	"Baghdad"	16	0	16	7345	11087	18432	31766	52904	84670
"2006.08.06"	"Israel"	"Kfar Giladi"	12	14	26	7357	11101	18458	31778	52918	84696
"2006.08.06"	"Israel"	"Haifa"	3	189	192	7360	11290	18650	31781	53107	84888
"2006.08.06"	"Iraq"	"Tikrit"	15	22	37	7375	11312	18687	31796	53129	84925
"2006.08.07"	"India"	"Donipawa"	1	0	1	7376	11312	18688	31797	53129	84926
"2006.08.07"	"Pakistan"	"Garhiyoum"	1	0	1	7377	11312	18689	31798	53129	84927
"2006.08.07"	"Iraq"	"Baqubah"	6	15	21	7383	11327	18710	31804	53144	84948
"2006.08.07"	"Iraq"	"Khalis"	4	7	11	7387	11334	18721	31808	53151	84959
"2006.08.07"	"Iraq"	"Fallujah"	6	2	8	7393	11336	18729	31814	53153	84967
"2006.08.07"	"Russia"	"Karachaevsk"	1	0	1	7394	11336	18730	31815	53153	84968
"2006.08.07"	"Afghanistan"	"Daigh"	2	0	2	7396	11336	18732	31817	53153	84970
"2006.08.08"	"Thailand"	"Yala"	1	0	1	7397	11336	18733	31818	53153	84971
"2006.08.08"	"Iraq"	"Baqubah"	5	20	25	7402	11356	18758	31823	53173	84996
"2006.08.08"	"Iraq"	"Muqdadiya"	3	0	3	7405	11356	18761	31826	53173	84999
"2006.08.08"	"Iraq"	"Baghdad"	15	0	15	7420	11356	18776	31841	53173	85014
"2006.08.08"	"Iraq"	"Baghdad"	10	69	79	7430	11425	18855	31851	53242	85093
"2006.08.08"	"Dagestan"	"Makhachkala"	3	0	3	7433	11425	18858	31854	53242	85096
"2006.08.09"	"Ingushetia"	"Nazran"	1	13	14	7434	11438	18872	31855	53255	85110
"2006.08.09"	"Iraq"	"Baghdad"	18	2	20	7452	11440	18892	31873	53257	85130
"2006.08.09"	"Pakistan"	"Angoor Adda"	1	0	1	7453	11440	18893	31874	53257	85131
"2006.08.09"	"Thailand"	"Yala"	1	0	1	7454	11440	18894	31875	53257	85132
"2006.08.10"	"Israel"	"Jerusalem"	1	0	1	7455	11440	18895	31876	53257	85133
"2006.08.10"	"Israel"	"Dir el-Asad"	2	11	13	7457	11451	18908	31878	53268	85146
"2006.08.10"	"Israel"	"Karmiel"	1	0	1	7458	11451	18909	31879	53268	85147
"2006.08.10"	"Philippines"	"North Cotabato"	1	5	6	7459	11456	18915	31880	53273	85153
"2006.08.10"	"India"	"Pattan"	1	2	3	7460	11458	18918	31881	53275	85156
"2006.08.10"	"Iraq"	"Najaf"	35	122	157	7495	11580	19075	31916	53397	85313
"2006.08.11"	"Afghanistan"	"Ghazni"	1	0	1	7496	11580	19076	31917	53397	85314
"2006.08.11"	"Afghanistan"	"Ghazni"	2	1	3	7498	11581	19079	31919	53398	85317
"2006.08.11"	"Afghanistan"	"Spin Boldak"	1	0	1	7499	11581	19080	31920	53398	85318
"2006.08.11"	"Iraq"	"Baghdad"	6	0	6	7505	11581	19086	31926	53398	85324
"2006.08.11"	"India"	"Arra"	3	0	3	7508	11581	19089	31929	53398	85327
"2006.08.11"	"Philippines"	"Pikit"	2	0	2	7510	11581	19091	31931	53398	85329
"2006.08.12"	"Thailand"	"Narathiwat"	1	0	1	7511	11581	19092	31932	53398	85330
"2006.08.12"	"Thailand"	"Pattani"	1	0	1	7512	11581	19093	31933	53398	85331
"2006.08.12"	"Iraq"	"Baghdad"	3	9	12	7515	11590	19105	31936	53407	85343
"2006.08.12"	"Italy"	"Brescia"	1	0	1	7516	11590	19106	31937	53407	85344
"2006.08.12"	"Iraq"	"Mosul"	12	4	16	7528	11594	19122	31949	53411	85360
"2006.08.12"	"India"	"Drogian"	2	0	2	7530	11594	19124	31951	53411	85362
"2006.08.12"	"Thailand"	"Yala"	1	0	1	7531	11594	19125	31952	53411	85363
"2006.08.13"	"Iraq"	"Baghdad"	62	148	210	7593	11742	19335	32014	53559	85573
"2006.08.13"	"Pakistan"	"Baltistan"	1	1	2	7594	11743	19337	32015	53560	85575
"2006.08.13"	"Afghanistan"	"Bermel"	5	6	11	7599	11749	19348	32020	53566	85586
"2006.08.13"	"India"	"Shopian"	1	1	2	7600	11750	19350	32021	53567	85588
"2006.08.13"	"Thailand"	"Narathiwat"	1	2	3	7601	11752	19353	32022	53569	85591
"2006.08.13"	"Thailand"	"Narathiwat"	4	12	16	7605	11764	19369	32026	53581	85607
"2006.08.13"	"Pal. Auth."	"Jenin"	1	0	1	7606	11764	19370	32027	53581	85608
"2006.08.13"	"Philippines"	"Jolo"	3	0	3	7609	11764	19373	32030	53581	85611
"2006.08.13"	"Israel"	"Shlomi"	1	21	22	7610	11785	19395	32031	53602	85633
"2006.08.14"	"Thailand"	"Yala"	1	0	1	7611	11785	19396	32032	53602	85634
"2006.08.14"	"Thailand"	"Pattani"	1	0	1	7612	11785	19397	32033	53602	85635
"2006.08.14"	"Thailand"	"Yala"	1	0	1	7613	11785	19398	32034	53602	85636
"2006.08.14"	"Iraq"	"Mosul"	6	1	7	7619	11786	19405	32040	53603	85643
"2006.08.14"	"India"	"Sopore"	1	0	1	7620	11786	19406	32041	53603	85644
"2006.08.15"	"Philippines"	"Basilan"	1	0	1	7621	11786	19407	32042	53603	85645
"2006.08.15"	"Iraq"	"Mosul"	9	36	45	7630	11822	19452	32051	53639	85690
"2006.08.15"	"Iraq"	"Muqdadiya"	3	0	3	7633	11822	19455	32054	53639	85693
"2006.08.16"	"Ingushetia"	"Nazran"	1	1	2	7634	11823	19457	32055	53640	85695
"2006.08.16"	"Iraq"	"Baghdad"	13	43	56	7647	11866	19513	32068	53683	85751
"2006.08.16"	"Iraq"	"Muqdadiya"	7	20	27	7654	11886	19540	32075	53703	85778
"2006.08.16"	"Iraq"	"Baghdad"	8	28	36	7662	11914	19576	32083	53731	85814
"2006.08.16"	"Afghanistan"	"Ghazni"	1	1	2	7663	11915	19578	32084	53732	85816
"2006.08.17"	"India"	"Srinagar"	3	2	5	7666	11917	19583	32087	53734	85821
"2006.08.17"	"India"	"Wutligam"	1	0	1	7667	11917	19584	32088	53734	85822
"2006.08.17"	"India"	"Budgam"	1	0	1	7668	11917	19585	32089	53734	85823
"2006.08.17"	"Thailand"	"Pattani"	2	0	2	7670	11917	19587	32091	53734	85825
"2006.08.17"	"Iraq"	"Baghdad"	3	28	31	7673	11945	19618	32094	53762	85856
"2006.08.17"	"Iraq"	"Baqubah"	9	0	9	7682	11945	19627	32103	53762	85865
"2006.08.17"	"Iraq"	"Suwayra"	6	0	6	7688	11945	19633	32109	53762	85871
"2006.08.17"	"Iraq"	"Daquq"	2	1	3	7690	11946	19636	32111	53763	85874
"2006.08.18"	"Iraq"	"Baghdad"	7	0	7	7697	11946	19643	32118	53763	85881
"2006.08.18"	"Thailand"	"Narathiwat"	1	0	1	7698	11946	19644	32119	53763	85882
"2006.08.19"	"Egypt"	"Cairo"	1	0	1	7699	11946	19645	32120	53763	85883
"2006.08.19"	"Afghanistan"	"Paktika"	1	0	1	7700	11946	19646	32121	53763	85884
"2006.08.19"	"Iraq"	"Baqubah"	12	0	12	7712	11946	19658	32133	53763	85896
"2006.08.19"	"Thailand"	"Narathiwat"	1	0	1	7713	11946	19659	32134	53763	85897
"2006.08.19"	"Thailand"	"Yala"	1	0	1	7714	11946	19660	32135	53763	85898
"2006.08.19"	"Israel"	"Bekaot"	1	0	1	7715	11946	19661	32136	53763	85899
"2006.08.19"	"Algeria"	"Telagh"	2	1	3	7717	11947	19664	32138	53764	85902
"2006.08.20"	"Afghanistan"	"Helmand"	3	0	3	7720	11947	19667	32141	53764	85905
"2006.08.20"	"Ingushetia"	"Alkhasty"	2	0	2	7722	11947	19669	32143	53764	85907
"2006.08.20"	"Iraq"	"Baghdad"	20	302	322	7742	12249	19991	32163	54066	86229
"2006.08.20"	"Thailand"	"Pattani"	1	1	2	7743	12250	19993	32164	54067	86231
"2006.08.20"	"Afghanistan"	"Panjwai"	5	11	16	7748	12261	20009	32169	54078	86247
"2006.08.20"	"Iraq"	"Jurf al-Sakhar"	2	0	2	7750	12261	20011	32171	54078	86249
"2006.08.20"	"Iraq"	"Baqubah"	6	0	6	7756	12261	20017	32177	54078	86255
"2006.08.21"	"Thailand"	"Yala"	3	0	3	7759	12261	20020	32180	54078	86258
"2006.08.21"	"Thailand"	"Narathiwat"	1	0	1	7760	12261	20021	32181	54078	86259
"2006.08.21"	"India"	"Baramulla"	1	0	1	7761	12261	20022	32182	54078	86260
"2006.08.22"	"Afghanistan"	"Gayan"	5	0	5	7766	12261	20027	32187	54078	86265
"2006.08.22"	"Iraq"	"Baghdad"	7	1	8	7773	12262	20035	32194	54079	86273
"2006.08.22"	"Iraq"	"Baqubah"	7	0	7	7780	12262	20042	32201	54079	86280
"2006.08.22"	"Afghanistan"	"Kandahar"	2	3	5	7782	12265	20047	32203	54082	86285
"2006.08.23"	"Thailand"	"Narathiwat"	1	0	1	7783	12265	20048	32204	54082	86286
"2006.08.23"	"Iraq"	"Baqubah"	14	0	14	7797	12265	20062	32218	54082	86300
"2006.08.23"	"Iraq"	"Mosul"	1	11	12	7798	12276	20074	32219	54093	86312
"2006.08.23"	"Pakistan"	"Sindh"	5	11	16	7803	12287	20090	32224	54104	86328
"2006.08.23"	"Thailand"	"Narathiwat"	1	0	1	7804	12287	20091	32225	54104	86329
"2006.08.24"	"Iraq"	"Mosul"	7	0	7	7811	12287	20098	32232	54104	86336
"2006.08.24"	"Iraq"	"Balad"	3	0	3	7814	12287	20101	32235	54104	86339
"2006.08.24"	"Iraq"	"Baghdad"	2	9	11	7816	12296	20112	32237	54113	86350
"2006.08.25"	"India"	"Doda"	1	0	1	7817	12296	20113	32238	54113	86351
"2006.08.25"	"Afghanistan"	"Ghazni"	2	2	4	7819	12298	20117	32240	54115	86355
"2006.08.25"	"Iraq"	"Baqubah"	9	0	9	7828	12298	20126	32249	54115	86364
"2006.08.25"	"Iraq"	"Balad Ruz"	3	3	6	7831	12301	20132	32252	54118	86370
"2006.08.25"	"Thailand"	"Yala"	1	0	1	7832	12301	20133	32253	54118	86371
"2006.08.25"	"Iraq"	"Mosul"	1	0	1	7833	12301	20134	32254	54118	86372
"2006.08.26"	"Iraq"	"Iskandaria"	3	17	20	7836	12318	20154	32257	54135	86392
"2006.08.26"	"Iraq"	"Baqubah"	4	11	15	7840	12329	20169	32261	54146	86407
"2006.08.26"	"Iraq"	"Basra"	4	0	4	7844	12329	20173	32265	54146	86411
"2006.08.26"	"Thailand"	"Yala"	2	5	7	7846	12334	20180	32267	54151	86418
"2006.08.26"	"Kosovo"	"Kosovska Mitrovica"	0	9	9	7846	12343	20189	32267	54160	86427
"2006.08.26"	"Iraq"	"Tikrit"	3	2	5	7849	12345	20194	32270	54162	86432
"2006.08.26"	"Thailand"	"Yala"	1	0	1	7850	12345	20195	32271	54162	86433
"2006.08.26"	"Ingushetia"	"Ossetian Border"	3	1	4	7853	12346	20199	32274	54163	86437
"2006.08.27"	"Iraq"	"Khalis"	16	25	41	7869	12371	20240	32290	54188	86478
"2006.08.27"	"Iraq"	"Basra"	7	0	7	7876	12371	20247	32297	54188	86485
"2006.08.27"	"Iraq"	"Baghdad"	12	45	57	7888	12416	20304	32309	54233	86542
"2006.08.27"	"Iraq"	"Khalis"	9	15	24	7897	12431	20328	32318	54248	86566
"2006.08.27"	"Iraq"	"Abara"	3	0	3	7900	12431	20331	32321	54248	86569
"2006.08.28"	"Pakistan"	"Naushki"	1	0	1	7901	12431	20332	32322	54248	86570
"2006.08.28"	"Thailand"	"Narathiwat"	1	0	1	7902	12431	20333	32323	54248	86571
"2006.08.28"	"Thailand"	"Yala"	1	0	1	7903	12431	20334	32324	54248	86572
"2006.08.28"	"Afghanistan"	"Leskergah"	19	41	60	7922	12472	20394	32343	54289	86632
"2006.08.28"	"Afghanistan"	"Herat"	1	0	1	7923	12472	20395	32344	54289	86633
"2006.08.28"	"Iraq"	"Baghdad"	20	62	82	7943	12534	20477	32364	54351	86715
"2006.08.28"	"Afghanistan"	"Kabul"	1	0	1	7944	12534	20478	32365	54351	86716
"2006.08.28"	"Pakistan"	"North Waziristan"	1	0	1	7945	12534	20479	32366	54351	86717
"2006.08.29"	"India"	"Budgam"	1	0	1	7946	12534	20480	32367	54351	86718
"2006.08.29"	"Ingushetia"	"Nazran"	1	0	1	7947	12534	20481	32368	54351	86719
"2006.08.29"	"Afghanistan"	"Kandahar"	2	1	3	7949	12535	20484	32370	54352	86722
"2006.08.29"	"Iraq"	"Baqubah"	21	5	26	7970	12540	20510	32391	54357	86748
"2006.08.29"	"Iraq"	"Baghdad"	20	14	34	7990	12554	20544	32411	54371	86782
"2006.08.29"	"Iraq"	"Baiji"	1	1	2	7991	12555	20546	32412	54372	86784
"2006.08.30"	"Iraq"	"Kirkuk"	4	10	14	7995	12565	20560	32416	54382	86798
"2006.08.30"	"Iraq"	"Baghdad"	24	35	59	8019	12600	20619	32440	54417	86857
"2006.08.30"	"Iraq"	"Hilla"	14	38	52	8033	12638	20671	32454	54455	86909
"2006.08.30"	"Iraq"	"Buhriz"	5	2	7	8038	12640	20678	32459	54457	86916
"2006.08.30"	"Iraq"	"Numaniya"	3	0	3	8041	12640	20681	32462	54457	86919
"2006.08.30"	"Iraq"	"Diwaniya"	13	0	13	8054	12640	20694	32475	54457	86932
"2006.08.30"	"Pakistan"	"Wana"	1	0	1	8055	12640	20695	32476	54457	86933
"2006.08.30"	"Pakistan"	"North Waziristan"	2	0	2	8057	12640	20697	32478	54457	86935
"2006.08.30"	"India"	"Devar Lolab"	1	1	2	8058	12641	20699	32479	54458	86937
"2006.08.31"	"Iraq"	"Baqubah"	2	0	2	8060	12641	20701	32481	54458	86939
"2006.08.31"	"Sudan"	"Buram"	38	23	61	8098	12664	20762	32519	54481	87000
"2006.08.31"	"Pakistan"	"Karachi"	1	0	1	8099	12664	20763	32520	54481	87001
"2006.08.31"	"India"	"Saroti"	2	0	2	8101	12664	20765	32522	54481	87003
"2006.08.31"	"Iraq"	"Jbela"	1	8	9	8102	12672	20774	32523	54489	87012
"2006.08.31"	"Iraq"	"Baghdad"	4	11	15	8106	12683	20789	32527	54500	87027
"2006.08.31"	"Thailand"	"Yala"	1	27	28	8107	12710	20817	32528	54527	87055
"2006.08.31"	"Iraq"	"Baghdad"	63	282	345	8170	12992	21162	32591	54809	87400
"2006.08.31"	"India"	"Dangiwacha"	1	0	1	8171	12992	21163	32592	54809	87401
"2006.08.31"	"India"	"Dawoocha"	1	0	1	8172	12992	21164	32593	54809	87402
"2006.09.01"	"Iraq"	"Mahmudiya"	1	3	4	8173	12995	21168	32594	54812	87406
"2006.09.01"	"India"	"Pulwama"	1	2	3	8174	12997	21171	32595	54814	87409
"2006.09.01"	"India"	"Darwashbagh"	1	0	1	8175	12997	21172	32596	54814	87410
"2006.09.01"	"Pakistan"	"Neelum Valley"	2	3	5	8177	13000	21177	32598	54817	87415
"2006.09.02"	"Afghanistan"	"Nimroz"	4	10	14	8181	13010	21191	32602	54827	87429
"2006.09.02"	"India"	"Gani Hamam"	1	0	1	8182	13010	21192	32603	54827	87430
"2006.09.02"	"Iraq"	"Karbala"	17	0	17	8199	13010	21209	32620	54827	87447
"2006.09.02"	"Iraq"	"Baghdad"	9	36	45	8208	13046	21254	32629	54863	87492
"2006.09.02"	"Afghanistan"	"Helmand"	3	1	4	8211	13047	21258	32632	54864	87496
"2006.09.02"	"Algeria"	"Adekar"	4	5	9	8215	13052	21267	32636	54869	87505
"2006.09.02"	"Algeria"	"Ouled Hamza"	2	0	2	8217	13052	21269	32638	54869	87507
"2006.09.03"	"Turkey"	"Istanbul"	1	0	1	8218	13052	21270	32639	54869	87508
"2006.09.03"	"Iraq"	"Khalis"	4	19	23	8222	13071	21293	32643	54888	87531
"2006.09.03"	"Iraq"	"Baghdad"	6	15	21	8228	13086	21314	32649	54903	87552
"2006.09.03"	"Iraq"	"Baqubah"	5	0	5	8233	13086	21319	32654	54903	87557
"2006.09.04"	"Philippines"	"Jolo"	5	20	25	8238	13106	21344	32659	54923	87582
"2006.09.04"	"India"	"Kashmir"	7	11	18	8245	13117	21362	32666	54934	87600
"2006.09.04"	"Afghanistan"	"Parwan"	3	1	4	8248	13118	21366	32669	54935	87604
"2006.09.04"	"Iraq"	"Baghdad"	33	0	33	8281	13118	21399	32702	54935	87637
"2006.09.04"	"India"	"Tangmarg"	2	0	2	8283	13118	21401	32704	54935	87639
"2006.09.04"	"Jordan"	"Amman"	1	5	6	8284	13123	21407	32705	54940	87645
"2006.09.04"	"Iraq"	"Basra"	2	2	4	8286	13125	21411	32707	54942	87649
"2006.09.04"	"Afghanistan"	"Kabul"	6	7	13	8292	13132	21424	32713	54949	87662
"2006.09.05"	"India"	"Sopore"	1	0	1	8293	13132	21425	32714	54949	87663
"2006.09.05"	"Lebanon"	"Rmeileh"	4	4	8	8297	13136	21433	32718	54953	87671
"2006.09.05"	"Sudan"	"Khartoum"	1	0	1	8298	13136	21434	32719	54953	87672
"2006.09.05"	"Pakistan"	"Phuldayun"	1	0	1	8299	13136	21435	32720	54953	87673
"2006.09.05"	"Iraq"	"Baghdad"	4	3	7	8303	13139	21442	32724	54956	87680
"2006.09.05"	"Iraq"	"Baghdad"	18	6	24	8321	13145	21466	32742	54962	87704
"2006.09.05"	"Thailand"	"Narathiwat"	1	0	1	8322	13145	21467	32743	54962	87705
"2006.09.05"	"Thailand"	"Narathiwat"	1	0	1	8323	13145	21468	32744	54962	87706
"2006.09.05"	"Thailand"	"Yala"	1	2	3	8324	13147	21471	32745	54964	87709
"2006.09.06"	"Indonesia"	"Tangkuran"	1	0	1	8325	13147	21472	32746	54964	87710
"2006.09.06"	"Pakistan"	"Kaga"	1	0	1	8326	13147	21473	32747	54964	87711
"2006.09.06"	"Iraq"	"Baghdad"	27	38	65	8353	13185	21538	32774	55002	87776
"2006.09.06"	"Afghanistan"	"Yaqubi"	2	1	3	8355	13186	21541	32776	55003	87779
"2006.09.07"	"India"	"Budbug"	1	0	1	8356	13186	21542	32777	55003	87780
"2006.09.07"	"India"	"Srinagar"	1	0	1	8357	13186	21543	32778	55003	87781
"2006.09.07"	"Iraq"	"Suwayra"	3	0	3	8360	13186	21546	32781	55003	87784
"2006.09.07"	"Iraq"	"Baghdad"	36	64	100	8396	13250	21646	32817	55067	87884
"2006.09.07"	"Afghanistan"	"Kabul"	3	11	14	8399	13261	21660	32820	55078	87898
"2006.09.07"	"Somalia"	"Mogadishu"	1	0	1	8400	13261	21661	32821	55078	87899
"2006.09.07"	"Pal. Auth."	"Nablus"	1	0	1	8401	13261	21662	32822	55078	87900
"2006.09.08"	"Iraq"	"Baghdad"	7	0	7	8408	13261	21669	32829	55078	87907
"2006.09.08"	"India"	"Malegaon"	31	297	328	8439	13558	21997	32860	55375	88235
"2006.09.08"	"India"	"Doda"	1	0	1	8440	13558	21998	32861	55375	88236
"2006.09.08"	"Iraq"	"Baghdad"	3	6	9	8443	13564	22007	32864	55381	88245
"2006.09.08"	"Afghanistan"	"Kabul"	18	30	48	8461	13594	22055	32882	55411	88293
"2006.09.08"	"Pakistan"	"Barkhan"	5	21	26	8466	13615	22081	32887	55432	88319
"2006.09.09"	"India"	"Ahlan"	1	0	1	8467	13615	22082	32888	55432	88320
"2006.09.09"	"India"	"Doda"	2	0	2	8469	13615	22084	32890	55432	88322
"2006.09.09"	"Iraq"	"Baghdad"	21	51	72	8490	13666	22156	32911	55483	88394
"2006.09.09"	"Iraq"	"Mosul"	1	1	2	8491	13667	22158	32912	55484	88396
"2006.09.09"	"Iraq"	"Baiji"	3	3	6	8494	13670	22164	32915	55487	88402
"2006.09.09"	"India"	"Doda"	1	1	2	8495	13671	22166	32916	55488	88404
"2006.09.09"	"India"	"Bandipore"	1	1	2	8496	13672	22168	32917	55489	88406
"2006.09.09"	"India"	"Sonwar"	1	1	2	8497	13673	22170	32918	55490	88408
"2006.09.09"	"Pakistan"	"Miramshah"	1	0	1	8498	13673	22171	32919	55490	88409
"2006.09.09"	"Pakistan"	"Garjakh"	2	0	2	8500	13673	22173	32921	55490	88411
"2006.09.09"	"Indonesia"	"Poso"	1	0	1	8501	13673	22174	32922	55490	88412
"2006.09.10"	"Pakistan"	"Wana"	1	0	1	8502	13673	22175	32923	55490	88413
"2006.09.10"	"Afghanistan"	"Gardez"	3	3	6	8505	13676	22181	32926	55493	88419
"2006.09.10"	"Iraq"	"Tuz Khurmato"	4	1	5	8509	13677	22186	32930	55494	88424
"2006.09.10"	"Iraq"	"Baghdad"	6	29	35	8515	13706	22221	32936	55523	88459
"2006.09.10"	"Iraq"	"Mosul"	1	0	1	8516	13706	22222	32937	55523	88460
"2006.09.11"	"Thailand"	"Yala"	1	4	5	8517	13710	22227	32938	55527	88465
"2006.09.11"	"India"	"Kulgam"	1	0	1	8518	13710	22228	32939	55527	88466
"2006.09.11"	"Iraq"	"Baghdad"	16	7	23	8534	13717	22251	32955	55534	88489
"2006.09.11"	"Iraq"	"Baghdad"	4	3	7	8538	13720	22258	32959	55537	88496
"2006.09.11"	"Afghanistan"	"Khost"	6	36	42	8544	13756	22300	32965	55573	88538
"2006.09.12"	"India"	"Thandi Dhok"	2	0	2	8546	13756	22302	32967	55573	88540
"2006.09.12"	"Turkey"	"Amed"	10	13	23	8556	13769	22325	32977	55586	88563
"2006.09.12"	"Syria"	"Damascus"	1	14	15	8557	13783	22340	32978	55600	88578
"2006.09.12"	"Iraq"	"Baghdad"	6	15	21	8563	13798	22361	32984	55615	88599
"2006.09.12"	"Iraq"	"Bani Saad"	7	3	10	8570	13801	22371	32991	55618	88609
"2006.09.13"	"Iraq"	"Baghdad"	69	0	69	8639	13801	22440	33060	55618	88678
"2006.09.13"	"Iraq"	"Baghdad"	14	57	71	8653	13858	22511	33074	55675	88749
"2006.09.13"	"Afghanistan"	"Farah"	1	0	1	8654	13858	22512	33075	55675	88750
"2006.09.14"	"Sudan"	"Otash"	4	9	13	8658	13867	22525	33079	55684	88763
"2006.09.14"	"Iraq"	"Baghdad"	2	25	27	8660	13892	22552	33081	55709	88790
"2006.09.14"	"Afghanistan"	"Bakwa"	2	2	4	8662	13894	22556	33083	55711	88794
"2006.09.14"	"India"	"Hathiwara"	1	0	1	8663	13894	22557	33084	55711	88795
"2006.09.14"	"Iraq"	"Baghdad"	32	0	32	8695	13894	22589	33116	55711	88827
"2006.09.14"	"Iraq"	"Baghdad"	10	39	49	8705	13933	22638	33126	55750	88876
"2006.09.15"	"Thailand"	"Narathiwat"	2	1	3	8707	13934	22641	33128	55751	88879
"2006.09.15"	"India"	"Surankote"	1	5	6	8708	13939	22647	33129	55756	88885
"2006.09.15"	"India"	"Watergam"	1	7	8	8709	13946	22655	33130	55763	88893
"2006.09.15"	"Yemen"	"Haradmut"	1	0	1	8710	13946	22656	33131	55763	88894
"2006.09.15"	"Iraq"	"Mussayab"	1	0	1	8711	13946	22657	33132	55763	88895
"2006.09.15"	"Iraq"	"Baghdad"	22	0	22	8733	13946	22679	33154	55763	88917
"2006.09.15"	"Thailand"	"Narathiwat"	1	0	1	8734	13946	22680	33155	55763	88918
"2006.09.15"	"Iraq"	"Baghdad"	1	0	1	8735	13946	22681	33156	55763	88919
"2006.09.16"	"Afghanistan"	"Kabul"	3	1	4	8738	13947	22685	33159	55764	88923
"2006.09.16"	"Iraq"	"Baghdad"	1	0	1	8739	13947	22686	33160	55764	88924
"2006.09.16"	"Iraq"	"Ramadi"	4	8	12	8743	13955	22698	33164	55772	88936
"2006.09.16"	"Iraq"	"Baghdad"	3	22	25	8746	13977	22723	33167	55794	88961
"2006.09.16"	"Iraq"	"Samarra"	4	0	4	8750	13977	22727	33171	55794	88965
"2006.09.16"	"Iraq"	"Baghdad"	47	0	47	8797	13977	22774	33218	55794	89012
"2006.09.16"	"Thailand"	"Hat Yai"	5	79	84	8802	14056	22858	33223	55873	89096
"2006.09.17"	"Somalia"	"Mogadishu"	2	0	2	8804	14056	22860	33225	55873	89098
"2006.09.17"	"Afghanistan"	"Kandahar"	1	11	12	8805	14067	22872	33226	55884	89110
"2006.09.17"	"Iraq"	"Kirkuk"	21	63	84	8826	14130	22956	33247	55947	89194
"2006.09.17"	"Iraq"	"Baghdad"	24	0	24	8850	14130	22980	33271	55947	89218
"2006.09.17"	"Iraq"	"Baqubah"	2	3	5	8852	14133	22985	33273	55950	89223
"2006.09.17"	"Afghanistan"	"Helmand"	2	0	2	8854	14133	22987	33275	55950	89225
"2006.09.18"	"Pakistan"	"Laddha"	1	0	1	8855	14133	22988	33276	55950	89226
"2006.09.18"	"Somalia"	"Baidoa"	5	18	23	8860	14151	23011	33281	55968	89249
"2006.09.18"	"Iraq"	"Mosul"	4	0	4	8864	14151	23015	33285	55968	89253
"2006.09.18"	"Iraq"	"Baghdad"	27	13	40	8891	14164	23055	33312	55981	89293
"2006.09.18"	"Iraq"	"Baquba"	4	5	9	8895	14169	23064	33316	55986	89302
"2006.09.18"	"Iraq"	"Tal Afar"	21	27	48	8916	14196	23112	33337	56013	89350
"2006.09.18"	"Iraq"	"Ramadi"	13	10	23	8929	14206	23135	33350	56023	89373
"2006.09.18"	"Afghanistan"	"Kafir Band"	4	39	43	8933	14245	23178	33354	56062	89416
"2006.09.18"	"Afghanistan"	"Herat"	12	17	29	8945	14262	23207	33366	56079	89445
"2006.09.18"	"Afghanistan"	"Kabul"	4	11	15	8949	14273	23222	33370	56090	89460
"2006.09.19"	"Canada"	"Ottawa"	2	0	2	8951	14273	23224	33372	56090	89462
"2006.09.19"	"Iraq"	"Sherqat"	18	11	29	8969	14284	23253	33390	56101	89491
"2006.09.19"	"Iraq"	"Mahmudiya"	13	7	20	8982	14291	23273	33403	56108	89511
"2006.09.19"	"Iraq"	"Baqubah"	11	0	11	8993	14291	23284	33414	56108	89522
"2006.09.19"	"Kosovo"	"Klina"	0	4	4	8993	14295	23288	33414	56112	89526
"2006.09.19"	"Pakistan"	"Bajaur"	0	5	5	8993	14300	23293	33414	56117	89531
"2006.09.19"	"Iraq"	"Baghdad"	12	44	56	9005	14344	23349	33426	56161	89587
"2006.09.19"	"Afghanistan"	"Helmand"	1	0	1	9006	14344	23350	33427	56161	89588
"2006.09.20"	"India"	"Doda"	1	0	1	9007	14344	23351	33428	56161	89589
"2006.09.20"	"India"	"Gul Zada"	3	2	5	9010	14346	23356	33431	56163	89594
"2006.09.20"	"Iraq"	"Baghdad"	43	15	58	9053	14361	23414	33474	56178	89652
"2006.09.20"	"Afghanistan"	"Wardak"	1	2	3	9054	14363	23417	33475	56180	89655
"2006.09.20"	"Iraq"	"Samarra"	1	26	27	9055	14389	23444	33476	56206	89682
"2006.09.20"	"Iraq"	"Mosul"	1	0	1	9056	14389	23445	33477	56206	89683
"2006.09.21"	"Iraq"	"Mosul"	2	0	2	9058	14389	23447	33479	56206	89685
"2006.09.21"	"India"	"Damhal Hanjipora"	1	0	1	9059	14389	23448	33480	56206	89686
"2006.09.21"	"Iraq"	"Baghdad"	38	0	38	9097	14389	23486	33518	56206	89724
"2006.09.21"	"Iraq"	"Karbala"	3	0	3	9100	14389	23489	33521	56206	89727
"2006.09.21"	"India"	"Tangmarg"	1	4	5	9101	14393	23494	33522	56210	89732
"2006.09.21"	"Pakistan"	"Haripur"	8	3	11	9109	14396	23505	33530	56213	89743
"2006.09.21"	"Chechnya"	"Grozny"	5	0	5	9114	14396	23510	33535	56213	89748
"2006.09.21"	"Iraq"	"Baghdad"	28	22	50	9142	14418	23560	33563	56235	89798
"2006.09.22"	"Afghanistan"	"Jalalabad"	1	0	1	9143	14418	23561	33564	56235	89799
"2006.09.22"	"Pakistan"	"Sargodha"	1	0	1	9144	14418	23562	33565	56235	89800
"2006.09.22"	"Afghanistan"	"Kandahar"	19	3	22	9163	14421	23584	33584	56238	89822
"2006.09.22"	"Pakistan"	"North Waziristan"	1	0	1	9164	14421	23585	33585	56238	89823
"2006.09.22"	"Iraq"	"Baghdad"	13	0	13	9177	14421	23598	33598	56238	89836
"2006.09.22"	"Lebanon"	"Ein Al Hulwa"	1	0	1	9178	14421	23599	33599	56238	89837
"2006.09.23"	"Iraq"	"Baghdad"	37	40	77	9215	14461	23676	33636	56278	89914
"2006.09.23"	"Iraq"	"Baghdad"	17	0	17	9232	14461	23693	33653	56278	89931
"2006.09.23"	"Bangladesh"	"Dhaka"	1	0	1	9233	14461	23694	33654	56278	89932
"2006.09.23"	"India"	"Kangan"	1	0	1	9234	14461	23695	33655	56278	89933
"2006.09.23"	"Pakistan"	"Dera Ghazi Khan"	2	14	16	9236	14475	23711	33657	56292	89949
"2006.09.24"	"Iraq"	"Baghdad"	2	17	19	9238	14492	23730	33659	56309	89968
"2006.09.24"	"India"	"Surenda"	1	0	1	9239	14492	23731	33660	56309	89969
"2006.09.24"	"Iraq"	"Kirkuk"	4	0	4	9243	14492	23735	33664	56309	89973
"2006.09.24"	"Iraq"	"Baghdad"	6	18	24	9249	14510	23759	33670	56327	89997
"2006.09.24"	"Iraq"	"Fallujah"	12	0	12	9261	14510	23771	33682	56327	90009
"2006.09.24"	"Iraq"	"Tal Afar"	2	3	5	9263	14513	23776	33684	56330	90014
"2006.09.24"	"India"	"Sopore"	1	2	3	9264	14515	23779	33685	56332	90017
"2006.09.25"	"Russia"	"Kislovodsk"	1	0	1	9265	14515	23780	33686	56332	90018
"2006.09.25"	"Iraq"	"Baiji"	10	0	10	9275	14515	23790	33696	56332	90028
"2006.09.25"	"Iraq"	"Jurf al-Sakhar"	5	10	15	9280	14525	23805	33701	56342	90043
"2006.09.25"	"Afghanistan"	"Kandahar"	1	0	1	9281	14525	23806	33702	56342	90044
"2006.09.25"	"Somalia"	"Kismayo"	1	2	3	9282	14527	23809	33703	56344	90047
"2006.09.25"	"India"	"Jwari"	2	0	2	9284	14527	23811	33705	56344	90049
"2006.09.25"	"India"	"Gundana"	1	0	1	9285	14527	23812	33706	56344	90050
"2006.09.25"	"India"	"Marmat"	1	0	1	9286	14527	23813	33707	56344	90051
"2006.09.25"	"India"	"Sanglan"	1	0	1	9287	14527	23814	33708	56344	90052
"2006.09.25"	"India"	"Srinagar"	1	6	7	9288	14533	23821	33709	56350	90059
"2006.09.25"	"Thailand"	"Yala"	2	1	3	9290	14534	23824	33711	56351	90062
"2006.09.25"	"Thailand"	"Narathiwat"	1	0	1	9291	14534	23825	33712	56351	90063
"2006.09.26"	"India"	"Kashmir"	2	15	17	9293	14549	23842	33714	56366	90080
"2006.09.26"	"Iraq"	"Baghdad"	10	11	21	9303	14560	23863	33724	56377	90101
"2006.09.26"	"Iraq"	"Baghdad"	44	0	44	9347	14560	23907	33768	56377	90145
"2006.09.26"	"Afghanistan"	"Kabul"	2	9	11	9349	14569	23918	33770	56386	90156
"2006.09.26"	"Afghanistan"	"Lashkar Gah"	18	17	35	9367	14586	23953	33788	56403	90191
"2006.09.26"	"Iraq"	"Baghdad"	40	34	74	9407	14620	24027	33828	56437	90265
"2006.09.26"	"Iraq"	"Mahmudiya"	12	0	12	9419	14620	24039	33840	56437	90277
"2006.09.27"	"India"	"Maisuma"	1	14	15	9420	14634	24054	33841	56451	90292
"2006.09.27"	"India"	"Srinagar"	2	0	2	9422	14634	24056	33843	56451	90294
"2006.09.27"	"Thailand"	"Narathiwat"	1	2	3	9423	14636	24059	33844	56453	90297
"2006.09.27"	"Thailand"	"Yala"	1	1	2	9424	14637	24061	33845	56454	90299
"2006.09.27"	"Iraq"	"Baghdad"	7	11	18	9431	14648	24079	33852	56465	90317
"2006.09.27"	"Thailand"	"Yala"	3	0	3	9434	14648	24082	33855	56465	90320
"2006.09.27"	"Thailand"	"Pattani"	1	0	1	9435	14648	24083	33856	56465	90321
"2006.09.27"	"Iraq"	"Baghdad"	8	42	50	9443	14690	24133	33864	56507	90371
"2006.09.27"	"Iraq"	"Baghdad"	16	25	41	9459	14715	24174	33880	56532	90412
"2006.09.28"	"Thailand"	"Sai Buri"	1	0	1	9460	14715	24175	33881	56532	90413
"2006.09.28"	"Thailand"	"Pattani"	1	0	1	9461	14715	24176	33882	56532	90414
"2006.09.28"	"Pakistan"	"Khadi"	1	0	1	9462	14715	24177	33883	56532	90415
"2006.09.28"	"India"	"Diwar"	1	0	1	9463	14715	24178	33884	56532	90416
"2006.09.28"	"India"	"Kulgam"	1	0	1	9464	14715	24179	33885	56532	90417
"2006.09.29"	"India"	"Dessa"	1	0	1	9465	14715	24180	33886	56532	90418
"2006.09.29"	"Iraq"	"Kirkuk"	3	0	3	9468	14715	24183	33889	56532	90421
"2006.09.29"	"Algeria"	"Ouled Boudekhane"	2	0	2	9470	14715	24185	33891	56532	90423
"2006.09.30"	"Afghanistan"	"Kabul"	12	40	52	9482	14755	24237	33903	56572	90475
"2006.09.30"	"Iraq"	"Baqubah"	8	0	8	9490	14755	24245	33911	56572	90483
"2006.09.30"	"Iraq"	"Tal Afar"	2	30	32	9492	14785	24277	33913	56602	90515
"2006.09.30"	"Pakistan"	"Bahawlnagar"	1	0	1	9493	14785	24278	33914	56602	90516
"2006.10.01"	"Iraq"	"Fallujah"	4	6	10	9497	14791	24288	33918	56608	90526
"2006.10.01"	"Iraq"	"Suwayra"	9	0	9	9506	14791	24297	33927	56608	90535
"2006.10.01"	"Indonesia"	"Poso"	0	1	1	9506	14792	24298	33927	56609	90536
"2006.10.01"	"India"	"Gool"	1	0	1	9507	14792	24299	33928	56609	90537
"2006.10.01"	"Pakistan"	"Sibi"	1	0	1	9508	14792	24300	33929	56609	90538
"2006.10.01"	"Thailand"	"Yala"	1	1	2	9509	14793	24302	33930	56610	90540
"2006.10.01"	"Afghanistan"	"Musa Qala"	5	0	5	9514	14793	24307	33935	56610	90545
"2006.10.01"	"Afghanistan"	"Gereshk"	2	2	4	9516	14795	24311	33937	56612	90549
"2006.10.01"	"Iraq"	"Baghdad"	50	0	50	9566	14795	24361	33987	56612	90599
"2006.10.01"	"Ethiopia"	"Jimma"	10	12	22	9576	14807	24383	33997	56624	90621
"2006.10.02"	"Thailand"	"Narathiwat"	1	0	1	9577	14807	24384	33998	56624	90622
"2006.10.02"	"Thailand"	"Songkhla"	1	0	1	9578	14807	24385	33999	56624	90623
"2006.10.02"	"Pakistan"	"Latrey"	2	7	9	9580	14814	24394	34001	56631	90632
"2006.10.02"	"Afghanistan"	"Kabul"	3	3	6	9583	14817	24400	34004	56634	90638
"2006.10.02"	"Iraq"	"Suwayra"	11	0	11	9594	14817	24411	34015	56634	90649
"2006.10.02"	"Iraq"	"Baghdad"	5	10	15	9599	14827	24426	34020	56644	90664
"2006.10.02"	"Iraq"	"Ishaqi"	3	0	3	9602	14827	24429	34023	56644	90667
"2006.10.02"	"Thailand"	"Pattani"	2	0	2	9604	14827	24431	34025	56644	90669
"2006.10.02"	"Pal. Auth."	"Rafah"	2	15	17	9606	14842	24448	34027	56659	90686
"2006.10.03"	"Pakistan"	"Ali Khan Brohi"	1	0	1	9607	14842	24449	34028	56659	90687
"2006.10.03"	"Iraq"	"Gatoun"	4	0	4	9611	14842	24453	34032	56659	90691
"2006.10.03"	"Iraq"	"Kut"	2	0	2	9613	14842	24455	34034	56659	90693
"2006.10.03"	"Iraq"	"Rashad"	2	0	2	9615	14842	24457	34036	56659	90695
"2006.10.03"	"Afghanistan"	"Kandahar"	2	5	7	9617	14847	24464	34038	56664	90702
"2006.10.03"	"Iraq"	"Sadiyah"	2	19	21	9619	14866	24485	34040	56683	90723
"2006.10.03"	"Iraq"	"Baqubah"	16	0	16	9635	14866	24501	34056	56683	90739
"2006.10.04"	"India"	"Srinagar"	8	30	38	9643	14896	24539	34064	56713	90777
"2006.10.04"	"Sudan"	"Kalama"	2	1	3	9645	14897	24542	34066	56714	90780
"2006.10.04"	"Dagestan"	"Maka-Kazmalyar"	1	3	4	9646	14900	24546	34067	56717	90784
"2006.10.04"	"India"	"Lal Chowk"	1	6	7	9647	14906	24553	34068	56723	90791
"2006.10.04"	"Iraq"	"Baghdad"	16	87	103	9663	14993	24656	34084	56810	90894
"2006.10.04"	"Philippines"	"Cotabato"	1	0	1	9664	14993	24657	34085	56810	90895
"2006.10.04"	"Iraq"	"Mosul"	2	0	2	9666	14993	24659	34087	56810	90897
"2006.10.05"	"Algeria"	"Bouira"	8	0	8	9674	14993	24667	34095	56810	90905
"2006.10.05"	"Iraq"	"Al-Samawa"	4	0	4	9678	14993	24671	34099	56810	90909
"2006.10.05"	"Pakistan"	"Kalaya"	8	3	11	9686	14996	24682	34107	56813	90920
"2006.10.05"	"Iraq"	"Zaafaraniya"	5	6	11	9691	15002	24693	34112	56819	90931
"2006.10.05"	"Iraq"	"Baghdad"	32	28	60	9723	15030	24753	34144	56847	90991
"2006.10.05"	"Iraq"	"Ukashat"	5	0	5	9728	15030	24758	34149	56847	90996
"2006.10.06"	"Pakistan"	"Kalay"	14	8	22	9742	15038	24780	34163	56855	91018
"2006.10.06"	"Pakistan"	"Kalay"	5	0	5	9747	15038	24785	34168	56855	91023
"2006.10.06"	"India"	"Srinagar"	1	6	7	9748	15044	24792	34169	56861	91030
"2006.10.06"	"Iraq"	"Mosul"	1	0	1	9749	15044	24793	34170	56861	91031
"2006.10.06"	"Afghanistan"	"Khost"	1	3	4	9750	15047	24797	34171	56864	91035
"2006.10.06"	"Iraq"	"Baghdad"	7	0	7	9757	15047	24804	34178	56864	91042
"2006.10.07"	"Thailand"	"Pattani"	1	0	1	9758	15047	24805	34179	56864	91043
"2006.10.07"	"Iraq"	"Baghdad"	51	0	51	9809	15047	24856	34230	56864	91094
"2006.10.07"	"Iraq"	"Samarra"	2	0	2	9811	15047	24858	34232	56864	91096
"2006.10.07"	"Iraq"	"Baaj"	3	0	3	9814	15047	24861	34235	56864	91099
"2006.10.07"	"Thailand"	"Songkhla"	2	0	2	9816	15047	24863	34237	56864	91101
"2006.10.07"	"India"	"Shalapora"	1	0	1	9817	15047	24864	34238	56864	91102
"2006.10.07"	"India"	"Ramban"	1	2	3	9818	15049	24867	34239	56866	91105
"2006.10.07"	"India"	"Vesu Achhabal"	1	0	1	9819	15049	24868	34240	56866	91106
"2006.10.07"	"Pakistan"	"Tank"	1	0	1	9820	15049	24869	34241	56866	91107
"2006.10.07"	"Afghanistan"	"Baghlan"	2	0	2	9822	15049	24871	34243	56866	91109
"2006.10.07"	"Iraq"	"Tal Afar"	14	13	27	9836	15062	24898	34257	56879	91136
"2006.10.07"	"Iraq"	"Baghdad"	7	0	7	9843	15062	24905	34264	56879	91143
"2006.10.07"	"Iraq"	"Sinjar"	2	2	4	9845	15064	24909	34266	56881	91147
"2006.10.07"	"Iraq"	"Iskandariya"	2	4	6	9847	15068	24915	34268	56885	91153
"2006.10.08"	"Iraq"	"Haditha"	5	0	5	9852	15068	24920	34273	56885	91158
"2006.10.08"	"Iraq"	"Baqubah"	10	0	10	9862	15068	24930	34283	56885	91168
"2006.10.08"	"Thailand"	"Yala"	1	0	1	9863	15068	24931	34284	56885	91169
"2006.10.08"	"Thailand"	"Narathiwat"	1	0	1	9864	15068	24932	34285	56885	91170
"2006.10.08"	"Thailand"	"Pattani"	1	0	1	9865	15068	24933	34286	56885	91171
"2006.10.08"	"India"	"Sopore"	1	0	1	9866	15068	24934	34287	56885	91172
"2006.10.08"	"Iraq"	"Baghdad"	1	0	1	9867	15068	24935	34288	56885	91173
"2006.10.09"	"Thailand"	"Narathiwat"	2	1	3	9869	15069	24938	34290	56886	91176
"2006.10.09"	"India"	"Bandipora"	1	0	1	9870	15069	24939	34291	56886	91177
"2006.10.09"	"Iraq"	"Tal Afar"	1	11	12	9871	15080	24951	34292	56897	91189
"2006.10.09"	"Iraq"	"Baghdad"	53	0	53	9924	15080	25004	34345	56897	91242
"2006.10.09"	"Iraq"	"Baghdad"	13	46	59	9937	15126	25063	34358	56943	91301
"2006.10.09"	"Afghanistan"	"Khogyani"	3	2	5	9940	15128	25068	34361	56945	91306
"2006.10.10"	"Afghanistan"	"Khushmand"	3	0	3	9943	15128	25071	34364	56945	91309
"2006.10.10"	"Iraq"	"Baghdad"	10	4	14	9953	15132	25085	34374	56949	91323
"2006.10.10"	"Iraq"	"Baqubah"	12	0	12	9965	15132	25097	34386	56949	91335
"2006.10.10"	"Iraq"	"Mosul"	7	0	7	9972	15132	25104	34393	56949	91342
"2006.10.10"	"Afghanistan"	"Kabul"	0	11	11	9972	15143	25115	34393	56960	91353
"2006.10.10"	"Iraq"	"Baghdad"	60	22	82	10032	15165	25197	34453	56982	91435
"2006.10.10"	"Iraq"	"Fallujah"	4	0	4	10036	15165	25201	34457	56982	91439
"2006.10.10"	"Philippines"	"Makilala"	6	29	35	10042	15194	25236	34463	57011	91474
"2006.10.10"	"Philippines"	"Tacurong City"	2	8	10	10044	15202	25246	34465	57019	91484
"2006.10.11"	"Thailand"	"Pattani"	1	0	1	10045	15202	25247	34466	57019	91485
"2006.10.11"	"Pakistan"	"Saobi"	1	0	1	10046	15202	25248	34467	57019	91486
"2006.10.11"	"Pakistan"	"Mir Ali"	1	0	1	10047	15202	25249	34468	57019	91487
"2006.10.11"	"Philippines"	"Patikul"	2	8	10	10049	15210	25259	34470	57027	91497
"2006.10.11"	"Iraq"	"Kut"	6	0	6	10055	15210	25265	34476	57027	91503
"2006.10.11"	"Iraq"	"Baghdad"	7	13	20	10062	15223	25285	34483	57040	91523
"2006.10.11"	"Iraq"	"Baghdad"	1	0	1	10063	15223	25286	34484	57040	91524
"2006.10.11"	"Iraq"	"Baghdad"	4	2	6	10067	15225	25292	34488	57042	91530
"2006.10.12"	"India"	"Srinagar"	3	8	11	10070	15233	25303	34491	57050	91541
"2006.10.12"	"Iraq"	"Baghdad"	19	25	44	10089	15258	25347	34510	57075	91585
"2006.10.12"	"Iraq"	"Baqubah"	12	0	12	10101	15258	25359	34522	57075	91597
"2006.10.12"	"Afghanistan"	"Kabul"	1	19	20	10102	15277	25379	34523	57094	91617
"2006.10.12"	"Thailand"	"Yala"	1	0	1	10103	15277	25380	34524	57094	91618
"2006.10.12"	"Thailand"	"Narathiwat"	1	0	1	10104	15277	25381	34525	57094	91619
"2006.10.13"	"Thailand"	"Narathiwat"	1	0	1	10105	15277	25382	34526	57094	91620
"2006.10.13"	"Iraq"	"Hilla"	8	10	18	10113	15287	25400	34534	57104	91638
"2006.10.13"	"Algeria"	"Kabylie"	1	0	1	10114	15287	25401	34535	57104	91639
"2006.10.13"	"Iraq"	"Duluiya"	17	0	17	10131	15287	25418	34552	57104	91656
"2006.10.13"	"Thailand"	"Pattani"	1	0	1	10132	15287	25419	34553	57104	91657
"2006.10.13"	"Iraq"	"Suwayra"	8	2	10	10140	15289	25429	34561	57106	91667
"2006.10.13"	"Thailand"	"Narathiwat"	1	0	1	10141	15289	25430	34562	57106	91668
"2006.10.13"	"Afghanistan"	"Kandahar"	9	5	14	10150	15294	25444	34571	57111	91682
"2006.10.14"	"Iraq"	"Baghdad"	25	0	25	10175	15294	25469	34596	57111	91707
"2006.10.14"	"Iraq"	"Balad"	15	0	15	10190	15294	25484	34611	57111	91722
"2006.10.14"	"Afghanistan"	"Kandahar"	2	2	4	10192	15296	25488	34613	57113	91726
"2006.10.14"	"Thailand"	"Narathiwat"	1	0	1	10193	15296	25489	34614	57113	91727
"2006.10.14"	"Iraq"	"Saifiya"	10	0	10	10203	15296	25499	34624	57113	91737
"2006.10.14"	"Ethiopia"	"Beshasha"	6	15	21	10209	15311	25520	34630	57128	91758
"2006.10.15"	"India"	"Srinagar"	2	0	2	10211	15311	25522	34632	57128	91760
"2006.10.15"	"Afghanistan"	"Herat"	2	1	3	10213	15312	25525	34634	57129	91763
"2006.10.15"	"Afghanistan"	"Khost"	3	1	4	10216	15313	25529	34637	57130	91767
"2006.10.15"	"Thailand"	"Joh I Rong"	1	1	2	10217	15314	25531	34638	57131	91769
"2006.10.15"	"Thailand"	"Chanae"	1	1	2	10218	15315	25533	34639	57132	91771
"2006.10.15"	"Algeria"	"Ain Defla"	8	0	8	10226	15315	25541	34647	57132	91779
"2006.10.15"	"Iraq"	"Latifiya"	8	0	8	10234	15315	25549	34655	57132	91787
"2006.10.15"	"Iraq"	"Mosul"	5	0	5	10239	15315	25554	34660	57132	91792
"2006.10.15"	"Iraq"	"Kirkuk"	10	64	74	10249	15379	25628	34670	57196	91866
"2006.10.15"	"Iraq"	"Balad"	31	0	31	10280	15379	25659	34701	57196	91897
"2006.10.15"	"Iraq"	"Fallujah"	4	0	4	10284	15379	25663	34705	57196	91901
"2006.10.15"	"Iraq"	"Baghdad"	4	6	10	10288	15385	25673	34709	57202	91911
"2006.10.15"	"Afghanistan"	"Kandahar"	1	2	3	10289	15387	25676	34710	57204	91914
"2006.10.16"	"Iraq"	"Suwayra"	8	48	56	10297	15435	25732	34718	57252	91970
"2006.10.16"	"Iraq"	"Baghdad"	46	0	46	10343	15435	25778	34764	57252	92016
"2006.10.16"	"Iraq"	"Khalis"	12	4	16	10355	15439	25794	34776	57256	92032
"2006.10.16"	"Afghanistan"	"Kandahar"	4	2	6	10359	15441	25800	34780	57258	92038
"2006.10.16"	"Thailand"	"Yala"	2	0	2	10361	15441	25802	34782	57258	92040
"2006.10.16"	"Thailand"	"Yala"	2	0	2	10363	15441	25804	34784	57258	92042
"2006.10.16"	"Iraq"	"Baghdad"	20	17	37	10383	15458	25841	34804	57275	92079
"2006.10.16"	"Iraq"	"Balad"	28	0	28	10411	15458	25869	34832	57275	92107
"2006.10.16"	"Indonesia"	"Sulawesi"	1	0	1	10412	15458	25870	34833	57275	92108
"2006.10.16"	"Thailand"	"Raman"	2	0	2	10414	15458	25872	34835	57275	92110
"2006.10.16"	"Thailand"	"Pattani"	1	0	1	10415	15458	25873	34836	57275	92111
"2006.10.16"	"Thailand"	"Narathiwat"	2	0	2	10417	15458	25875	34838	57275	92113
"2006.10.17"	"Eritrea"	"Adi-Quala"	2	0	2	10419	15458	25877	34840	57275	92115
"2006.10.17"	"Afghanistan"	"Spin Boldak"	1	0	1	10420	15458	25878	34841	57275	92116
"2006.10.17"	"Philippines"	"Basilan"	1	1	2	10421	15459	25880	34842	57276	92118
"2006.10.17"	"Iraq"	"Baghdad"	19	0	19	10440	15459	25899	34861	57276	92137
"2006.10.17"	"Iraq"	"Haditha"	4	0	4	10444	15459	25903	34865	57276	92141
"2006.10.17"	"Thailand"	"Yala"	1	1	2	10445	15460	25905	34866	57277	92143
"2006.10.17"	"Iraq"	"Basra"	5	0	5	10450	15460	25910	34871	57277	92148
"2006.10.17"	"Iraq"	"Balad Ruz"	5	1	6	10455	15461	25916	34876	57278	92154
"2006.10.17"	"India"	"Lal Chowk"	2	0	2	10457	15461	25918	34878	57278	92156
"2006.10.17"	"India"	"Batmaloo"	1	0	1	10458	15461	25919	34879	57278	92157
"2006.10.18"	"Thailand"	"Narathiwat"	1	0	1	10459	15461	25920	34880	57278	92158
"2006.10.18"	"Thailand"	"Yala"	1	4	5	10460	15465	25925	34881	57282	92163
"2006.10.19"	"Pakistan"	"Shakai"	2	3	5	10462	15468	25930	34883	57285	92168
"2006.10.19"	"Iraq"	"Khalis"	10	20	30	10472	15488	25960	34893	57305	92198
"2006.10.19"	"Iraq"	"Kirkuk"	11	74	85	10483	15562	26045	34904	57379	92283
"2006.10.19"	"Iraq"	"Khalis"	4	4	8	10487	15566	26053	34908	57383	92291
"2006.10.19"	"Afghanistan"	"Khost"	1	7	8	10488	15573	26061	34909	57390	92299
"2006.10.19"	"Iraq"	"Baghdad"	4	8	12	10492	15581	26073	34913	57398	92311
"2006.10.19"	"Afghanistan"	"Kunar"	8	0	8	10500	15581	26081	34921	57398	92319
"2006.10.19"	"India"	"Budhal"	1	0	1	10501	15581	26082	34922	57398	92320
"2006.10.19"	"Afghanistan"	"Lashkar Gah"	3	9	12	10504	15590	26094	34925	57407	92332
"2006.10.19"	"Iraq"	"Mosul"	21	26	47	10525	15616	26141	34946	57433	92379
"2006.10.19"	"Iraq"	"Mahmudiya"	7	3	10	10532	15619	26151	34953	57436	92389
"2006.10.19"	"Iraq"	"Baghdad"	12	32	44	10544	15651	26195	34965	57468	92433
"2006.10.20"	"Philippines"	"Kabacan"	1	2	3	10545	15653	26198	34966	57470	92436
"2006.10.20"	"Thailand"	"Pattani"	1	0	1	10546	15653	26199	34967	57470	92437
"2006.10.20"	"Pakistan"	"Peshawar"	7	41	48	10553	15694	26247	34974	57511	92485
"2006.10.20"	"Pakistan"	"Jandola"	1	0	1	10554	15694	26248	34975	57511	92486
"2006.10.20"	"Iraq"	"Balad"	9	0	9	10563	15694	26257	34984	57511	92495
"2006.10.20"	"India"	"Lolab"	1	0	1	10564	15694	26258	34985	57511	92496
"2006.10.20"	"Algeria"	"Timezrit"	1	0	1	10565	15694	26259	34986	57511	92497
"2006.10.20"	"Thailand"	"Songkhla"	4	13	17	10569	15707	26276	34990	57524	92514
"2006.10.20"	"Thailand"	"Narathiwat"	1	0	1	10570	15707	26277	34991	57524	92515
"2006.10.20"	"Thailand"	"Narathiwat"	1	0	1	10571	15707	26278	34992	57524	92516
"2006.10.20"	"Thailand"	"Narathiwat"	2	0	2	10573	15707	26280	34994	57524	92518
"2006.10.21"	"Thailand"	"Pattani"	1	1	2	10574	15708	26282	34995	57525	92520
"2006.10.21"	"India"	"Kishtwar"	1	1	2	10575	15709	26284	34996	57526	92522
"2006.10.21"	"Iraq"	"Baghdad"	7	15	22	10582	15724	26306	35003	57541	92544
"2006.10.21"	"Thailand"	"Narathiwat"	1	0	1	10583	15724	26307	35004	57541	92545
"2006.10.21"	"Afghanistan"	"Ismailkhel"	1	0	1	10584	15724	26308	35005	57541	92546
"2006.10.21"	"Iraq"	"Mahmoudiyah"	19	52	71	10603	15776	26379	35024	57593	92617
"2006.10.21"	"Philippines"	"Barangay Banawag"	1	0	1	10604	15776	26380	35025	57593	92618
"2006.10.21"	"Iraq"	"Baqubah"	1	0	1	10605	15776	26381	35026	57593	92619
"2006.10.22"	"India"	"Muzaffarnagar"	1	12	13	10606	15788	26394	35027	57605	92632
"2006.10.22"	"Iraq"	"Amil"	1	0	1	10607	15788	26395	35028	57605	92633
"2006.10.22"	"Iraq"	"Yarmuk"	2	0	2	10609	15788	26397	35030	57605	92635
"2006.10.22"	"Iraq"	"Baghdad"	5	6	11	10614	15794	26408	35035	57611	92646
"2006.10.22"	"Iraq"	"Madaen"	9	3	12	10623	15797	26420	35044	57614	92658
"2006.10.22"	"Thailand"	"Narathiwat"	1	12	13	10624	15809	26433	35045	57626	92671
"2006.10.22"	"Iraq"	"Baqubah"	13	25	38	10637	15834	26471	35058	57651	92709
"2006.10.22"	"Iraq"	"Baghdad"	50	0	50	10687	15834	26521	35108	57651	92759
"2006.10.22"	"Thailand"	"Pattani"	1	0	1	10688	15834	26522	35109	57651	92760
"2006.10.22"	"Pakistan"	"Bahawalpur"	1	0	1	10689	15834	26523	35110	57651	92761
"2006.10.23"	"India"	"Tarzoo"	1	1	2	10690	15835	26525	35111	57652	92763
"2006.10.23"	"Iraq"	"Baghdad"	21	35	56	10711	15870	26581	35132	57687	92819
"2006.10.23"	"Iraq"	"Haqlaniyah"	1	1	2	10712	15871	26583	35133	57688	92821
"2006.10.23"	"Thailand"	"Pattani"	1	0	1	10713	15871	26584	35134	57688	92822
"2006.10.23"	"Mali"	"Arouan"	9	3	12	10722	15874	26596	35143	57691	92834
"2006.10.23"	"Philippines"	"Zamboanga"	2	0	2	10724	15874	26598	35145	57691	92836
"2006.10.24"	"Thailand"	"Yala"	1	0	1	10725	15874	26599	35146	57691	92837
"2006.10.24"	"Iraq"	"Baghdad"	1	7	8	10726	15881	26607	35147	57698	92845
"2006.10.24"	"India"	"Changoo Dooru"	1	0	1	10727	15881	26608	35148	57698	92846
"2006.10.24"	"India"	"Baramulla"	1	0	1	10728	15881	26609	35149	57698	92847
"2006.10.25"	"India"	"Anantnag"	1	0	1	10729	15881	26610	35150	57698	92848
"2006.10.25"	"India"	"Kupwara"	2	0	2	10731	15881	26612	35152	57698	92850
"2006.10.25"	"Iraq"	"Mahmudiya"	4	0	4	10735	15881	26616	35156	57698	92854
"2006.10.25"	"Iraq"	"Husayba"	2	2	4	10737	15883	26620	35158	57700	92858
"2006.10.26"	"India"	"Tral"	1	0	1	10738	15883	26621	35159	57700	92859
"2006.10.26"	"Iraq"	"Mosul"	8	0	8	10746	15883	26629	35167	57700	92867
"2006.10.26"	"Iraq"	"Baqubah"	34	35	69	10780	15918	26698	35201	57735	92936
"2006.10.26"	"Thailand"	"Narathiwat"	1	5	6	10781	15923	26704	35202	57740	92942
"2006.10.26"	"Philippines"	"Zamboanga"	1	0	1	10782	15923	26705	35203	57740	92943
"2006.10.27"	"Iraq"	"Muradiya"	4	5	9	10786	15928	26714	35207	57745	92952
"2006.10.27"	"Iraq"	"Baghdad"	11	0	11	10797	15928	26725	35218	57745	92963
"2006.10.27"	"Thailand"	"Pattani"	1	0	1	10798	15928	26726	35219	57745	92964
"2006.10.27"	"Afghanistan"	"Uruzgan"	14	3	17	10812	15931	26743	35233	57748	92981
"2006.10.27"	"Thailand"	"Yala"	3	0	3	10815	15931	26746	35236	57748	92984
"2006.10.28"	"India"	"Jamslan"	1	1	2	10816	15932	26748	35237	57749	92986
"2006.10.28"	"Pakistan"	"Quetta"	1	12	13	10817	15944	26761	35238	57761	92999
"2006.10.28"	"India"	"Guwahati"	1	12	13	10818	15956	26774	35239	57773	93012
"2006.10.28"	"Iraq"	"Kut"	4	0	4	10822	15956	26778	35243	57773	93016
"2006.10.28"	"Thailand"	"Pattani"	1	0	1	10823	15956	26779	35244	57773	93017
"2006.10.28"	"Thailand"	"Pattani"	1	0	1	10824	15956	26780	35245	57773	93018
"2006.10.28"	"Thailand"	"Narathiwat"	1	0	1	10825	15956	26781	35246	57773	93019
"2006.10.28"	"Iraq"	"Suwayra"	5	0	5	10830	15956	26786	35251	57773	93024
"2006.10.28"	"Iraq"	"Baghdad"	2	43	45	10832	15999	26831	35253	57816	93069
"2006.10.28"	"India"	"Sopore"	1	32	33	10833	16031	26864	35254	57848	93102
"2006.10.28"	"Iraq"	"Iskandariya"	5	20	25	10838	16051	26889	35259	57868	93127
"2006.10.29"	"India"	"Pulwama"	1	0	1	10839	16051	26890	35260	57868	93128
"2006.10.29"	"Afghanistan"	"Oruzgan"	1	8	9	10840	16059	26899	35261	57876	93137
"2006.10.29"	"Sudan"	"Jabel Moun"	92	0	92	10932	16059	26991	35353	57876	93229
"2006.10.29"	"India"	"Mahore"	1	1	2	10933	16060	26993	35354	57877	93231
"2006.10.29"	"Philippines"	"Zamboanga"	1	0	1	10934	16060	26994	35355	57877	93232
"2006.10.29"	"Iraq"	"Baghdad"	31	0	31	10965	16060	27025	35386	57877	93263
"2006.10.29"	"Iraq"	"Fallujah"	5	0	5	10970	16060	27030	35391	57877	93268
"2006.10.29"	"Iraq"	"Basra"	19	0	19	10989	16060	27049	35410	57877	93287
"2006.10.29"	"Iraq"	"Baghdad"	2	0	2	10991	16060	27051	35412	57877	93289
"2006.10.29"	"Sudan"	"Khabesh"	22	0	22	11013	16060	27073	35434	57877	93311
"2006.10.30"	"India"	"Chadol"	1	1	2	11014	16061	27075	35435	57878	93313
"2006.10.30"	"Iraq"	"Kirkuk"	3	19	22	11017	16080	27097	35438	57897	93335
"2006.10.30"	"Iraq"	"Baghdad"	9	30	39	11026	16110	27136	35447	57927	93374
"2006.10.30"	"Iraq"	"Baghdad"	31	60	91	11057	16170	27227	35478	57987	93465
"2006.10.30"	"Iraq"	"Khalis"	2	3	5	11059	16173	27232	35480	57990	93470
"2006.10.30"	"Iraq"	"Mahmudiya"	12	0	12	11071	16173	27244	35492	57990	93482
"2006.10.30"	"Algeria"	"Raghaja"	1	14	15	11072	16187	27259	35493	58004	93497
"2006.10.30"	"Algeria"	"Dergana"	2	9	11	11074	16196	27270	35495	58013	93508
"2006.10.30"	"Thailand"	"Yala"	1	0	1	11075	16196	27271	35496	58013	93509
"2006.10.31"	"Pakistan"	"Azad Kashmir"	1	0	1	11076	16196	27272	35497	58013	93510
"2006.10.31"	"Chad"	"Amtiman"	128	0	128	11204	16196	27400	35625	58013	93638
"2006.10.31"	"Afghanistan"	"Nuristan"	3	1	4	11207	16197	27404	35628	58014	93642
"2006.10.31"	"Afghanistan"	"Ghazni"	1	2	3	11208	16199	27407	35629	58016	93645
"2006.10.31"	"Iraq"	"Baghdad"	4	13	17	11212	16212	27424	35633	58029	93662
"2006.10.31"	"Iraq"	"Baqubah"	10	3	13	11222	16215	27437	35643	58032	93675
"2006.10.31"	"Iraq"	"Suwayra"	8	0	8	11230	16215	27445	35651	58032	93683
"2006.10.31"	"Iraq"	"Baghdad"	23	19	42	11253	16234	27487	35674	58051	93725
"2006.11.01"	"Pakistan"	"Bajaur"	1	0	1	11254	16234	27488	35675	58051	93726
"2006.11.01"	"India"	"Lancha"	1	0	1	11255	16234	27489	35676	58051	93727
"2006.11.01"	"Thailand"	"Pattani"	1	0	1	11256	16234	27490	35677	58051	93728
"2006.11.01"	"Iraq"	"Baghdad"	35	0	35	11291	16234	27525	35712	58051	93763
"2006.11.01"	"Iraq"	"Baghdad"	12	24	36	11303	16258	27561	35724	58075	93799
"2006.11.01"	"Iraq"	"Mosul"	9	0	9	11312	16258	27570	35733	58075	93808
"2006.11.01"	"England"	"Blackburn"	5	0	5	11317	16258	27575	35738	58075	93813
"2006.11.02"	"Algeria"	"Tachebenk"	8	0	8	11325	16258	27583	35746	58075	93821
"2006.11.02"	"Afghanistan"	"Adraskan"	6	3	9	11331	16261	27592	35752	58078	93830
"2006.11.02"	"Iraq"	"Baghdad"	3	0	3	11334	16261	27595	35755	58078	93833
"2006.11.02"	"Iraq"	"Baghdad"	7	45	52	11341	16306	27647	35762	58123	93885
"2006.11.02"	"India"	"Srinagar"	1	2	3	11342	16308	27650	35763	58125	93888
"2006.11.02"	"India"	"Baramulla"	1	0	1	11343	16308	27651	35764	58125	93889
"2006.11.02"	"India"	"Drug Teng"	1	0	1	11344	16308	27652	35765	58125	93890
"2006.11.02"	"Iraq"	"Mahmudiya"	5	4	9	11349	16312	27661	35770	58129	93899
"2006.11.02"	"Iraq"	"Udhaim"	7	0	7	11356	16312	27668	35777	58129	93906
"2006.11.03"	"Iraq"	"Madaen"	4	0	4	11360	16312	27672	35781	58129	93910
"2006.11.03"	"Iraq"	"Baghdad"	58	0	58	11418	16312	27730	35839	58129	93968
"2006.11.03"	"Iraq"	"Baghdad"	6	6	12	11424	16318	27742	35845	58135	93980
"2006.11.03"	"Chechnya"	"Grozny"	1	3	4	11425	16321	27746	35846	58138	93984
"2006.11.03"	"Pakistan"	"Quetta"	2	5	7	11427	16326	27753	35848	58143	93991
"2006.11.03"	"Philippines"	"Mindanao"	3	5	8	11430	16331	27761	35851	58148	93999
"2006.11.03"	"Thailand"	"Yala"	1	0	1	11431	16331	27762	35852	58148	94000
"2006.11.03"	"Thailand"	"Yala"	1	0	1	11432	16331	27763	35853	58148	94001
"2006.11.03"	"Thailand"	"Yala"	1	1	2	11433	16332	27765	35854	58149	94003
"2006.11.03"	"Afghanistan"	"Khost"	2	1	3	11435	16333	27768	35856	58150	94006
"2006.11.03"	"India"	"Anantnag"	1	0	1	11436	16333	27769	35857	58150	94007
"2006.11.03"	"Pakistan"	"Makeen"	1	0	1	11437	16333	27770	35858	58150	94008
"2006.11.04"	"Thailand"	"Pattani"	1	0	1	11438	16333	27771	35859	58150	94009
"2006.11.04"	"Iraq"	"Latifiya"	2	3	5	11440	16336	27776	35861	58153	94014
"2006.11.04"	"Iraq"	"Baghdad"	27	0	27	11467	16336	27803	35888	58153	94041
"2006.11.04"	"Somalia"	"Baidoa"	2	4	6	11469	16340	27809	35890	58157	94047
"2006.11.04"	"Iraq"	"Mosul"	5	0	5	11474	16340	27814	35895	58157	94052
"2006.11.04"	"Iraq"	"Baghdad"	4	5	9	11478	16345	27823	35899	58162	94061
"2006.11.04"	"Iraq"	"Udhaim"	5	2	7	11483	16347	27830	35904	58164	94068
"2006.11.04"	"Thailand"	"Songkhla"	1	0	1	11484	16347	27831	35905	58164	94069
"2006.11.04"	"Pakistan"	"Inzar"	1	0	1	11485	16347	27832	35906	58164	94070
"2006.11.04"	"Iraq"	"Baghdad"	4	2	6	11489	16349	27838	35910	58166	94076
"2006.11.04"	"Chad"	"Bandikao"	56	41	97	11545	16390	27935	35966	58207	94173
"2006.11.04"	"Thailand"	"Narathiwat"	1	0	1	11546	16390	27936	35967	58207	94174
"2006.11.04"	"Thailand"	"Narathiwat"	1	0	1	11547	16390	27937	35968	58207	94175
"2006.11.05"	"India"	"Manglogi"	4	0	4	11551	16390	27941	35972	58207	94179
"2006.11.05"	"Thailand"	"Pattani"	1	0	1	11552	16390	27942	35973	58207	94180
"2006.11.05"	"Thailand"	"Narathiwat"	1	0	1	11553	16390	27943	35974	58207	94181
"2006.11.05"	"Thailand"	"Yala"	2	0	2	11555	16390	27945	35976	58207	94183
"2006.11.05"	"Thailand"	"Pattani"	1	0	1	11556	16390	27946	35977	58207	94184
"2006.11.05"	"Iraq"	"Adamiya"	2	4	6	11558	16394	27952	35979	58211	94190
"2006.11.05"	"India"	"Sunervani"	1	3	4	11559	16397	27956	35980	58214	94194
"2006.11.05"	"Thailand"	"Yala"	2	3	5	11561	16400	27961	35982	58217	94199
"2006.11.06"	"Ingushetia"	"Ordzhonikidze"	1	0	1	11562	16400	27962	35983	58217	94200
"2006.11.06"	"Chechnya"	"Grozny"	1	3	4	11563	16403	27966	35984	58220	94204
"2006.11.06"	"India"	"Nalwa Nullah"	1	0	1	11564	16403	27967	35985	58220	94205
"2006.11.07"	"India"	"Sarmarg"	1	0	1	11565	16403	27968	35986	58220	94206
"2006.11.07"	"Iraq"	"Baghdad"	21	25	46	11586	16428	28014	36007	58245	94252
"2006.11.07"	"Iraq"	"Adhamiya"	5	26	31	11591	16454	28045	36012	58271	94283
"2006.11.07"	"Iraq"	"Suwayra"	15	0	15	11606	16454	28060	36027	58271	94298
"2006.11.07"	"Chechnya"	"Tai"	7	1	8	11613	16455	28068	36034	58272	94306
"2006.11.07"	"Thailand"	"Pattani"	2	0	2	11615	16455	28070	36036	58272	94308
"2006.11.07"	"Thailand"	"Pattani"	1	0	1	11616	16455	28071	36037	58272	94309
"2006.11.07"	"Iraq"	"Fallujah"	3	8	11	11619	16463	28082	36040	58280	94320
"2006.11.07"	"Iraq"	"Mahmudiya"	2	0	2	11621	16463	28084	36042	58280	94322
"2006.11.07"	"Iraq"	"Baghdad"	10	0	10	11631	16463	28094	36052	58280	94332
"2006.11.07"	"Thailand"	"Narathiwat"	1	0	1	11632	16463	28095	36053	58280	94333
"2006.11.07"	"Thailand"	"Yala"	1	0	1	11633	16463	28096	36054	58280	94334
"2006.11.07"	"Thailand"	"Pattani"	1	0	1	11634	16463	28097	36055	58280	94335
"2006.11.07"	"Thailand"	"Narathiwat"	1	0	1	11635	16463	28098	36056	58280	94336
"2006.11.07"	"Chad"	"Koloy"	6	8	14	11641	16471	28112	36062	58288	94350
"2006.11.08"	"India"	"Warpora"	1	0	1	11642	16471	28113	36063	58288	94351
"2006.11.08"	"Iraq"	"Baghdad"	10	21	31	11652	16492	28144	36073	58309	94382
"2006.11.08"	"Iraq"	"Mahmudiya"	6	25	31	11658	16517	28175	36079	58334	94413
"2006.11.08"	"Iraq"	"Muqdadiya"	8	6	14	11666	16523	28189	36087	58340	94427
"2006.11.08"	"Iraq"	"Mosul"	6	0	6	11672	16523	28195	36093	58340	94433
"2006.11.08"	"Pakistan"	"Dargai"	42	20	62	11714	16543	28257	36135	58360	94495
"2006.11.08"	"Iraq"	"Baghdad"	8	24	32	11722	16567	28289	36143	58384	94527
"2006.11.08"	"Afghanistan"	"Zabul"	2	5	7	11724	16572	28296	36145	58389	94534
"2006.11.08"	"Sudan"	"Abu Jira"	5	0	5	11729	16572	28301	36150	58389	94539
"2006.11.09"	"Algeria"	"Bouira"	11	13	24	11740	16585	28325	36161	58402	94563
"2006.11.09"	"India"	"Thannamandi"	1	1	2	11741	16586	28327	36162	58403	94565
"2006.11.09"	"India"	"Qazigund"	1	0	1	11742	16586	28328	36163	58403	94566
"2006.11.09"	"Iraq"	"Tal Afar"	4	8	12	11746	16594	28340	36167	58411	94578
"2006.11.09"	"Iraq"	"Latifiya"	18	0	18	11764	16594	28358	36185	58411	94596
"2006.11.09"	"Thailand"	"Pattani"	1	0	1	11765	16594	28359	36186	58411	94597
"2006.11.09"	"Thailand"	"Pattani"	1	1	2	11766	16595	28361	36187	58412	94599
"2006.11.09"	"Iraq"	"Baghdad"	26	0	26	11792	16595	28387	36213	58412	94625
"2006.11.09"	"Iraq"	"Baghdad"	18	93	111	11810	16688	28498	36231	58505	94736
"2006.11.09"	"Thailand"	"Pattani"	1	0	1	11811	16688	28499	36232	58505	94737
"2006.11.09"	"Thailand"	"Yala"	0	13	13	11811	16701	28512	36232	58518	94750
"2006.11.10"	"Pakistan"	"Shakai"	4	2	6	11815	16703	28518	36236	58520	94756
"2006.11.10"	"Iraq"	"Mosul"	1	0	1	11816	16703	28519	36237	58520	94757
"2006.11.10"	"Iraq"	"Yusufiya"	14	0	14	11830	16703	28533	36251	58520	94771
"2006.11.10"	"Iraq"	"Tal Afar"	5	17	22	11835	16720	28555	36256	58537	94793
"2006.11.10"	"India"	"Pulwama"	6	50	56	11841	16770	28611	36262	58587	94849
"2006.11.10"	"India"	"Rawuchh"	1	0	1	11842	16770	28612	36263	58587	94850
"2006.11.10"	"Algeria"	"T'Kout"	1	0	1	11843	16770	28613	36264	58587	94851
"2006.11.11"	"Iraq"	"Tal Afar"	6	10	16	11849	16780	28629	36270	58597	94867
"2006.11.11"	"Sudan"	"Sirba"	31	40	71	11880	16820	28700	36301	58637	94938
"2006.11.11"	"Thailand"	"Yala"	2	0	2	11882	16820	28702	36303	58637	94940
"2006.11.11"	"Thailand"	"Pattani"	1	0	1	11883	16820	28703	36304	58637	94941
"2006.11.11"	"Iraq"	"Baghdad"	10	38	48	11893	16858	28751	36314	58675	94989
"2006.11.11"	"Iraq"	"Zaghinya"	2	0	2	11895	16858	28753	36316	58675	94991
"2006.11.11"	"Iraq"	"Baghdad"	5	0	5	11900	16858	28758	36321	58675	94996
"2006.11.11"	"Iraq"	"Baghdad"	10	0	10	11910	16858	28768	36331	58675	95006
"2006.11.11"	"Sudan"	"Western Darfur"	11	8	19	11921	16866	28787	36342	58683	95025
"2006.11.12"	"Thailand"	"Narathiwat"	1	1	2	11922	16867	28789	36343	58684	95027
"2006.11.12"	"Iraq"	"Baghdad"	4	0	4	11926	16867	28793	36347	58684	95031
"2006.11.12"	"Iraq"	"Baghdad"	35	58	93	11961	16925	28886	36382	58742	95124
"2006.11.12"	"Thailand"	"Narathiwat"	1	1	2	11962	16926	28888	36383	58743	95126
"2006.11.12"	"Iraq"	"Baqubah"	50	0	50	12012	16926	28938	36433	58743	95176
"2006.11.12"	"Iraq"	"Baghdad"	25	0	25	12037	16926	28963	36458	58743	95201
"2006.11.12"	"Sudan"	"Madu"	6	0	6	12043	16926	28969	36464	58743	95207
"2006.11.12"	"Iraq"	"Baghdad"	3	15	18	12046	16941	28987	36467	58758	95225
"2006.11.13"	"India"	"Mehar"	1	0	1	12047	16941	28988	36468	58758	95226
"2006.11.13"	"India"	"Sofshali"	1	0	1	12048	16941	28989	36469	58758	95227
"2006.11.13"	"Pakistan"	"Quetta"	2	15	17	12050	16956	29006	36471	58773	95244
"2006.11.13"	"Iraq"	"Baghdad"	20	18	38	12070	16974	29044	36491	58791	95282
"2006.11.13"	"Thailand"	"Yala"	1	0	1	12071	16974	29045	36492	58791	95283
"2006.11.13"	"Thailand"	"Narathiwat"	1	0	1	12072	16974	29046	36493	58791	95284
"2006.11.13"	"Iraq"	"Yusufiya"	5	0	5	12077	16974	29051	36498	58791	95289
"2006.11.13"	"Iraq"	"Baghdad"	46	0	46	12123	16974	29097	36544	58791	95335
"2006.11.13"	"Iraq"	"Kirkuk"	4	0	4	12127	16974	29101	36548	58791	95339
"2006.11.13"	"Iraq"	"Baghdad"	5	0	5	12132	16974	29106	36553	58791	95344
"2006.11.14"	"Iraq"	"Baghdad"	7	27	34	12139	17001	29140	36560	58818	95378
"2006.11.14"	"Iraq"	"Baqubah"	10	0	10	12149	17001	29150	36570	58818	95388
"2006.11.14"	"Iraq"	"Baghdad"	10	25	35	12159	17026	29185	36580	58843	95423
"2006.11.14"	"Iraq"	"Mosul"	11	0	11	12170	17026	29196	36591	58843	95434
"2006.11.14"	"India"	"Kashmir"	0	40	40	12170	17066	29236	36591	58883	95474
"2006.11.14"	"Pakistan"	"Thari Mirwah"	2	0	2	12172	17066	29238	36593	58883	95476
"2006.11.14"	"Iraq"	"Basra"	4	1	5	12176	17067	29243	36597	58884	95481
"2006.11.15"	"Sudan"	"Deir Mazza"	52	12	64	12228	17079	29307	36649	58896	95545
"2006.11.15"	"Iraq"	"Baghdad"	3	15	18	12231	17094	29325	36652	58911	95563
"2006.11.15"	"Iraq"	"Baghdad"	12	33	45	12243	17127	29370	36664	58944	95608
"2006.11.15"	"Iraq"	"Mosul"	6	0	6	12249	17127	29376	36670	58944	95614
"2006.11.15"	"Iraq"	"Latifiya"	10	0	10	12259	17127	29386	36680	58944	95624
"2006.11.15"	"Israel"	"Sderot"	1	2	3	12260	17129	29389	36681	58946	95627
"2006.11.15"	"Thailand"	"Yala"	1	0	1	12261	17129	29390	36682	58946	95628
"2006.11.15"	"Iraq"	"Baghdad"	55	0	55	12316	17129	29445	36737	58946	95683
"2006.11.16"	"Chad"	"Koloy"	1	3	4	12317	17132	29449	36738	58949	95687
"2006.11.16"	"Thailand"	"Narathiwat"	1	0	1	12318	17132	29450	36739	58949	95688
"2006.11.16"	"Iraq"	"Baghdad"	43	18	61	12361	17150	29511	36782	58967	95749
"2006.11.16"	"Pakistan"	"Bara"	22	5	27	12383	17155	29538	36804	58972	95776
"2006.11.16"	"Iraq"	"Baghdad"	9	2	11	12392	17157	29549	36813	58974	95787
"2006.11.17"	"Thailand"	"Yala"	1	0	1	12393	17157	29550	36814	58974	95788
"2006.11.17"	"Thailand"	"Yala"	1	0	1	12394	17157	29551	36815	58974	95789
"2006.11.17"	"Thailand"	"Yala"	1	0	1	12395	17157	29552	36816	58974	95790
"2006.11.17"	"Thailand"	"Pattani"	1	0	1	12396	17157	29553	36817	58974	95791
"2006.11.17"	"Thailand"	"Pattani"	1	0	1	12397	17157	29554	36818	58974	95792
"2006.11.17"	"Thailand"	"Narathiwat"	1	27	28	12398	17184	29582	36819	59001	95820
"2006.11.17"	"Pakistan"	"Lahore"	1	7	8	12399	17191	29590	36820	59008	95828
"2006.11.17"	"Iraq"	"Baghdad"	20	0	20	12419	17191	29610	36840	59008	95848
"2006.11.17"	"Iraq"	"Kirkuk"	3	1	4	12422	17192	29614	36843	59009	95852
"2006.11.17"	"Somalia"	"Mogadishu"	1	3	4	12423	17195	29618	36844	59012	95856
"2006.11.18"	"Iraq"	"Ishaqi"	7	0	7	12430	17195	29625	36851	59012	95863
"2006.11.18"	"Iraq"	"Baghdad"	36	3	39	12466	17198	29664	36887	59015	95902
"2006.11.19"	"Pakistan"	"Razmak"	1	0	1	12467	17198	29665	36888	59015	95903
"2006.11.19"	"Iraq"	"Hawi Jah"	3	0	3	12470	17198	29668	36891	59015	95906
"2006.11.19"	"Iraq"	"Sadiya al-Jabal"	8	2	10	12478	17200	29678	36899	59017	95916
"2006.11.19"	"India"	"Cheke Natnussa"	2	0	2	12480	17200	29680	36901	59017	95918
"2006.11.19"	"Thailand"	"Narathiwat"	3	0	3	12483	17200	29683	36904	59017	95921
"2006.11.19"	"Thailand"	"Hat Yai"	1	0	1	12484	17200	29684	36905	59017	95922
"2006.11.19"	"Iraq"	"Baghdad"	45	0	45	12529	17200	29729	36950	59017	95967
"2006.11.19"	"Iraq"	"Hilla"	22	44	66	12551	17244	29795	36972	59061	96033
"2006.11.19"	"Iraq"	"Baghdad"	13	48	61	12564	17292	29856	36985	59109	96094
"2006.11.19"	"Chechnya"	"Kurchaloi"	3	0	3	12567	17292	29859	36988	59109	96097
"2006.11.19"	"Thailand"	"Yala"	1	0	1	12568	17292	29860	36989	59109	96098
"2006.11.19"	"Thailand"	"Pattani"	1	0	1	12569	17292	29861	36990	59109	96099
"2006.11.19"	"Somalia"	"Bardaleh"	6	20	26	12575	17312	29887	36996	59129	96125
"2006.11.20"	"Iraq"	"Baghdad"	3	5	8	12578	17317	29895	36999	59134	96133
"2006.11.20"	"Iraq"	"Baghdad"	2	0	2	12580	17317	29897	37001	59134	96135
"2006.11.20"	"Iraq"	"Ramadi"	2	6	8	12582	17323	29905	37003	59140	96143
"2006.11.20"	"Iraq"	"Mosul"	3	4	7	12585	17327	29912	37006	59144	96150
"2006.11.20"	"Iraq"	"Baghdad"	14	0	14	12599	17327	29926	37020	59144	96164
"2006.11.20"	"Thailand"	"Sungai Kolok"	2	16	18	12601	17343	29944	37022	59160	96182
"2006.11.20"	"Iraq"	"Dujayl"	7	0	7	12608	17343	29951	37029	59160	96189
"2006.11.20"	"Iraq"	"Taji"	5	0	5	12613	17343	29956	37034	59160	96194
"2006.11.20"	"Iraq"	"Tal Afar"	3	0	3	12616	17343	29959	37037	59160	96197
"2006.11.21"	"Afghanistan"	"Kandahar"	1	0	1	12617	17343	29960	37038	59160	96198
"2006.11.21"	"Iraq"	"Baqubah"	19	5	24	12636	17348	29984	37057	59165	96222
"2006.11.21"	"Iraq"	"Latifiyah"	6	0	6	12642	17348	29990	37063	59165	96228
"2006.11.21"	"Iraq"	"Suwayrah"	7	0	7	12649	17348	29997	37070	59165	96235
"2006.11.21"	"Iraq"	"Baghdad"	35	19	54	12684	17367	30051	37105	59184	96289
"2006.11.21"	"Iraq"	"Baghdad"	7	0	7	12691	17367	30058	37112	59184	96296
"2006.11.21"	"India"	"Mamoosa"	1	0	1	12692	17367	30059	37113	59184	96297
"2006.11.21"	"India"	"Awantipora"	1	0	1	12693	17367	30060	37114	59184	96298
"2006.11.21"	"Afghanistan"	"Helmand"	2	0	2	12695	17367	30062	37116	59184	96300
"2006.11.21"	"Lebanon"	"Beirut"	1	0	1	12696	17367	30063	37117	59184	96301
"2006.11.22"	"Thailand"	"Narathiwat"	2	0	2	12698	17367	30065	37119	59184	96303
"2006.11.22"	"Iraq"	"Iskandariya"	7	1	8	12705	17368	30073	37126	59185	96311
"2006.11.22"	"Iraq"	"Mosul"	14	0	14	12719	17368	30087	37140	59185	96325
"2006.11.22"	"Iraq"	"Baghdad"	52	0	52	12771	17368	30139	37192	59185	96377
"2006.11.22"	"Israel"	"Sderot"	1	0	1	12772	17368	30140	37193	59185	96378
"2006.11.22"	"Pakistan"	"Tando Masti"	2	0	2	12774	17368	30142	37195	59185	96380
"2006.11.23"	"Thailand"	"Pattani"	1	0	1	12775	17368	30143	37196	59185	96381
"2006.11.23"	"Thailand"	"Yala"	1	0	1	12776	17368	30144	37197	59185	96382
"2006.11.23"	"Thailand"	"Pattani"	1	0	1	12777	17368	30145	37198	59185	96383
"2006.11.23"	"Thailand"	"Narathiwat"	1	0	1	12778	17368	30146	37199	59185	96384
"2006.11.23"	"Iraq"	"Baghdad"	202	217	419	12980	17585	30565	37401	59402	96803
"2006.11.23"	"Iraq"	"Baghdad"	9	3	12	12989	17588	30577	37410	59405	96815
"2006.11.24"	"India"	"Rampur"	8	2	10	12997	17590	30587	37418	59407	96825
"2006.11.24"	"Algeria"	"Biskra"	5	0	5	13002	17590	30592	37423	59407	96830
"2006.11.24"	"Afghanistan"	"Khost"	2	1	3	13004	17591	30595	37425	59408	96833
"2006.11.24"	"Iraq"	"Tal Afar"	23	43	66	13027	17634	30661	37448	59451	96899
"2006.11.24"	"Thailand"	"Narithiwat"	1	0	1	13028	17634	30662	37449	59451	96900
"2006.11.24"	"Thailand"	"Pattani"	1	0	1	13029	17634	30663	37450	59451	96901
"2006.11.24"	"Iraq"	"Baghdad"	25	14	39	13054	17648	30702	37475	59465	96940
"2006.11.24"	"Iraq"	"Baghdad"	30	0	30	13084	17648	30732	37505	59465	96970
"2006.11.24"	"Pakistan"	"Sharif Chachar"	1	0	1	13085	17648	30733	37506	59465	96971
"2006.11.25"	"Thailand"	"Yala"	3	0	3	13088	17648	30736	37509	59465	96974
"2006.11.25"	"Thailand"	"Yala"	1	2	3	13089	17650	30739	37510	59467	96977
"2006.11.25"	"Iraq"	"Baghdad"	25	0	25	13114	17650	30764	37535	59467	97002
"2006.11.25"	"Iraq"	"Diyala"	21	0	21	13135	17650	30785	37556	59467	97023
"2006.11.25"	"Iraq"	"Khaldiya"	4	9	13	13139	17659	30798	37560	59476	97036
"2006.11.26"	"Iraq"	"Baqubah"	25	0	25	13164	17659	30823	37585	59476	97061
"2006.11.26"	"Iraq"	"Iskandiriya"	8	28	36	13172	17687	30859	37593	59504	97097
"2006.11.26"	"Iraq"	"Haqlaniya"	11	0	11	13183	17687	30870	37604	59504	97108
"2006.11.26"	"Iraq"	"Haswa"	5	23	28	13188	17710	30898	37609	59527	97136
"2006.11.26"	"Iraq"	"Basra"	4	0	4	13192	17710	30902	37613	59527	97140
"2006.11.26"	"Afghanistan"	"Paktika"	15	25	40	13207	17735	30942	37628	59552	97180
"2006.11.26"	"Thailand"	"Yala"	2	0	2	13209	17735	30944	37630	59552	97182
"2006.11.26"	"Thailand"	"Narathiwat"	1	1	2	13210	17736	30946	37631	59553	97184
"2006.11.26"	"Thailand"	"Narathiwat"	1	0	1	13211	17736	30947	37632	59553	97185
"2006.11.26"	"Thailand"	"Pattani"	1	1	2	13212	17737	30949	37633	59554	97187
"2006.11.27"	"Afghanistan"	"Kandahar"	2	0	2	13214	17737	30951	37635	59554	97189
"2006.11.27"	"Chechnya"	"Gudermes"	1	2	3	13215	17739	30954	37636	59556	97192
"2006.11.27"	"Pakistan"	"Makeen"	1	0	1	13216	17739	30955	37637	59556	97193
"2006.11.27"	"Iraq"	"Muqdidiya"	5	25	30	13221	17764	30985	37642	59581	97223
"2006.11.27"	"Iraq"	"Baghdad"	44	0	44	13265	17764	31029	37686	59581	97267
"2006.11.27"	"Iraq"	"Mosul"	2	0	2	13267	17764	31031	37688	59581	97269
"2006.11.27"	"Pakistan"	"Kahero Golo"	1	0	1	13268	17764	31032	37689	59581	97270
"2006.11.28"	"Dagestan"	"Khasavyurt"	1	0	1	13269	17764	31033	37690	59581	97271
"2006.11.28"	"Afghanistan"	"Herat"	1	1	2	13270	17765	31035	37691	59582	97273
"2006.11.28"	"Iraq"	"Baghdad"	36	23	59	13306	17788	31094	37727	59605	97332
"2006.11.28"	"Iraq"	"Baghdad"	4	40	44	13310	17828	31138	37731	59645	97376
"2006.11.28"	"Iraq"	"Kirkuk"	1	12	13	13311	17840	31151	37732	59657	97389
"2006.11.28"	"Thailand"	"Yala"	2	0	2	13313	17840	31153	37734	59657	97391
"2006.11.29"	"Iraq"	"Baqubah"	29	0	29	13342	17840	31182	37763	59657	97420
"2006.11.29"	"Afghanistan"	"Kandahar"	2	0	2	13344	17840	31184	37765	59657	97422
"2006.11.29"	"Iraq"	"Baghdad"	52	0	52	13396	17840	31236	37817	59657	97474
"2006.11.29"	"Iraq"	"Samarra"	6	4	10	13402	17844	31246	37823	59661	97484
"2006.11.29"	"Iraq"	"Mosul"	2	23	25	13404	17867	31271	37825	59684	97509
"2006.11.29"	"Pakistan"	"Sukkur"	4	0	4	13408	17867	31275	37829	59684	97513
"2006.11.30"	"Iraq"	"Baghdad"	4	22	26	13412	17889	31301	37833	59706	97539
"2006.11.30"	"Iraq"	"Samarra"	6	4	10	13418	17893	31311	37839	59710	97549
"2006.11.30"	"Somalia"	"Baidoa"	4	5	9	13422	17898	31320	37843	59715	97558
"2006.11.30"	"Thailand"	"Narathiwat"	1	1	2	13423	17899	31322	37844	59716	97560
"2006.11.30"	"Thailand"	"Narathiwat"	1	0	1	13424	17899	31323	37845	59716	97561
"2006.11.30"	"Thailand"	"Pattani"	0	1	1	13424	17900	31324	37845	59717	97562
"2006.12.01"	"Iraq"	"Mosul"	14	0	14	13438	17900	31338	37859	59717	97576
"2006.12.01"	"Iraq"	"Rashidiya"	4	3	7	13442	17903	31345	37863	59720	97583
"2006.12.01"	"Iraq"	"Baghdad"	25	35	60	13467	17938	31405	37888	59755	97643
"2006.12.01"	"Iraq"	"Kirkuk"	2	4	6	13469	17942	31411	37890	59759	97649
"2006.12.01"	"Iraq"	"Mosul"	4	29	33	13473	17971	31444	37894	59788	97682
"2006.12.01"	"Iraq"	"Baquba"	3	2	5	13476	17973	31449	37897	59790	97687
"2006.12.01"	"India"	"Mangalore"	1	0	1	13477	17973	31450	37898	59790	97688
"2006.12.02"	"Pakistan"	"Peshawar"	1	0	1	13478	17973	31451	37899	59790	97689
"2006.12.02"	"Pakistan"	"Bara Qadim"	4	2	6	13482	17975	31457	37903	59792	97695
"2006.12.02"	"Iraq"	"Khalis"	2	3	5	13484	17978	31462	37905	59795	97700
"2006.12.02"	"Iraq"	"Baghdad"	2	6	8	13486	17984	31470	37907	59801	97708
"2006.12.02"	"Pakistan"	"Naushki"	1	1	2	13487	17985	31472	37908	59802	97710
"2006.12.02"	"Iraq"	"Baghdad"	51	90	141	13538	18075	31613	37959	59892	97851
"2006.12.02"	"Iraq"	"Baghdad"	44	0	44	13582	18075	31657	38003	59892	97895
"2006.12.02"	"Pakistan"	"Nushki"	1	0	1	13583	18075	31658	38004	59892	97896
"2006.12.02"	"Thailand"	"Pattani"	1	0	1	13584	18075	31659	38005	59892	97897
"2006.12.02"	"Thailand"	"Yala"	1	1	2	13585	18076	31661	38006	59893	97899
"2006.12.02"	"Thailand"	"Narathiwat"	2	0	2	13587	18076	31663	38008	59893	97901
"2006.12.03"	"India"	"Baramulla"	1	0	1	13588	18076	31664	38009	59893	97902
"2006.12.03"	"Pakistan"	"Bannu"	1	1	2	13589	18077	31666	38010	59894	97904
"2006.12.03"	"Iraq"	"Baghdad"	3	15	18	13592	18092	31684	38013	59909	97922
"2006.12.03"	"Iraq"	"Mosul"	8	4	12	13600	18096	31696	38021	59913	97934
"2006.12.03"	"Iraq"	"Kirkuk"	3	2	5	13603	18098	31701	38024	59915	97939
"2006.12.03"	"Iraq"	"Latifiya"	3	2	5	13606	18100	31706	38027	59917	97944
"2006.12.03"	"Thailand"	"Yala"	2	0	2	13608	18100	31708	38029	59917	97946
"2006.12.03"	"Afghanistan"	"Kandahar"	8	19	27	13616	18119	31735	38037	59936	97973
"2006.12.03"	"Thailand"	"Narathiwat"	1	0	1	13617	18119	31736	38038	59936	97974
"2006.12.03"	"Iraq"	"Baghdad"	50	0	50	13667	18119	31786	38088	59936	98024
"2006.12.03"	"Iraq"	"Mosul"	1	0	1	13668	18119	31787	38089	59936	98025
"2006.12.04"	"Iraq"	"Baghdad"	52	0	52	13720	18119	31839	38141	59936	98077
"2006.12.04"	"Iraq"	"Mosul"	11	5	16	13731	18124	31855	38152	59941	98093
"2006.12.04"	"Iraq"	"Baqubah"	4	0	4	13735	18124	31859	38156	59941	98097
"2006.12.04"	"Thailand"	"Pattani"	2	0	2	13737	18124	31861	38158	59941	98099
"2006.12.04"	"Thailand"	"Narathiwat"	1	0	1	13738	18124	31862	38159	59941	98100
"2006.12.04"	"Thailand"	"Yala"	2	0	2	13740	18124	31864	38161	59941	98102
"2006.12.04"	"India"	"Sopore"	1	0	1	13741	18124	31865	38162	59941	98103
"2006.12.04"	"Israel"	"Kafr Qassem"	1	0	1	13742	18124	31866	38163	59941	98104
"2006.12.05"	"Thailand"	"Narathiwat"	2	0	2	13744	18124	31868	38165	59941	98106
"2006.12.05"	"India"	"Varmul"	1	15	16	13745	18139	31884	38166	59956	98122
"2006.12.05"	"Iraq"	"Baghdad"	16	25	41	13761	18164	31925	38182	59981	98163
"2006.12.05"	"Iraq"	"Baghdad"	14	4	18	13775	18168	31943	38196	59985	98181
"2006.12.05"	"Iraq"	"Baghdad"	8	23	31	13783	18191	31974	38204	60008	98212
"2006.12.05"	"Thailand"	"Yala"	2	18	20	13785	18209	31994	38206	60026	98232
"2006.12.06"	"Afghanistan"	"Herat"	1	1	2	13786	18210	31996	38207	60027	98234
"2006.12.06"	"Iraq"	"Iskandariya"	4	12	16	13790	18222	32012	38211	60039	98250
"2006.12.06"	"Iraq"	"Khalis"	1	8	9	13791	18230	32021	38212	60047	98259
"2006.12.06"	"Iraq"	"Mahmudiya"	3	0	3	13794	18230	32024	38215	60047	98262
"2006.12.06"	"Iraq"	"Baghdad"	13	70	83	13807	18300	32107	38228	60117	98345
"2006.12.06"	"India"	"Srinagar"	0	15	15	13807	18315	32122	38228	60132	98360
"2006.12.06"	"Thailand"	"Yala"	1	0	1	13808	18315	32123	38229	60132	98361
"2006.12.06"	"Iraq"	"Baghdad"	10	54	64	13818	18369	32187	38239	60186	98425
"2006.12.06"	"Afghanistan"	"Kandahar"	7	3	10	13825	18372	32197	38246	60189	98435
"2006.12.06"	"Thailand"	"Yala"	1	2	3	13826	18374	32200	38247	60191	98438
"2006.12.06"	"Thailand"	"Yala"	2	1	3	13828	18375	32203	38249	60192	98441
"2006.12.06"	"Thailand"	"Pattani"	2	0	2	13830	18375	32205	38251	60192	98443
"2006.12.06"	"Thailand"	"Narathiwat"	1	0	1	13831	18375	32206	38252	60192	98444
"2006.12.07"	"Jordan"	"Amman"	2	0	2	13833	18375	32208	38254	60192	98446
"2006.12.07"	"India"	"Brinti Batpora"	1	0	1	13834	18375	32209	38255	60192	98447
"2006.12.07"	"Thailand"	"Yala"	3	0	3	13837	18375	32212	38258	60192	98450
"2006.12.07"	"Saudi Arabia"	"Jeddah"	2	0	2	13839	18375	32214	38260	60192	98452
"2006.12.07"	"Afghanistan"	"Kandahar"	2	7	9	13841	18382	32223	38262	60199	98461
"2006.12.08"	"Afghanistan"	"Kunar"	5	0	5	13846	18382	32228	38267	60199	98466
"2006.12.08"	"Iraq"	"Baghdad"	23	11	34	13869	18393	32262	38290	60210	98500
"2006.12.08"	"India"	"Zachaldara"	1	0	1	13870	18393	32263	38291	60210	98501
"2006.12.09"	"Sudan"	"Sirba"	22	10	32	13892	18403	32295	38313	60220	98533
"2006.12.09"	"Afghanistan"	"Muradabad"	2	0	2	13894	18403	32297	38315	60220	98535
"2006.12.09"	"Iraq"	"Karbala"	8	36	44	13902	18439	32341	38323	60256	98579
"2006.12.09"	"Thailand"	"Narathiwat"	1	0	1	13903	18439	32342	38324	60256	98580
"2006.12.09"	"Iraq"	"Baghdad"	43	0	43	13946	18439	32385	38367	60256	98623
"2006.12.09"	"Iraq"	"Kirkuk"	1	0	1	13947	18439	32386	38368	60256	98624
"2006.12.09"	"Afghanistan"	"Paktia"	6	0	6	13953	18439	32392	38374	60256	98630
"2006.12.09"	"Sudan"	"al-Fashir"	2	8	10	13955	18447	32402	38376	60264	98640
"2006.12.10"	"Somalia"	"Baidoa"	20	0	20	13975	18447	32422	38396	60264	98660
"2006.12.10"	"Thailand"	"Pattani"	2	0	2	13977	18447	32424	38398	60264	98662
"2006.12.10"	"Algeria"	"Algiers"	1	8	9	13978	18455	32433	38399	60272	98671
"2006.12.10"	"Pakistan"	"Tirah"	4	0	4	13982	18455	32437	38403	60272	98675
"2006.12.10"	"Pakistan"	"Punjabi Dob"	1	1	2	13983	18456	32439	38404	60273	98677
"2006.12.10"	"Thailand"	"Pattani"	1	1	2	13984	18457	32441	38405	60274	98679
"2006.12.10"	"Thailand"	"Yala"	2	0	2	13986	18457	32443	38407	60274	98681
"2006.12.10"	"Iraq"	"Baghdad"	2	6	8	13988	18463	32451	38409	60280	98689
"2006.12.10"	"Iraq"	"Kirkuk"	1	0	1	13989	18463	32452	38410	60280	98690
"2006.12.10"	"Iraq"	"Baghdad"	17	0	17	14006	18463	32469	38427	60280	98707
"2006.12.10"	"Iraq"	"Baghdad"	5	0	5	14011	18463	32474	38432	60280	98712
"2006.12.10"	"Iraq"	"Baghdad"	4	0	4	14015	18463	32478	38436	60280	98716
"2006.12.11"	"Iraq"	"Baghdad"	46	0	46	14061	18463	32524	38482	60280	98762
"2006.12.11"	"Sudan"	"Hashaaba"	8	0	8	14069	18463	32532	38490	60280	98770
"2006.12.11"	"Iraq"	"Mosul"	4	0	4	14073	18463	32536	38494	60280	98774
"2006.12.11"	"Iraq"	"Tuz Khurmato"	6	1	7	14079	18464	32543	38500	60281	98781
"2006.12.11"	"Iraq"	"Baghdad"	10	18	28	14089	18482	32571	38510	60299	98809
"2006.12.11"	"Turkey"	"Bursa"	1	0	1	14090	18482	32572	38511	60299	98810
"2006.12.11"	"Pal. Auth."	"Gaza"	3	1	4	14093	18483	32576	38514	60300	98814
"2006.12.12"	"Iraq"	"Baghdad"	47	0	47	14140	18483	32623	38561	60300	98861
"2006.12.12"	"Iraq"	"Kirkuk"	5	15	20	14145	18498	32643	38566	60315	98881
"2006.12.12"	"Iraq"	"Riyadh"	3	2	5	14148	18500	32648	38569	60317	98886
"2006.12.12"	"Iraq"	"Mosul"	4	0	4	14152	18500	32652	38573	60317	98890
"2006.12.12"	"Iraq"	"Baghdad"	71	236	307	14223	18736	32959	38644	60553	99197
"2006.12.12"	"Thailand"	"Pattani"	1	1	2	14224	18737	32961	38645	60554	99199
"2006.12.12"	"Afghanistan"	"Lashkar Gah"	8	8	16	14232	18745	32977	38653	60562	99215
"2006.12.12"	"Afghanistan"	"Khost"	1	1	2	14233	18746	32979	38654	60563	99217
"2006.12.13"	"Iraq"	"Baghdad"	5	10	15	14238	18756	32994	38659	60573	99232
"2006.12.13"	"Iraq"	"al-Hesna"	9	0	9	14247	18756	33003	38668	60573	99241
"2006.12.13"	"Iraq"	"Riyadh"	17	15	32	14264	18771	33035	38685	60588	99273
"2006.12.13"	"Thailand"	"Yala"	2	1	3	14266	18772	33038	38687	60589	99276
"2006.12.13"	"Iraq"	"Baghdad"	11	27	38	14277	18799	33076	38698	60616	99314
"2006.12.13"	"Pal. Auth."	"Gaza"	1	0	1	14278	18799	33077	38699	60616	99315
"2006.12.13"	"Thailand"	"Yala"	1	0	1	14279	18799	33078	38700	60616	99316
"2006.12.13"	"Thailand"	"Yala"	1	0	1	14280	18799	33079	38701	60616	99317
"2006.12.14"	"Iraq"	"al-Lij"	2	0	2	14282	18799	33081	38703	60616	99319
"2006.12.14"	"Iraq"	"Mahaweel"	2	6	8	14284	18805	33089	38705	60622	99327
"2006.12.14"	"India"	"Mamoosa"	1	0	1	14285	18805	33090	38706	60622	99328
"2006.12.14"	"Iraq"	"Baghdad"	47	7	54	14332	18812	33144	38753	60629	99382
"2006.12.14"	"Afghanistan"	"Qalat"	4	25	29	14336	18837	33173	38757	60654	99411
"2006.12.15"	"Afghanistan"	"Paktia"	1	5	6	14337	18842	33179	38758	60659	99417
"2006.12.15"	"Iraq"	"Mosul"	18	0	18	14355	18842	33197	38776	60659	99435
"2006.12.15"	"India"	"Chandiyal"	1	0	1	14356	18842	33198	38777	60659	99436
"2006.12.16"	"Iraq"	"Baghdad"	53	0	53	14409	18842	33251	38830	60659	99489
"2006.12.16"	"Iraq"	"Iskandiriyah"	2	1	3	14411	18843	33254	38832	60660	99492
"2006.12.16"	"India"	"Pateli Daraj"	2	0	2	14413	18843	33256	38834	60660	99494
"2006.12.17"	"Chad"	"Aradib"	15	0	15	14428	18843	33271	38849	60660	99509
"2006.12.17"	"Iraq"	"Rutba"	5	0	5	14433	18843	33276	38854	60660	99514
"2006.12.17"	"India"	"Tenkasi"	1	0	1	14434	18843	33277	38855	60660	99515
"2006.12.18"	"Iraq"	"Diyala"	4	0	4	14438	18843	33281	38859	60660	99519
"2006.12.18"	"Iraq"	"Baghdad"	44	0	44	14482	18843	33325	38903	60660	99563
"2006.12.18"	"Afghanistan"	"Bazar Talukan"	26	0	26	14508	18843	33351	38929	60660	99589
"2006.12.18"	"Iraq"	"Saidiya"	5	19	24	14513	18862	33375	38934	60679	99613
"2006.12.18"	"Iraq"	"Baghdad"	1	2	3	14514	18864	33378	38935	60681	99616
"2006.12.19"	"Thailand"	"Pattani"	1	0	1	14515	18864	33379	38936	60681	99617
"2006.12.19"	"Thailand"	"Narathiwat"	1	0	1	14516	18864	33380	38937	60681	99618
"2006.12.19"	"Iraq"	"Baghdad"	53	0	53	14569	18864	33433	38990	60681	99671
"2006.12.19"	"Iraq"	"Baqubah"	12	0	12	14581	18864	33445	39002	60681	99683
"2006.12.20"	"Thailand"	"Yala"	1	0	1	14582	18864	33446	39003	60681	99684
"2006.12.20"	"Thailand"	"Yala"	1	0	1	14583	18864	33447	39004	60681	99685
"2006.12.20"	"Iraq"	"Baghdad"	73	0	73	14656	18864	33520	39077	60681	99758
"2006.12.20"	"Iraq"	"Baghdad"	11	31	42	14667	18895	33562	39088	60712	99800
"2006.12.20"	"Iraq"	"Mosul"	11	0	11	14678	18895	33573	39099	60712	99811
"2006.12.20"	"Iraq"	"Baghdad"	7	8	15	14685	18903	33588	39106	60720	99826
"2006.12.21"	"Iraq"	"Kirkuk"	2	0	2	14687	18903	33590	39108	60720	99828
"2006.12.21"	"Iraq"	"Baghdad"	2	2	4	14689	18905	33594	39110	60722	99832
"2006.12.21"	"Iraq"	"Baghdad"	15	15	30	14704	18920	33624	39125	60737	99862
"2006.12.21"	"Afghanistan"	"Khost"	3	2	5	14707	18922	33629	39128	60739	99867
"2006.12.21"	"Afghanistan"	"Herat"	4	6	10	14711	18928	33639	39132	60745	99877
"2006.12.21"	"Thailand"	"Pattani"	1	1	2	14712	18929	33641	39133	60746	99879
"2006.12.22"	"Iraq"	"Samarrah"	2	4	6	14714	18933	33647	39135	60750	99885
"2006.12.22"	"Pakistan"	"North Waziristan"	1	5	6	14715	18938	33653	39136	60755	99891
"2006.12.22"	"Thailand"	"Pattani"	1	0	1	14716	18938	33654	39137	60755	99892
"2006.12.22"	"India"	"Ajas"	1	0	1	14717	18938	33655	39138	60755	99893
"2006.12.22"	"Bangladesh"	"Binnakuri"	1	0	1	14718	18938	33656	39139	60755	99894
"2006.12.22"	"Afghanistan"	"Tirin Kot"	5	0	5	14723	18938	33661	39144	60755	99899
"2006.12.22"	"India"	"Sopore"	2	5	7	14725	18943	33668	39146	60760	99906
"2006.12.22"	"Afghanistan"	"Kabul"	1	7	8	14726	18950	33676	39147	60767	99914
"2006.12.23"	"Sudan"	"Tim"	18	8	26	14744	18958	33702	39165	60775	99940
"2006.12.23"	"Iraq"	"Diwaniya"	2	0	2	14746	18958	33704	39167	60775	99942
"2006.12.23"	"Iraq"	"Hawija"	2	0	2	14748	18958	33706	39169	60775	99944
"2006.12.23"	"Iraq"	"Baghdad"	47	0	47	14795	18958	33753	39216	60775	99991
"2006.12.23"	"Pakistan"	"Dera Ismail Khan"	1	0	1	14796	18958	33754	39217	60775	99992
"2006.12.23"	"Thailand"	"Narathiwat"	1	0	1	14797	18958	33755	39218	60775	99993
"2006.12.24"	"Thailand"	"Pattani"	1	0	1	14798	18958	33756	39219	60775	99994
"2006.12.24"	"Thailand"	"Pattani"	1	0	1	14799	18958	33757	39220	60775	99995
"2006.12.24"	"Iraq"	"Muqdadiya"	7	30	37	14806	18988	33794	39227	60805	100032
"2006.12.24"	"Pakistan"	"Bajur"	1	0	1	14807	18988	33795	39228	60805	100033
"2006.12.24"	"Pakistan"	"Dera Ismail Khan"	4	8	12	14811	18996	33807	39232	60813	100045
"2006.12.24"	"India"	"Pattan"	1	0	1	14812	18996	33808	39233	60813	100046
"2006.12.24"	"Iraq"	"Baghdad"	36	0	36	14848	18996	33844	39269	60813	100082
"2006.12.24"	"Iraq"	"Hawija"	2	0	2	14850	18996	33846	39271	60813	100084
"2006.12.25"	"Pakistan"	"Dera Murad Jamali"	3	0	3	14853	18996	33849	39274	60813	100087
"2006.12.25"	"Iraq"	"Baqubah"	6	0	6	14859	18996	33855	39280	60813	100093
"2006.12.25"	"India"	"Chingam"	1	0	1	14860	18996	33856	39281	60813	100094
"2006.12.25"	"Iraq"	"Baghdad"	10	15	25	14870	19011	33881	39291	60828	100119
"2006.12.25"	"Iraq"	"Baghdad"	3	20	23	14873	19031	33904	39294	60848	100142
"2006.12.25"	"Thailand"	"Pattani"	1	0	1	14874	19031	33905	39295	60848	100143
"2006.12.25"	"Iraq"	"Baghdad"	3	1	4	14877	19032	33909	39298	60849	100147
"2006.12.26"	"Iraq"	"Baghdad"	17	35	52	14894	19067	33961	39315	60884	100199
"2006.12.26"	"India"	"Pulwama"	2	2	4	14896	19069	33965	39317	60886	100203
"2006.12.26"	"Pakistan"	"Peshawar"	1	3	4	14897	19072	33969	39318	60889	100207
"2006.12.26"	"Thailand"	"Narathiwat"	3	0	3	14900	19072	33972	39321	60889	100210
"2006.12.26"	"Iraq"	"Baghdad"	25	55	80	14925	19127	34052	39346	60944	100290
"2006.12.26"	"Iraq"	"Baghdad"	54	50	104	14979	19177	34156	39400	60994	100394
"2006.12.26"	"Iraq"	"Kirkuk"	2	3	5	14981	19180	34161	39402	60997	100399
"2006.12.26"	"Israel"	"Ramle"	1	0	1	14982	19180	34162	39403	60997	100400
"2006.12.27"	"Iraq"	"Talbiya"	8	10	18	14990	19190	34180	39411	61007	100418
"2006.12.27"	"Iraq"	"Baghdad"	40	0	40	15030	19190	34220	39451	61007	100458
"2006.12.27"	"Iraq"	"Ramadi"	2	3	5	15032	19193	34225	39453	61010	100463
"2006.12.27"	"Thailand"	"Pattani"	1	0	1	15033	19193	34226	39454	61010	100464
"2006.12.27"	"Thailand"	"Yala"	1	0	1	15034	19193	34227	39455	61010	100465
"2006.12.27"	"Thailand"	"Yala"	1	0	1	15035	19193	34228	39456	61010	100466
"2006.12.27"	"Afghanistan"	"Takhtapul"	1	3	4	15036	19196	34232	39457	61013	100470
"2006.12.28"	"India"	"Nadihal"	1	0	1	15037	19196	34233	39458	61013	100471
"2006.12.28"	"Iraq"	"Mosul"	5	19	24	15042	19215	34257	39463	61032	100495
"2006.12.28"	"Iraq"	"Baghdad"	17	60	77	15059	19275	34334	39480	61092	100572
"2006.12.28"	"Iraq"	"Baghdad"	41	0	41	15100	19275	34375	39521	61092	100613
"2006.12.29"	"Iraq"	"Khalis"	13	17	30	15113	19292	34405	39534	61109	100643
"2006.12.29"	"Pakistan"	"Damadola"	13	6	19	15126	19298	34424	39547	61115	100662
"2006.12.29"	"Thailand"	"Narathiwat"	1	0	1	15127	19298	34425	39548	61115	100663
"2006.12.29"	"Thailand"	"Pattani"	1	0	1	15128	19298	34426	39549	61115	100664
"2006.12.29"	"Thailand"	"Yala"	2	0	2	15130	19298	34428	39551	61115	100666
"2006.12.29"	"India"	"Srinagar"	1	0	1	15131	19298	34429	39552	61115	100667
"2006.12.29"	"Dagestan"	"Makhachkala"	1	0	1	15132	19298	34430	39553	61115	100668
"2006.12.29"	"Yemen"	"Saada"	5	0	5	15137	19298	34435	39558	61115	100673
"2006.12.30"	"Sudan"	"Kutum"	5	0	5	15142	19298	34440	39563	61115	100678
"2006.12.30"	"India"	"Pampore"	2	3	5	15144	19301	34445	39565	61118	100683
"2006.12.30"	"Iraq"	"Baghdad"	36	77	113	15180	19378	34558	39601	61195	100796
"2006.12.30"	"Iraq"	"Tal Afar"	5	8	13	15185	19386	34571	39606	61203	100809
"2006.12.30"	"Iraq"	"Najaf"	36	58	94	15221	19444	34665	39642	61261	100903
"2006.12.30"	"Iraq"	"Mahmudiya"	4	0	4	15225	19444	34669	39646	61261	100907
"2006.12.30"	"Thailand"	"Yala"	1	0	1	15226	19444	34670	39647	61261	100908
"2006.12.30"	"Iraq"	"Baghdad"	12	0	12	15238	19444	34682	39659	61261	100920
"2006.12.31"	"Iraq"	"Baghdad"	4	12	16	15242	19456	34698	39663	61273	100936
"2006.12.31"	"Thailand"	"Bangkok"	3	40	43	15245	19496	34741	39666	61313	100979
"2007.01.01"	"Iraq"	"Mosul"	3	0	3	3	0	3	39669	61313	100982
"2007.01.01"	"Iraq"	"Baqubah"	4	0	4	7	0	7	39673	61313	100986
"2007.01.01"	"Iraq"	"Baghdad"	40	0	40	47	0	47	39713	61313	101026
"2007.01.01"	"Afghanistan"	"Herat"	2	1	3	49	1	50	39715	61314	101029
"2007.01.02"	"Thailand"	"Narathiwat"	1	0	1	50	1	51	39716	61314	101030
"2007.01.02"	"Iraq"	"Baghdad"	49	4	53	99	5	104	39765	61318	101083
"2007.01.02"	"Iraq"	"Nahrawan"	5	0	5	104	5	109	39770	61318	101088
"2007.01.02"	"Pakistan"	"Chak Saboo"	2	0	2	106	5	111	39772	61318	101090
"2007.01.03"	"Pal. Auth."	"Beit Lahiya"	3	0	3	109	5	114	39775	61318	101093
"2007.01.03"	"Thailand"	"Yala"	2	0	2	111	5	116	39777	61318	101095
"2007.01.03"	"India"	"Kandi"	1	2	3	112	7	119	39778	61320	101098
"2007.01.03"	"Somalia"	"Jilib"	2	2	4	114	9	123	39780	61322	101102
"2007.01.03"	"Iraq"	"Baghdad"	45	0	45	159	9	168	39825	61322	101147
"2007.01.03"	"Pal. Auth."	"Beit Lahiya"	2	17	19	161	26	187	39827	61339	101166
"2007.01.04"	"Iraq"	"Baghdad"	47	0	47	208	26	234	39874	61339	101213
"2007.01.04"	"Thailand"	"Narathiwat"	1	1	2	209	27	236	39875	61340	101215
"2007.01.04"	"Pakistan"	"Peshawar"	1	0	1	210	27	237	39876	61340	101216
"2007.01.04"	"Iraq"	"Baghdad"	13	22	35	223	49	272	39889	61362	101251
"2007.01.04"	"Iraq"	"Hilla"	4	0	4	227	49	276	39893	61362	101255
"2007.01.04"	"Pal. Auth."	"Jabalya"	7	36	43	234	85	319	39900	61398	101298
"2007.01.05"	"Iraq"	"Baghdad"	4	11	15	238	96	334	39904	61409	101313
"2007.01.05"	"Pal. Auth."	"Mughazi"	1	0	1	239	96	335	39905	61409	101314
"2007.01.05"	"Iraq"	"Iskandariya"	3	0	3	242	96	338	39908	61409	101317
"2007.01.05"	"Iraq"	"Baghdad"	47	0	47	289	96	385	39955	61409	101364
"2007.01.05"	"Somalia"	"Mogadishu"	1	0	1	290	96	386	39956	61409	101365
"2007.01.05"	"Pakistan"	"Tando Adam"	1	0	1	291	96	387	39957	61409	101366
"2007.01.05"	"Ethiopia"	"Kofele"	1	0	1	292	96	388	39958	61409	101367
"2007.01.06"	"Afghanistan"	"Khost"	1	0	1	293	96	389	39959	61409	101368
"2007.01.06"	"India"	"Dangiwacha"	1	0	1	294	96	390	39960	61409	101369
"2007.01.06"	"India"	"Shopian"	3	23	26	297	119	416	39963	61432	101395
"2007.01.06"	"Iraq"	"Baghdad"	27	0	27	324	119	443	39990	61432	101422
"2007.01.06"	"Iraq"	"Baghdad"	44	0	44	368	119	487	40034	61432	101466
"2007.01.06"	"Iraq"	"Mosul"	6	0	6	374	119	493	40040	61432	101472
"2007.01.07"	"India"	"Andergam"	1	0	1	375	119	494	40041	61432	101473
"2007.01.07"	"Iraq"	"Baghdad"	23	7	30	398	126	524	40064	61439	101503
"2007.01.07"	"Iraq"	"Suwayra"	4	0	4	402	126	528	40068	61439	101507
"2007.01.07"	"Iraq"	"Hilla"	2	11	13	404	137	541	40070	61450	101520
"2007.01.07"	"India"	"Baramulla"	2	0	2	406	137	543	40072	61450	101522
"2007.01.07"	"Afghanistan"	"Khost"	4	2	6	410	139	549	40076	61452	101528
"2007.01.07"	"Somalia"	"Mogadishu"	1	1	2	411	140	551	40077	61453	101530
"2007.01.07"	"Pakistan"	"Mansehra"	1	0	1	412	140	552	40078	61453	101531
"2007.01.08"	"Iraq"	"Baghdad"	32	16	48	444	156	600	40110	61469	101579
"2007.01.08"	"Iraq"	"Baghdad"	6	0	6	450	156	606	40116	61469	101585
"2007.01.08"	"Iraq"	"Mosul"	5	0	5	455	156	611	40121	61469	101590
"2007.01.08"	"India"	"Indergam"	1	0	1	456	156	612	40122	61469	101591
"2007.01.08"	"Iraq"	"Baghdad"	15	15	30	471	171	642	40137	61484	101621
"2007.01.08"	"Thailand"	"Songkhla"	1	0	1	472	171	643	40138	61484	101622
"2007.01.09"	"Iraq"	"Baghdad"	46	0	46	518	171	689	40184	61484	101668
"2007.01.09"	"Thailand"	"Pattani"	1	0	1	519	171	690	40185	61484	101669
"2007.01.09"	"Pakistan"	"Hangu"	1	0	1	520	171	691	40186	61484	101670
"2007.01.09"	"Pakistan"	"Jacobabad"	2	0	2	522	171	693	40188	61484	101672
"2007.01.09"	"Pakistan"	"Qamber"	2	0	2	524	171	695	40190	61484	101674
"2007.01.10"	"Philippines"	"Cotabato"	1	0	1	525	171	696	40191	61484	101675
"2007.01.10"	"Philippines"	"General Santos"	6	23	29	531	194	725	40197	61507	101704
"2007.01.10"	"Somalia"	"Mogadishu"	1	0	1	532	194	726	40198	61507	101705
"2007.01.10"	"Iraq"	"Karbala"	11	14	25	543	208	751	40209	61521	101730
"2007.01.10"	"Iraq"	"Tal Afar"	5	16	21	548	224	772	40214	61537	101751
"2007.01.10"	"Iraq"	"Mosul"	8	0	8	556	224	780	40222	61537	101759
"2007.01.10"	"Iraq"	"Baghdad"	68	0	68	624	224	848	40290	61537	101827
"2007.01.10"	"Thailand"	"Pattani"	1	1	2	625	225	850	40291	61538	101829
"2007.01.10"	"Israel"	"Haifa"	1	0	1	626	225	851	40292	61538	101830
"2007.01.11"	"Indonesia"	"Poso"	1	0	1	627	225	852	40293	61538	101831
"2007.01.11"	"Iraq"	"Khadra"	5	0	5	632	225	857	40298	61538	101836
"2007.01.12"	"Thailand"	"Yala"	1	0	1	633	225	858	40299	61538	101837
"2007.01.12"	"Iraq"	"Ishaqi"	3	0	3	636	225	861	40302	61538	101840
"2007.01.12"	"Iraq"	"Baghdad"	11	0	11	647	225	872	40313	61538	101851
"2007.01.12"	"Thailand"	"Narathiwat"	1	0	1	648	225	873	40314	61538	101852
"2007.01.12"	"Thailand"	"Pattani"	2	0	2	650	225	875	40316	61538	101854
"2007.01.13"	"Iraq"	"Iskandariya"	3	1	4	653	226	879	40319	61539	101858
"2007.01.13"	"Dagestan"	"Aimaumakhi"	1	0	1	654	226	880	40320	61539	101859
"2007.01.13"	"Iraq"	"Kirkuk"	2	3	5	656	229	885	40322	61542	101864
"2007.01.13"	"Thailand"	"Yala"	1	0	1	657	229	886	40323	61542	101865
"2007.01.13"	"Thailand"	"Pattani"	1	0	1	658	229	887	40324	61542	101866
"2007.01.14"	"Thailand"	"Yala"	1	0	1	659	229	888	40325	61542	101867
"2007.01.14"	"Thailand"	"Pattani"	2	0	2	661	229	890	40327	61542	101869
"2007.01.14"	"Iraq"	"Mosul"	14	8	22	675	237	912	40341	61550	101891
"2007.01.14"	"Iraq"	"Baghdad"	41	0	41	716	237	953	40382	61550	101932
"2007.01.14"	"Thailand"	"Pattani"	1	5	6	717	242	959	40383	61555	101938
"2007.01.14"	"Thailand"	"Pattani"	1	0	1	718	242	960	40384	61555	101939
"2007.01.14"	"Pakistan"	"Matta"	3	0	3	721	242	963	40387	61555	101942
"2007.01.14"	"Pakistan"	"Butkhela"	1	1	2	722	243	965	40388	61556	101944
"2007.01.15"	"Iraq"	"Mosul"	5	28	33	727	271	998	40393	61584	101977
"2007.01.15"	"Iraq"	"Baghdad"	7	5	12	734	276	1010	40400	61589	101989
"2007.01.15"	"Iraq"	"Baqubah"	11	0	11	745	276	1021	40411	61589	102000
"2007.01.15"	"Thailand"	"Pattani"	1	0	1	746	276	1022	40412	61589	102001
"2007.01.15"	"Thailand"	"Yala"	1	1	2	747	277	1024	40413	61590	102003
"2007.01.15"	"India"	"Sumbar"	1	0	1	748	277	1025	40414	61590	102004
"2007.01.15"	"India"	"Hajan"	1	0	1	749	277	1026	40415	61590	102005
"2007.01.16"	"Israel"	"Juarish"	1	0	1	750	277	1027	40416	61590	102006
"2007.01.16"	"Iraq"	"Iskandariya"	2	0	2	752	277	1029	40418	61590	102008
"2007.01.16"	"Iraq"	"Baghdad"	15	74	89	767	351	1118	40433	61664	102097
"2007.01.16"	"Thailand"	"Narathiwat"	1	2	3	768	353	1121	40434	61666	102100
"2007.01.16"	"Iraq"	"Mosul"	12	0	12	780	353	1133	40446	61666	102112
"2007.01.16"	"Iraq"	"Baghdad"	16	11	27	796	364	1160	40462	61677	102139
"2007.01.16"	"Iraq"	"Baghdad"	70	180	250	866	544	1410	40532	61857	102389
"2007.01.17"	"Thailand"	"Yala"	1	0	1	867	544	1411	40533	61857	102390
"2007.01.17"	"Thailand"	"Songkhla"	1	0	1	868	544	1412	40534	61857	102391
"2007.01.17"	"Iraq"	"Baghdad"	15	33	48	883	577	1460	40549	61890	102439
"2007.01.17"	"Iraq"	"Mosul"	10	0	10	893	577	1470	40559	61890	102449
"2007.01.17"	"Iraq"	"Baghdad"	30	0	30	923	577	1500	40589	61890	102479
"2007.01.17"	"Iraq"	"Baghdad"	4	10	14	927	587	1514	40593	61900	102493
"2007.01.17"	"Iraq"	"Kirkuk"	10	42	52	937	629	1566	40603	61942	102545
"2007.01.17"	"India"	"Wagoora"	1	0	1	938	629	1567	40604	61942	102546
"2007.01.18"	"Iraq"	"Baghdad"	26	0	26	964	629	1593	40630	61942	102572
"2007.01.18"	"Iraq"	"Baghdad"	12	34	46	976	663	1639	40642	61976	102618
"2007.01.18"	"Iraq"	"Mosul"	13	21	34	989	684	1673	40655	61997	102652
"2007.01.18"	"Iraq"	"Baghdad"	10	30	40	999	714	1713	40665	62027	102692
"2007.01.18"	"India"	"Nayidgam"	1	0	1	1000	714	1714	40666	62027	102693
"2007.01.18"	"Thailand"	"Narathiwat"	1	0	1	1001	714	1715	40667	62027	102694
"2007.01.18"	"Afghanistan"	"Paktika"	1	5	6	1002	719	1721	40668	62032	102700
"2007.01.18"	"Thailand"	"Narathiwat"	1	1	2	1003	720	1723	40669	62033	102702
"2007.01.19"	"Iraq"	"Hilla"	1	0	1	1004	720	1724	40670	62033	102703
"2007.01.19"	"Turkey"	"Istanbul"	1	0	1	1005	720	1725	40671	62033	102704
"2007.01.19"	"Iraq"	"Karbala"	4	0	4	1009	720	1729	40675	62033	102708
"2007.01.19"	"Iraq"	"Yusufiya"	4	0	4	1013	720	1733	40679	62033	102712
"2007.01.20"	"Philippines"	"Parang"	1	7	8	1014	727	1741	40680	62040	102720
"2007.01.20"	"Thailand"	"Narathiwat"	1	2	3	1015	729	1744	40681	62042	102723
"2007.01.20"	"Iraq"	"Baghdad"	40	10	50	1055	739	1794	40721	62052	102773
"2007.01.20"	"Iraq"	"Iskandariya"	4	4	8	1059	743	1802	40725	62056	102781
"2007.01.20"	"Iraq"	"Mosul"	7	2	9	1066	745	1811	40732	62058	102790
"2007.01.20"	"Somalia"	"Mogadishu"	4	0	4	1070	745	1815	40736	62058	102794
"2007.01.21"	"Iraq"	"Karrada"	6	15	21	1076	760	1836	40742	62073	102815
"2007.01.21"	"Thailand"	"Narathiwat"	1	0	1	1077	760	1837	40743	62073	102816
"2007.01.21"	"Iraq"	"Mosul"	9	4	13	1086	764	1850	40752	62077	102829
"2007.01.21"	"Algeria"	"Jijel"	1	8	9	1087	772	1859	40753	62085	102838
"2007.01.21"	"India"	"Baramulla"	1	12	13	1088	784	1872	40754	62097	102851
"2007.01.22"	"Syria"	"Damascus"	1	0	1	1089	784	1873	40755	62097	102852
"2007.01.22"	"Iraq"	"Rutba"	4	0	4	1093	784	1877	40759	62097	102856
"2007.01.22"	"Iraq"	"Baghdad"	30	0	30	1123	784	1907	40789	62097	102886
"2007.01.22"	"Iraq"	"Khalis"	12	39	51	1135	823	1958	40801	62136	102937
"2007.01.22"	"Pakistan"	"Miran Shah"	5	20	25	1140	843	1983	40806	62156	102962
"2007.01.22"	"Iraq"	"Baghdad"	88	190	278	1228	1033	2261	40894	62346	103240
"2007.01.22"	"Iraq"	"Baghdad"	1	1	2	1229	1034	2263	40895	62347	103242
"2007.01.23"	"Iraq"	"Baghdad"	17	0	17	1246	1034	2280	40912	62347	103259
"2007.01.23"	"Jordan"	"Amman"	1	0	1	1247	1034	2281	40913	62347	103260
"2007.01.23"	"Afghanistan"	"Khost"	10	14	24	1257	1048	2305	40923	62361	103284
"2007.01.23"	"India"	"Bandina"	3	2	5	1260	1050	2310	40926	62363	103289
"2007.01.23"	"Afghanistan"	"Uruzgan"	9	0	9	1269	1050	2319	40935	62363	103298
"2007.01.23"	"Thailand"	"Narathiwat"	2	0	2	1271	1050	2321	40937	62363	103300
"2007.01.23"	"Thailand"	"Yala"	1	0	1	1272	1050	2322	40938	62363	103301
"2007.01.23"	"Iraq"	"Fallujah"	3	0	3	1275	1050	2325	40941	62363	103304
"2007.01.23"	"Iraq"	"Tal Afar"	2	0	2	1277	1050	2327	40943	62363	103306
"2007.01.23"	"Iraq"	"Suwayra"	6	9	15	1283	1059	2342	40949	62372	103321
"2007.01.23"	"Chechnya"	"Kurchaloi"	1	0	1	1284	1059	2343	40950	62372	103322
"2007.01.24"	"Iraq"	"Baghdad"	2	0	2	1286	1059	2345	40952	62372	103324
"2007.01.24"	"Somalia"	"Mogadishu"	2	1	3	1288	1060	2348	40954	62373	103327
"2007.01.24"	"Iraq"	"Baghdad"	33	0	33	1321	1060	2381	40987	62373	103360
"2007.01.24"	"Iraq"	"Baghdad"	4	3	7	1325	1063	2388	40991	62376	103367
"2007.01.25"	"Iraq"	"Baghdad"	42	17	59	1367	1080	2447	41033	62393	103426
"2007.01.25"	"Iraq"	"Baghdad"	26	64	90	1393	1144	2537	41059	62457	103516
"2007.01.25"	"Iraq"	"Fallujah"	2	0	2	1395	1144	2539	41061	62457	103518
"2007.01.25"	"Iraq"	"Baghdad"	7	30	37	1402	1174	2576	41068	62487	103555
"2007.01.25"	"Thailand"	"Pattani"	1	0	1	1403	1174	2577	41069	62487	103556
"2007.01.25"	"Thailand"	"Narathiwat"	1	1	2	1404	1175	2579	41070	62488	103558
"2007.01.25"	"Somalia"	"Kismayo"	1	1	2	1405	1176	2581	41071	62489	103560
"2007.01.25"	"Pakistan"	"Hangu"	2	4	6	1407	1180	2587	41073	62493	103566
"2007.01.25"	"Philippines"	"Midsayap"	1	0	1	1408	1180	2588	41074	62493	103567
"2007.01.26"	"Thailand"	"Pattani"	1	4	5	1409	1184	2593	41075	62497	103572
"2007.01.26"	"Sudan"	"Magwe"	1	2	3	1410	1186	2596	41076	62499	103575
"2007.01.26"	"Iraq"	"Baghdad"	29	14	43	1439	1200	2639	41105	62513	103618
"2007.01.26"	"India"	"Tanur"	1	5	6	1440	1205	2645	41106	62518	103624
"2007.01.26"	"Iraq"	"Baghdad"	15	55	70	1455	1260	2715	41121	62573	103694
"2007.01.26"	"Pakistan"	"Islamabad"	1	6	7	1456	1266	2722	41122	62579	103701
"2007.01.26"	"Pal. Auth."	"Khan Yunis"	1	0	1	1457	1266	2723	41123	62579	103702
"2007.01.26"	"Pal. Auth."	"Gaza"	2	0	2	1459	1266	2725	41125	62579	103704
"2007.01.26"	"Pakistan"	"Khan Yunis"	1	1	2	1460	1267	2727	41126	62580	103706
"2007.01.27"	"Iraq"	"Baghdad"	5	3	8	1465	1270	2735	41131	62583	103714
"2007.01.27"	"Pakistan"	"Babar Kuch"	2	3	5	1467	1273	2740	41133	62586	103719
"2007.01.27"	"Algeria"	"Skikda"	1	4	5	1468	1277	2745	41134	62590	103724
"2007.01.27"	"Pakistan"	"Peshawar"	14	60	74	1482	1337	2819	41148	62650	103798
"2007.01.27"	"Iraq"	"Baghdad"	40	0	40	1522	1337	2859	41188	62650	103838
"2007.01.27"	"Iraq"	"Baghdad"	13	43	56	1535	1380	2915	41201	62693	103894
"2007.01.27"	"Yemen"	"Saada"	6	20	26	1541	1400	2941	41207	62713	103920
"2007.01.27"	"Afghanistan"	"Kunar"	1	3	4	1542	1403	2945	41208	62716	103924
"2007.01.28"	"Iraq"	"Baghdad"	5	20	25	1547	1423	2970	41213	62736	103949
"2007.01.28"	"Philippines"	"Rangaban"	1	1	2	1548	1424	2972	41214	62737	103951
"2007.01.28"	"Iraq"	"Ramadi"	5	10	15	1553	1434	2987	41219	62747	103966
"2007.01.28"	"Thailand"	"Yala"	1	0	1	1554	1434	2988	41220	62747	103967
"2007.01.28"	"Thailand"	"Pattani"	1	0	1	1555	1434	2989	41221	62747	103968
"2007.01.28"	"Iraq"	"Baghdad"	29	0	29	1584	1434	3018	41250	62747	103997
"2007.01.28"	"Iraq"	"Kirkuk"	16	34	50	1600	1468	3068	41266	62781	104047
"2007.01.28"	"Iraq"	"Baghad"	14	64	78	1614	1532	3146	41280	62845	104125
"2007.01.28"	"Pakistan"	"Punjab"	2	0	2	1616	1532	3148	41282	62845	104127
"2007.01.29"	"Thailand"	"Pattani"	1	0	1	1617	1532	3149	41283	62845	104128
"2007.01.29"	"Thailand"	"Yala"	1	0	1	1618	1532	3150	41284	62845	104129
"2007.01.29"	"Thailand"	"Yala"	1	0	1	1619	1532	3151	41285	62845	104130
"2007.01.29"	"Iraq"	"Zaafaraniya"	16	28	44	1635	1560	3195	41301	62873	104174
"2007.01.29"	"Iraq"	"Baghdad"	4	5	9	1639	1565	3204	41305	62878	104183
"2007.01.29"	"India"	"Gorakhpur"	1	0	1	1640	1565	3205	41306	62878	104184
"2007.01.29"	"Pakistan"	"Dera Ismail Khan"	2	7	9	1642	1572	3214	41308	62885	104193
"2007.01.29"	"Thailand"	"Songkhla"	3	1	4	1645	1573	3218	41311	62886	104197
"2007.01.29"	"India"	"Kishtwar"	2	2	4	1647	1575	3222	41313	62888	104201
"2007.01.29"	"Chechnya"	"Gudermes"	4	0	4	1651	1575	3226	41317	62888	104205
"2007.01.29"	"Iraq"	"Tuz Khurmato"	5	0	5	1656	1575	3231	41322	62888	104210
"2007.01.29"	"Algeria"	"Batna"	5	0	5	1661	1575	3236	41327	62888	104215
"2007.01.29"	"Israel"	"Eilat"	3	3	6	1664	1578	3242	41330	62891	104221
"2007.01.30"	"Iraq"	"Adhamiya"	17	72	89	1681	1650	3331	41347	62963	104310
"2007.01.30"	"Iraq"	"Balad Ruz"	23	57	80	1704	1707	3411	41370	63020	104390
"2007.01.30"	"Iraq"	"Khanaqin"	13	39	52	1717	1746	3463	41383	63059	104442
"2007.01.30"	"Iraq"	"Ramadi"	16	0	16	1733	1746	3479	41399	63059	104458
"2007.01.30"	"Iraq"	"Baghdad"	25	9	34	1758	1755	3513	41424	63068	104492
"2007.01.30"	"Pakistan"	"Hangu"	2	14	16	1760	1769	3529	41426	63082	104508
"2007.01.30"	"Afghanistan"	"Herat"	0	12	12	1760	1781	3541	41426	63094	104520
"2007.01.31"	"Iraq"	"Baghdad"	4	0	4	1764	1781	3545	41430	63094	104524
"2007.01.31"	"Iraq"	"Fallujah"	7	0	7	1771	1781	3552	41437	63094	104531
"2007.01.31"	"Iraq"	"Baghdad"	12	22	34	1783	1803	3586	41449	63116	104565
"2007.01.31"	"Thailand"	"Yala"	1	6	7	1784	1809	3593	41450	63122	104572
"2007.01.31"	"Bangladesh"	"Dhaka"	1	1	2	1785	1810	3595	41451	63123	104574
"2007.01.31"	"Pakistan"	"Hangu"	2	1	3	1787	1811	3598	41453	63124	104577
"2007.01.31"	"Thailand"	"Pattani"	1	3	4	1788	1814	3602	41454	63127	104581
"2007.02.01"	"Pakistan"	"North Waziristan"	1	0	1	1789	1814	3603	41455	63127	104582
"2007.02.01"	"Pakistan"	"Miran Shah"	3	2	5	1792	1816	3608	41458	63129	104587
"2007.02.01"	"Pakistan"	"Peshawar"	2	4	6	1794	1820	3614	41460	63133	104593
"2007.02.01"	"Thailand"	"Pattani"	1	0	1	1795	1820	3615	41461	63133	104594
"2007.02.01"	"Somalia"	"Mogadishu"	3	1	4	1798	1821	3619	41464	63134	104598
"2007.02.01"	"Yemen"	"Saada"	10	20	30	1808	1841	3649	41474	63154	104628
"2007.02.01"	"Iraq"	"Baghdad"	46	71	117	1854	1912	3766	41520	63225	104745
"2007.02.01"	"Iraq"	"Hillah"	73	150	223	1927	2062	3989	41593	63375	104968
"2007.02.01"	"Iraq"	"Mosul"	4	0	4	1931	2062	3993	41597	63375	104972
"2007.02.01"	"Thailand"	"Pattani"	1	0	1	1932	2062	3994	41598	63375	104973
"2007.02.01"	"Thailand"	"Yala"	1	1	2	1933	2063	3996	41599	63376	104975
"2007.02.02"	"Pal. Auth."	"Gaza"	15	90	105	1948	2153	4101	41614	63466	105080
"2007.02.02"	"Iraq"	"Yusufiyah"	3	11	14	1951	2164	4115	41617	63477	105094
"2007.02.02"	"Pal. Auth."	"Gaza"	17	185	202	1968	2349	4317	41634	63662	105296
"2007.02.03"	"Dagestan"	"Makhachkala"	3	0	3	1971	2349	4320	41637	63662	105299
"2007.02.03"	"Pakistan"	"Tank"	2	6	8	1973	2355	4328	41639	63668	105307
"2007.02.03"	"Iraq"	"Baghdad"	135	359	494	2108	2714	4822	41774	64027	105801
"2007.02.03"	"India"	"Pulwama"	4	6	10	2112	2720	4832	41778	64033	105811
"2007.02.03"	"Iraq"	"Falluja"	5	0	5	2117	2720	4837	41783	64033	105816
"2007.02.03"	"Iraq"	"Mahmudiya"	8	12	20	2125	2732	4857	41791	64045	105836
"2007.02.03"	"Iraq"	"Baghdad"	25	12	37	2150	2744	4894	41816	64057	105873
"2007.02.04"	"Thailand"	"Narathiwat"	1	0	1	2151	2744	4895	41817	64057	105874
"2007.02.04"	"Thailand"	"Pattani"	1	0	1	2152	2744	4896	41818	64057	105875
"2007.02.04"	"Pal. Auth."	"Gaza"	2	0	2	2154	2744	4898	41820	64057	105877
"2007.02.04"	"Iraq"	"Baghdad"	33	0	33	2187	2744	4931	41853	64057	105910
"2007.02.04"	"Iraq"	"Baghdad"	3	0	3	2190	2744	4934	41856	64057	105913
"2007.02.04"	"Iraq"	"Baghdad"	31	76	107	2221	2820	5041	41887	64133	106020
"2007.02.04"	"India"	"Srinagar"	1	0	1	2222	2820	5042	41888	64133	106021
"2007.02.05"	"Iraq"	"Haditha"	6	0	6	2228	2820	5048	41894	64133	106027
"2007.02.05"	"Iraq"	"Baghdad"	25	0	25	2253	2820	5073	41919	64133	106052
"2007.02.05"	"Iraq"	"Baghdad"	24	108	132	2277	2928	5205	41943	64241	106184
"2007.02.05"	"Pakistan"	"Bajaur"	2	1	3	2279	2929	5208	41945	64242	106187
"2007.02.06"	"Iraq"	"Baghdad"	27	19	46	2306	2948	5254	41972	64261	106233
"2007.02.06"	"Iraq"	"Mosul"	1	0	1	2307	2948	5255	41973	64261	106234
"2007.02.06"	"Pakistan"	"Miran Shah"	2	0	2	2309	2948	5257	41975	64261	106236
"2007.02.06"	"Thailand"	"Pattani"	1	2	3	2310	2950	5260	41976	64263	106239
"2007.02.06"	"Thailand"	"Narathiwat"	1	0	1	2311	2950	5261	41977	64263	106240
"2007.02.06"	"India"	"Bandipora"	1	0	1	2312	2950	5262	41978	64263	106241
"2007.02.06"	"India"	"Pukharni"	1	0	1	2313	2950	5263	41979	64263	106242
"2007.02.06"	"Pakistan"	"Islamabad"	0	10	10	2313	2960	5273	41979	64273	106252
"2007.02.07"	"Somalia"	"Mogadishu"	2	7	9	2315	2967	5282	41981	64280	106261
"2007.02.07"	"Afghanistan"	"Kandahar"	2	6	8	2317	2973	5290	41983	64286	106269
"2007.02.07"	"Afghanistan"	"Shindand"	3	2	5	2320	2975	5295	41986	64288	106274
"2007.02.07"	"Chechnya"	"Vedeno"	1	0	1	2321	2975	5296	41987	64288	106275
"2007.02.07"	"Pakistan"	"Darra Adam Khel"	1	1	2	2322	2976	5298	41988	64289	106277
"2007.02.07"	"Iraq"	"Suwayra"	7	23	30	2329	2999	5328	41995	64312	106307
"2007.02.07"	"Pakistan"	"Sindh"	1	0	1	2330	2999	5329	41996	64312	106308
"2007.02.07"	"Iraq"	"Mosul"	2	0	2	2332	2999	5331	41998	64312	106310
"2007.02.07"	"Iraq"	"Baghdad"	39	0	39	2371	2999	5370	42037	64312	106349
"2007.02.08"	"Iraq"	"Balad"	10	0	10	2381	2999	5380	42047	64312	106359
"2007.02.08"	"India"	"Hajin"	1	2	3	2382	3001	5383	42048	64314	106362
"2007.02.08"	"UAE"	"Dubai"	1	0	1	2383	3001	5384	42049	64314	106363
"2007.02.08"	"Thailand"	"Pattani"	1	0	1	2384	3001	5385	42050	64314	106364
"2007.02.08"	"India"	"Aragam"	4	1	5	2388	3002	5390	42054	64315	106369
"2007.02.08"	"Iraq"	"Rafiyaat"	14	1	15	2402	3003	5405	42068	64316	106384
"2007.02.08"	"Iraq"	"Iskandariya"	7	10	17	2409	3013	5422	42075	64326	106401
"2007.02.08"	"Iraq"	"Aziziya"	17	27	44	2426	3040	5466	42092	64353	106445
"2007.02.08"	"Iraq"	"Mosul"	45	10	55	2471	3050	5521	42137	64363	106500
"2007.02.08"	"Iraq"	"Haditha"	7	3	10	2478	3053	5531	42144	64366	106510
"2007.02.08"	"India"	"Baharabad"	1	2	3	2479	3055	5534	42145	64368	106513
"2007.02.09"	"Iraq"	"Hilla"	2	8	10	2481	3063	5544	42147	64376	106523
"2007.02.09"	"Thailand"	"Narathiwat"	1	0	1	2482	3063	5545	42148	64376	106524
"2007.02.09"	"Afghanistan"	"Kandahar"	4	3	7	2486	3066	5552	42152	64379	106531
"2007.02.09"	"Iraq"	"Baghdad"	11	0	11	2497	3066	5563	42163	64379	106542
"2007.02.10"	"Iraq"	"Mosul"	8	0	8	2505	3066	5571	42171	64379	106550
"2007.02.10"	"Iraq"	"Baghdad"	5	10	15	2510	3076	5586	42176	64389	106565
"2007.02.10"	"Iraq"	"Mussayab"	3	2	5	2513	3078	5591	42179	64391	106570
"2007.02.10"	"Iraq"	"Baghdad"	3	5	8	2516	3083	5599	42182	64396	106578
"2007.02.10"	"Somalia"	"Mogadishu"	5	10	15	2521	3093	5614	42187	64406	106593
"2007.02.10"	"Somalia"	"Mogadishu"	3	3	6	2524	3096	5620	42190	64409	106599
"2007.02.10"	"Thailand"	"Pattani"	1	0	1	2525	3096	5621	42191	64409	106600
"2007.02.11"	"Somalia"	"Kismayu"	4	20	24	2529	3116	5645	42195	64429	106624
"2007.02.11"	"Thailand"	"Yala"	3	0	3	2532	3116	5648	42198	64429	106627
"2007.02.11"	"Iraq"	"Tikrit"	11	15	26	2543	3131	5674	42209	64444	106653
"2007.02.11"	"India"	"Kangan"	1	0	1	2544	3131	5675	42210	64444	106654
"2007.02.11"	"Iraq"	"Baghdad"	35	0	35	2579	3131	5710	42245	64444	106689
"2007.02.12"	"Somalia"	"Mogadishu"	1	3	4	2580	3134	5714	42246	64447	106693
"2007.02.12"	"Somalia"	"Mogadishu"	2	4	6	2582	3138	5720	42248	64451	106699
"2007.02.12"	"Thailand"	"Pattani"	1	0	1	2583	3138	5721	42249	64451	106700
"2007.02.12"	"Iraq"	"Baghdad"	79	165	244	2662	3303	5965	42328	64616	106944
"2007.02.12"	"Iraq"	"Baghdad"	43	26	69	2705	3329	6034	42371	64642	107013
"2007.02.12"	"Iraq"	"Mosul"	3	0	3	2708	3329	6037	42374	64642	107016
"2007.02.12"	"Afghanistan"	"Zabul"	2	1	3	2710	3330	6040	42376	64643	107019
"2007.02.13"	"Iraq"	"Nahrawan"	5	12	17	2715	3342	6057	42381	64655	107036
"2007.02.13"	"Iraq"	"Baghdad"	22	44	66	2737	3386	6123	42403	64699	107102
"2007.02.13"	"Iraq"	"Mahmudiya"	3	0	3	2740	3386	6126	42406	64699	107105
"2007.02.13"	"Lebanon"	"Bikfaya"	3	19	22	2743	3405	6148	42409	64718	107127
"2007.02.13"	"Algeria"	"Algiers"	6	30	36	2749	3435	6184	42415	64748	107163
"2007.02.13"	"USA"	"Salt Lake City"	5	4	9	2754	3439	6193	42420	64752	107172
"2007.02.14"	"Iran"	"Zahedan"	18	0	18	2772	3439	6211	42438	64752	107190
"2007.02.14"	"Thailand"	"Yala"	1	5	6	2773	3444	6217	42439	64757	107196
"2007.02.14"	"Thailand"	"Narathiwat"	1	1	2	2774	3445	6219	42440	64758	107198
"2007.02.14"	"Thailand"	"Yala"	2	0	2	2776	3445	6221	42442	64758	107200
"2007.02.14"	"Thailand"	"Narathiwat"	1	0	1	2777	3445	6222	42443	64758	107201
"2007.02.14"	"Thailand"	"Yala"	1	0	1	2778	3445	6223	42444	64758	107202
"2007.02.14"	"Pakistan"	"Dera Ismail Khan"	1	0	1	2779	3445	6224	42445	64758	107203
"2007.02.14"	"Yemen"	"Saada"	2	2	4	2781	3447	6228	42447	64760	107207
"2007.02.14"	"Iraq"	"Ramadi"	5	20	25	2786	3467	6253	42452	64780	107232
"2007.02.14"	"Iraq"	"Baghdad"	6	30	36	2792	3497	6289	42458	64810	107268
"2007.02.14"	"Iraq"	"Baghdad"	4	10	14	2796	3507	6303	42462	64820	107282
"2007.02.15"	"Somalia"	"Mogadishu"	4	5	9	2800	3512	6312	42466	64825	107291
"2007.02.15"	"Iraq"	"Kirkuk"	3	5	8	2803	3517	6320	42469	64830	107299
"2007.02.15"	"Iraq"	"Baghdad"	27	45	72	2830	3562	6392	42496	64875	107371
"2007.02.15"	"Iraq"	"Al Gasreen"	8	14	22	2838	3576	6414	42504	64889	107393
"2007.02.16"	"Somalia"	"Mogadishu"	1	12	13	2839	3588	6427	42505	64901	107406
"2007.02.16"	"Iraq"	"Baghdad"	15	0	15	2854	3588	6442	42520	64901	107421
"2007.02.16"	"Pakistan"	"Bajaur"	1	3	4	2855	3591	6446	42521	64904	107425
"2007.02.17"	"India"	"Koti Nullah"	1	0	1	2856	3591	6447	42522	64904	107426
"2007.02.17"	"Pakistan"	"Quetta"	16	30	46	2872	3621	6493	42538	64934	107472
"2007.02.17"	"Thailand"	"Narathiwat"	1	0	1	2873	3621	6494	42539	64934	107473
"2007.02.17"	"Iraq"	"Kirkuk"	11	83	94	2884	3704	6588	42550	65017	107567
"2007.02.17"	"Iraq"	"Hilla"	2	0	2	2886	3704	6590	42552	65017	107569
"2007.02.17"	"Iraq"	"Karbala"	2	0	2	2888	3704	6592	42554	65017	107571
"2007.02.18"	"Thailand"	"Pattani"	3	0	3	2891	3704	6595	42557	65017	107574
"2007.02.18"	"Iraq"	"Baghdad"	60	131	191	2951	3835	6786	42617	65148	107765
"2007.02.18"	"Iraq"	"Baghdad"	7	11	18	2958	3846	6804	42624	65159	107783
"2007.02.18"	"Iraq"	"Balad"	6	0	6	2964	3846	6810	42630	65159	107789
"2007.02.18"	"Pakistan"	"Turab Gholato"	2	0	2	2966	3846	6812	42632	65159	107791
"2007.02.18"	"Afghanistan"	"Farah"	4	2	6	2970	3848	6818	42636	65161	107797
"2007.02.18"	"Somalia"	"Mogadishu"	1	2	3	2971	3850	6821	42637	65163	107800
"2007.02.18"	"Somalia"	"Mogadishu"	4	0	4	2975	3850	6825	42641	65163	107804
"2007.02.18"	"Thailand"	"Narathiwat"	1	22	23	2976	3872	6848	42642	65185	107827
"2007.02.18"	"Thailand"	"Yala"	3	24	27	2979	3896	6875	42645	65209	107854
"2007.02.18"	"Iraq"	"Fallujah"	13	0	13	2992	3896	6888	42658	65209	107867
"2007.02.19"	"India"	"Moghal Maidan"	1	2	3	2993	3898	6891	42659	65211	107870
"2007.02.19"	"Iraq"	"Tal Afar"	4	5	9	2997	3903	6900	42663	65216	107879
"2007.02.19"	"Thailand"	"Yala"	1	1	2	2998	3904	6902	42664	65217	107881
"2007.02.19"	"Pakistan"	"North Waziristan"	1	0	1	2999	3904	6903	42665	65217	107882
"2007.02.19"	"Iraq"	"Ramadi"	11	4	15	3010	3908	6918	42676	65221	107897
"2007.02.19"	"Iraq"	"Baghdad"	30	40	70	3040	3948	6988	42706	65261	107967
"2007.02.19"	"Iraq"	"Dhuluiya"	5	10	15	3045	3958	7003	42711	65271	107982
"2007.02.19"	"Iraq"	"Mosul"	8	0	8	3053	3958	7011	42719	65271	107990
"2007.02.20"	"Thailand"	"Songkhla"	1	0	1	3054	3958	7012	42720	65271	107991
"2007.02.20"	"India"	"Anantnag"	2	0	2	3056	3958	7014	42722	65271	107993
"2007.02.20"	"Iraq"	"Baghdad"	7	15	22	3063	3973	7036	42729	65286	108015
"2007.02.20"	"Iraq"	"Baghad"	10	31	41	3073	4004	7077	42739	65317	108056
"2007.02.20"	"Iraq"	"Taji"	5	138	143	3078	4142	7220	42744	65455	108199
"2007.02.20"	"Pakistan"	"Gujranwala"	1	0	1	3079	4142	7221	42745	65455	108200
"2007.02.20"	"Somalia"	"Mogadishu"	16	40	56	3095	4182	7277	42761	65495	108256
"2007.02.20"	"Iraq"	"Baghdad"	33	0	33	3128	4182	7310	42794	65495	108289
"2007.02.20"	"USA"	"Nashville"	0	1	1	3128	4183	7311	42794	65496	108290
"2007.02.21"	"Iraq"	"Baghdad"	20	0	20	3148	4183	7331	42814	65496	108310
"2007.02.21"	"Pakistan"	"Tank"	1	0	1	3149	4183	7332	42815	65496	108311
"2007.02.21"	"Pakistan"	"Badar"	1	0	1	3150	4183	7333	42816	65496	108312
"2007.02.21"	"Iraq"	"Baghdad"	6	73	79	3156	4256	7412	42822	65569	108391
"2007.02.21"	"Iraq"	"Najaf"	11	38	49	3167	4294	7461	42833	65607	108440
"2007.02.21"	"Thailand"	"Narathiwat"	1	0	1	3168	4294	7462	42834	65607	108441
"2007.02.21"	"Sudan"	"Umm Dhai"	20	0	20	3188	4294	7482	42854	65607	108461
"2007.02.21"	"Afghanistan"	"Shindand"	1	2	3	3189	4296	7485	42855	65609	108464
"2007.02.21"	"Thailand"	"Narathiwat"	1	0	1	3190	4296	7486	42856	65609	108465
"2007.02.21"	"Thailand"	"Narathiwat"	1	1	2	3191	4297	7488	42857	65610	108467
"2007.02.21"	"Somalia"	"Mogadishu"	2	0	2	3193	4297	7490	42859	65610	108469
"2007.02.22"	"Thailand"	"Narathiwat"	1	1	2	3194	4298	7492	42860	65611	108471
"2007.02.22"	"Pakistan"	"Allah Bux Brohi"	2	0	2	3196	4298	7494	42862	65611	108473
"2007.02.22"	"Iraq"	"Kirkuk"	5	0	5	3201	4298	7499	42867	65611	108478
"2007.02.22"	"India"	"Damhal Khushipora"	1	0	1	3202	4298	7500	42868	65611	108479
"2007.02.22"	"India"	"Wahipora"	1	0	1	3203	4298	7501	42869	65611	108480
"2007.02.23"	"Iraq"	"Baghdad"	6	8	14	3209	4306	7515	42875	65619	108494
"2007.02.23"	"Thailand"	"Narathiwat"	1	0	1	3210	4306	7516	42876	65619	108495
"2007.02.23"	"Chechnya"	"Gudermes"	5	3	8	3215	4309	7524	42881	65622	108503
"2007.02.23"	"Somalia"	"Mogadishu"	9	20	29	3224	4329	7553	42890	65642	108532
"2007.02.23"	"Philippines"	"Lamitan"	1	0	1	3225	4329	7554	42891	65642	108533
"2007.02.24"	"Iraq"	"Baghdad"	23	33	56	3248	4362	7610	42914	65675	108589
"2007.02.24"	"Iraq"	"Habbaniyah"	52	110	162	3300	4472	7772	42966	65785	108751
"2007.02.24"	"India"	"Habbaniyah"	1	0	1	3301	4472	7773	42967	65785	108752
"2007.02.24"	"Thailand"	"Pattani"	1	4	5	3302	4476	7778	42968	65789	108757
"2007.02.25"	"Iraq"	"Baghdad"	42	55	97	3344	4531	7875	43010	65844	108854
"2007.02.25"	"Iraq"	"Mosul"	24	0	24	3368	4531	7899	43034	65844	108878
"2007.02.25"	"Iraq"	"Baghdad"	19	4	23	3387	4535	7922	43053	65848	108901
"2007.02.25"	"Pakistan"	"Kahan"	3	0	3	3390	4535	7925	43056	65848	108904
"2007.02.25"	"Israel"	"Hebron"	1	0	1	3391	4535	7926	43057	65848	108905
"2007.02.25"	"Pakistan"	"Larkana Tehsil"	0	3	3	3391	4538	7929	43057	65851	108908
"2007.02.26"	"Iraq"	"Baghdad"	25	0	25	3416	4538	7954	43082	65851	108933
"2007.02.26"	"Saudi Arabia"	"Medina"	4	0	4	3420	4538	7958	43086	65851	108937
"2007.02.26"	"Afghanistan"	"Kandahar"	2	1	3	3422	4539	7961	43088	65852	108940
"2007.02.26"	"Iraq"	"Baghdad"	4	0	4	3426	4539	7965	43092	65852	108944
"2007.02.26"	"Iraq"	"Baghdad"	6	31	37	3432	4570	8002	43098	65883	108981
"2007.02.26"	"Afghanistan"	"Khost"	1	7	8	3433	4577	8010	43099	65890	108989
"2007.02.27"	"Algeria"	"Ain Rich"	3	1	4	3436	4578	8014	43102	65891	108993
"2007.02.27"	"Iraq"	"Baghdad"	16	42	58	3452	4620	8072	43118	65933	109051
"2007.02.27"	"Pal. Auth."	"Gaza"	3	0	3	3455	4620	8075	43121	65933	109054
"2007.02.27"	"Iraq"	"Mosul"	7	42	49	3462	4662	8124	43128	65975	109103
"2007.02.27"	"Afghanistan"	"Bagram"	23	11	34	3485	4673	8158	43151	65986	109137
"2007.02.27"	"India"	"Wagoora"	1	0	1	3486	4673	8159	43152	65986	109138
"2007.02.27"	"Pakistan"	"Jandola"	1	0	1	3487	4673	8160	43153	65986	109139
"2007.02.27"	"Iraq"	"al-Baaj"	4	6	10	3491	4679	8170	43157	65992	109149
"2007.02.28"	"Thailand"	"Pattani"	1	0	1	3492	4679	8171	43158	65992	109150
"2007.02.28"	"Iraq"	"Baghdad"	12	23	35	3504	4702	8206	43170	66015	109185
"2007.02.28"	"Iraq"	"Muqdadiya"	2	0	2	3506	4702	8208	43172	66015	109187
"2007.02.28"	"Thailand"	"Narathiwat"	1	0	1	3507	4702	8209	43173	66015	109188
"2007.02.28"	"Thailand"	"Pattani"	1	0	1	3508	4702	8210	43174	66015	109189
"2007.02.28"	"Iraq"	"Baghdad"	16	0	16	3524	4702	8226	43190	66015	109205
"2007.02.28"	"Iraq"	"Habaniya"	4	14	18	3528	4716	8244	43194	66029	109223
"2007.03.01"	"Iraq"	"Fallujah"	7	6	13	3535	4722	8257	43201	66035	109236
"2007.03.01"	"Somalia"	"Mogadishu"	1	0	1	3536	4722	8258	43202	66035	109237
"2007.03.01"	"Afghanistan"	"Farah"	3	48	51	3539	4770	8309	43205	66083	109288
"2007.03.01"	"Afghanistan"	"Garmser"	1	0	1	3540	4770	8310	43206	66083	109289
"2007.03.01"	"Iraq"	"Baghdad"	16	4	20	3556	4774	8330	43222	66087	109309
"2007.03.01"	"Pakistan"	"Punjab"	1	0	1	3557	4774	8331	43223	66087	109310
"2007.03.01"	"Jordan"	"Amman"	1	0	1	3558	4774	8332	43224	66087	109311
"2007.03.01"	"India"	"Kishtwar"	2	0	2	3560	4774	8334	43226	66087	109313
"2007.03.02"	"Afghanistan"	"Kunar"	1	2	3	3561	4776	8337	43227	66089	109316
"2007.03.02"	"Iraq"	"Iskandariya"	4	10	14	3565	4786	8351	43231	66099	109330
"2007.03.02"	"Iraq"	"Ramadi"	2	0	2	3567	4786	8353	43233	66099	109332
"2007.03.02"	"Iraq"	"Baghdad"	16	17	33	3583	4803	8386	43249	66116	109365
"2007.03.02"	"Iraq"	"Diyala"	18	0	18	3601	4803	8404	43267	66116	109383
"2007.03.02"	"Thailand"	"Narathiwat"	1	0	1	3602	4803	8405	43268	66116	109384
"2007.03.02"	"Chechnya"	"Lada"	2	1	3	3604	4804	8408	43270	66117	109387
"2007.03.02"	"Pakistan"	"Multan"	3	8	11	3607	4812	8419	43273	66125	109398
"2007.03.03"	"Iraq"	"Ramadi"	12	22	34	3619	4834	8453	43285	66147	109432
"2007.03.03"	"Iraq"	"Yusufiya"	6	0	6	3625	4834	8459	43291	66147	109438
"2007.03.03"	"Iraq"	"Latifiya"	3	0	3	3628	4834	8462	43294	66147	109441
"2007.03.03"	"Iraq"	"Tikrit"	3	3	6	3631	4837	8468	43297	66150	109447
"2007.03.03"	"Algeria"	"Ain Defla"	4	5	9	3635	4842	8477	43301	66155	109456
"2007.03.03"	"Thailand"	"Pattani"	1	0	1	3636	4842	8478	43302	66155	109457
"2007.03.03"	"Afghanistan"	"Herat"	2	17	19	3638	4859	8497	43304	66172	109476
"2007.03.03"	"Indonesia"	"Ambon"	0	13	13	3638	4872	8510	43304	66185	109489
"2007.03.03"	"Afghanistan"	"Sangin"	2	0	2	3640	4872	8512	43306	66185	109491
"2007.03.03"	"Thailand"	"Narathiwat"	2	0	2	3642	4872	8514	43308	66185	109493
"2007.03.03"	"Thailand"	"Yala"	1	0	1	3643	4872	8515	43309	66185	109494
"2007.03.04"	"Pakistan"	"Nawabshah"	2	0	2	3645	4872	8517	43311	66185	109496
"2007.03.04"	"Afghanistan"	"Khost"	2	10	12	3647	4882	8529	43313	66195	109508
"2007.03.04"	"Algeria"	"Beni Yeni"	7	1	8	3654	4883	8537	43320	66196	109516
"2007.03.04"	"Iraq"	"Mosul"	21	0	21	3675	4883	8558	43341	66196	109537
"2007.03.04"	"Iraq"	"Baghdad"	34	7	41	3709	4890	8599	43375	66203	109578
"2007.03.04"	"India"	"Dharmari"	1	0	1	3710	4890	8600	43376	66203	109579
"2007.03.04"	"Afghanistan"	"Nangarhar"	16	25	41	3726	4915	8641	43392	66228	109620
"2007.03.05"	"Iraq"	"Baghdad"	25	0	25	3751	4915	8666	43417	66228	109645
"2007.03.05"	"Thailand"	"Yala"	1	3	4	3752	4918	8670	43418	66231	109649
"2007.03.05"	"Thailand"	"Narathiwat"	1	0	1	3753	4918	8671	43419	66231	109650
"2007.03.05"	"Iraq"	"Sulaiman Bek"	4	0	4	3757	4918	8675	43423	66231	109654
"2007.03.05"	"Iraq"	"Baghdad"	13	27	40	3770	4945	8715	43436	66258	109694
"2007.03.05"	"Iraq"	"Baghdad"	26	54	80	3796	4999	8795	43462	66312	109774
"2007.03.05"	"Thailand"	"Yala"	1	0	1	3797	4999	8796	43463	66312	109775
"2007.03.05"	"Thailand"	"Yala"	2	0	2	3799	4999	8798	43465	66312	109777
"2007.03.05"	"Thailand"	"Pattani"	2	0	2	3801	4999	8800	43467	66312	109779
"2007.03.05"	"Somalia"	"Mogadishu"	7	2	9	3808	5001	8809	43474	66314	109788
"2007.03.05"	"Sudan"	"Graida"	2	0	2	3810	5001	8811	43476	66314	109790
"2007.03.06"	"Pakistan"	"South Waziristan"	7	1	8	3817	5002	8819	43483	66315	109798
"2007.03.06"	"Philippines"	"Mindanao"	1	2	3	3818	5004	8822	43484	66317	109801
"2007.03.06"	"Pakistan"	"Kandhkot"	1	0	1	3819	5004	8823	43485	66317	109802
"2007.03.06"	"Thailand"	"Narathiwat"	1	0	1	3820	5004	8824	43486	66317	109803
"2007.03.06"	"Afghanistan"	"Nangarhar"	8	35	43	3828	5039	8867	43494	66352	109846
"2007.03.06"	"Iraq"	"Hilla"	93	150	243	3921	5189	9110	43587	66502	110089
"2007.03.06"	"Iraq"	"Baghdad"	18	36	54	3939	5225	9164	43605	66538	110143
"2007.03.06"	"Iraq"	"Mosul"	5	18	23	3944	5243	9187	43610	66556	110166
"2007.03.06"	"Iraq"	"Tikrit"	14	76	90	3958	5319	9277	43624	66632	110256
"2007.03.07"	"Thailand"	"Yala"	1	1	2	3959	5320	9279	43625	66633	110258
"2007.03.07"	"Thailand"	"Pattani"	1	2	3	3960	5322	9282	43626	66635	110261
"2007.03.07"	"Iraq"	"Balad Ruz"	30	25	55	3990	5347	9337	43656	66660	110316
"2007.03.07"	"Iraq"	"Diwaniya"	2	0	2	3992	5347	9339	43658	66660	110318
"2007.03.07"	"Pakistan"	"Sui"	1	12	13	3993	5359	9352	43659	66672	110331
"2007.03.07"	"Somalia"	"Mogadishu"	12	19	31	4005	5378	9383	43671	66691	110362
"2007.03.07"	"Iraq"	"Baghdad"	22	49	71	4027	5427	9454	43693	66740	110433
"2007.03.08"	"Iraq"	"Hawija"	3	0	3	4030	5427	9457	43696	66740	110436
"2007.03.08"	"Afghanistan"	"Mirwais Mena"	1	5	6	4031	5432	9463	43697	66745	110442
"2007.03.08"	"Pakistan"	"Tank"	1	0	1	4032	5432	9464	43698	66745	110443
"2007.03.09"	"Afghanistan"	"Arghandab"	2	6	8	4034	5438	9472	43700	66751	110451
"2007.03.09"	"Iraq"	"Baghdad"	10	0	10	4044	5438	9482	43710	66751	110461
"2007.03.09"	"India"	"Melapalayam"	1	0	1	4045	5438	9483	43711	66751	110462
"2007.03.09"	"Pakistan"	"North Waziristan"	1	0	1	4046	5438	9484	43712	66751	110463
"2007.03.09"	"Thailand"	"Narathiwat"	1	0	1	4047	5438	9485	43713	66751	110464
"2007.03.09"	"Pakistan"	"Dera Ismail Khan"	1	0	1	4048	5438	9486	43714	66751	110465
"2007.03.10"	"India"	"Tral"	2	0	2	4050	5438	9488	43716	66751	110467
"2007.03.10"	"India"	"Srinagar"	1	2	3	4051	5440	9491	43717	66753	110470
"2007.03.10"	"Pakistan"	"Dwatoi"	1	0	1	4052	5440	9492	43718	66753	110471
"2007.03.10"	"Thailand"	"Yala"	2	0	2	4054	5440	9494	43720	66753	110473
"2007.03.10"	"Pakistan"	"Dera Ismail Khan"	1	1	2	4055	5441	9496	43721	66754	110475
"2007.03.10"	"Somalia"	"Mogadishu"	1	1	2	4056	5442	9498	43722	66755	110477
"2007.03.10"	"Afghanistan"	"Arghastan"	8	2	10	4064	5444	9508	43730	66757	110487
"2007.03.10"	"Iraq"	"Baghdad"	27	37	64	4091	5481	9572	43757	66794	110551
"2007.03.10"	"Iraq"	"Kirkuk"	3	55	58	4094	5536	9630	43760	66849	110609
"2007.03.10"	"Pakistan"	"North Waziristan"	1	0	1	4095	5536	9631	43761	66849	110610
"2007.03.11"	"Thailand"	"Yala"	2	0	2	4097	5536	9633	43763	66849	110612
"2007.03.11"	"Thailand"	"Narathiwat"	1	0	1	4098	5536	9634	43764	66849	110613
"2007.03.11"	"Iraq"	"Karbala"	32	25	57	4130	5561	9691	43796	66874	110670
"2007.03.11"	"Iraq"	"Baghdad"	10	8	18	4140	5569	9709	43806	66882	110688
"2007.03.11"	"Iraq"	"Mussayab"	5	7	12	4145	5576	9721	43811	66889	110700
"2007.03.11"	"Afghanistan"	"Khost"	4	0	4	4149	5576	9725	43815	66889	110704
"2007.03.11"	"Somalia"	"Mogadisuh"	4	0	4	4153	5576	9729	43819	66889	110708
"2007.03.11"	"Iraq"	"Baghdad"	20	0	20	4173	5576	9749	43839	66889	110728
"2007.03.12"	"Pakistan"	"Belod"	3	0	3	4176	5576	9752	43842	66889	110731
"2007.03.12"	"Pakistan"	"Dera Ismail Khan"	1	0	1	4177	5576	9753	43843	66889	110732
"2007.03.12"	"Somalia"	"Mogadishu"	1	3	4	4178	5579	9757	43844	66892	110736
"2007.03.12"	"Iraq"	"Iskandariya"	2	2	4	4180	5581	9761	43846	66894	110740
"2007.03.12"	"Somalia"	"Mogadishu"	2	0	2	4182	5581	9763	43848	66894	110742
"2007.03.12"	"Afghanistan"	"Bakwa"	9	1	10	4191	5582	9773	43857	66895	110752
"2007.03.12"	"Iraq"	"Baghdad"	15	0	15	4206	5582	9788	43872	66895	110767
"2007.03.12"	"Iraq"	"Kirkuk"	4	0	4	4210	5582	9792	43876	66895	110771
"2007.03.12"	"Pakistan"	"Jandola"	1	0	1	4211	5582	9793	43877	66895	110772
"2007.03.12"	"Thailand"	"Pattani"	3	10	13	4214	5592	9806	43880	66905	110785
"2007.03.13"	"Yemen"	"Saada"	12	0	12	4226	5592	9818	43892	66905	110797
"2007.03.13"	"Somalia"	"Sheik Sufi"	3	1	4	4229	5593	9822	43895	66906	110801
"2007.03.13"	"Somalia"	"Mogadishu"	1	3	4	4230	5596	9826	43896	66909	110805
"2007.03.13"	"Afghanistan"	"Spin Boldak"	3	6	9	4233	5602	9835	43899	66915	110814
"2007.03.13"	"Afghanistan"	"Lashkar Gah"	1	6	7	4234	5608	9842	43900	66921	110821
"2007.03.13"	"Pakistan"	"Dera Ismail Khan"	2	1	3	4236	5609	9845	43902	66922	110824
"2007.03.13"	"Iraq"	"Baghdad"	30	7	37	4266	5616	9882	43932	66929	110861
"2007.03.13"	"Iraq"	"Mosul"	18	4	22	4284	5620	9904	43950	66933	110883
"2007.03.13"	"Pakistan"	"Borianwala"	2	0	2	4286	5620	9906	43952	66933	110885
"2007.03.14"	"Iraq"	"Baghdad"	17	0	17	4303	5620	9923	43969	66933	110902
"2007.03.14"	"Somalia"	"Mogadishu"	1	0	1	4304	5620	9924	43970	66933	110903
"2007.03.14"	"Thailand"	"Yala"	1	11	12	4305	5631	9936	43971	66944	110915
"2007.03.14"	"Thailand"	"Yala"	2	11	13	4307	5642	9949	43973	66955	110928
"2007.03.14"	"Iraq"	"Baqubah"	4	0	4	4311	5642	9953	43977	66955	110932
"2007.03.14"	"Iraq"	"Tuz Khurmato"	10	15	25	4321	5657	9978	43987	66970	110957
"2007.03.14"	"Iraq"	"Mosul"	2	4	6	4323	5661	9984	43989	66974	110963
"2007.03.14"	"Iraq"	"Hillah"	3	0	3	4326	5661	9987	43992	66974	110966
"2007.03.14"	"Thailand"	"Yala"	9	1	10	4335	5662	9997	44001	66975	110976
"2007.03.14"	"Afghanistan"	"Faryab"	1	1	2	4336	5663	9999	44002	66976	110978
"2007.03.14"	"Afghanistan"	"Khost"	5	38	43	4341	5701	10042	44007	67014	111021
"2007.03.15"	"Thailand"	"Narathiwat"	1	0	1	4342	5701	10043	44008	67014	111022
"2007.03.15"	"Iraq"	"Baghdad"	8	25	33	4350	5726	10076	44016	67039	111055
"2007.03.15"	"Iraq"	"Iskandariya"	6	23	29	4356	5749	10105	44022	67062	111084
"2007.03.15"	"Iraq"	"Mosul"	4	11	15	4360	5760	10120	44026	67073	111099
"2007.03.16"	"Iraq"	"Mosul"	4	0	4	4364	5760	10124	44030	67073	111103
"2007.03.16"	"Iraq"	"Baghdad"	12	0	12	4376	5760	10136	44042	67073	111115
"2007.03.16"	"Iraq"	"Fallujah"	8	350	358	4384	6110	10494	44050	67423	111473
"2007.03.16"	"Afghanistan"	"Kabul"	1	0	1	4385	6110	10495	44051	67423	111474
"2007.03.16"	"India"	"Baramulla"	1	7	8	4386	6117	10503	44052	67430	111482
"2007.03.16"	"Pal. Auth."	"Gaza"	1	0	1	4387	6117	10504	44053	67430	111483
"2007.03.16"	"Somalia"	"Mogadishu"	7	1	8	4394	6118	10512	44060	67431	111491
"2007.03.17"	"Thailand"	"Songkhla"	3	7	10	4397	6125	10522	44063	67438	111501
"2007.03.17"	"Afghanistan"	"Kandahar"	2	2	4	4399	6127	10526	44065	67440	111505
"2007.03.17"	"Afghanistan"	"Farah"	2	0	2	4401	6127	10528	44067	67440	111507
"2007.03.17"	"Iraq"	"Baghdad"	19	0	19	4420	6127	10547	44086	67440	111526
"2007.03.17"	"Iraq"	"Mahmudiya"	2	0	2	4422	6127	10549	44088	67440	111528
"2007.03.18"	"Somalia"	"Mogadishu"	2	18	20	4424	6145	10569	44090	67458	111548
"2007.03.18"	"Iraq"	"Baghdad"	6	30	36	4430	6175	10605	44096	67488	111584
"2007.03.18"	"Pakistan"	"Mardan"	1	0	1	4431	6175	10606	44097	67488	111585
"2007.03.18"	"Thailand"	"Songkhla"	1	0	1	4432	6175	10607	44098	67488	111586
"2007.03.18"	"Thailand"	"Songkhla"	2	2	4	4434	6177	10611	44100	67490	111590
"2007.03.18"	"Somalia"	"Kismayo"	1	0	1	4435	6177	10612	44101	67490	111591
"2007.03.18"	"Iraq"	"Ramadi"	9	0	9	4444	6177	10621	44110	67490	111600
"2007.03.18"	"Iraq"	"Mosul"	4	0	4	4448	6177	10625	44114	67490	111604
"2007.03.18"	"Iraq"	"Iskandariya"	2	0	2	4450	6177	10627	44116	67490	111606
"2007.03.19"	"Afghanistan"	"Kabul"	1	5	6	4451	6182	10633	44117	67495	111612
"2007.03.19"	"Pakistan"	"South Waziristan"	2	6	8	4453	6188	10641	44119	67501	111620
"2007.03.19"	"Pakistan"	"Tank"	1	0	1	4454	6188	10642	44120	67501	111621
"2007.03.19"	"Iraq"	"Kirkuk"	12	39	51	4466	6227	10693	44132	67540	111672
"2007.03.19"	"Iraq"	"Baghdad"	4	25	29	4470	6252	10722	44136	67565	111701
"2007.03.19"	"Pakistan"	"Jacobabad"	1	0	1	4471	6252	10723	44137	67565	111702
"2007.03.19"	"Thailand"	"Pattani"	3	3	6	4474	6255	10729	44140	67568	111708
"2007.03.20"	"Iraq"	"Mosul"	12	40	52	4486	6295	10781	44152	67608	111760
"2007.03.20"	"Iraq"	"Baghdad"	43	36	79	4529	6331	10860	44195	67644	111839
"2007.03.20"	"Iraq"	"al-Touz"	2	0	2	4531	6331	10862	44197	67644	111841
"2007.03.20"	"Somalia"	"Mogadishu"	3	0	3	4534	6331	10865	44200	67644	111844
"2007.03.20"	"Somalia"	"Mogadishu"	6	36	42	4540	6367	10907	44206	67680	111886
"2007.03.20"	"Thailand"	"Narathiwat"	1	2	3	4541	6369	10910	44207	67682	111889
"2007.03.20"	"Afghanistan"	"Zabul"	1	0	1	4542	6369	10911	44208	67682	111890
"2007.03.21"	"Iraq"	"al-Madaen"	8	18	26	4550	6387	10937	44216	67700	111916
"2007.03.21"	"Iraq"	"Baghdad"	33	0	33	4583	6387	10970	44249	67700	111949
"2007.03.21"	"Nigeria"	"Gombe"	1	0	1	4584	6387	10971	44250	67700	111950
"2007.03.22"	"Somalia"	"Kismayo"	1	3	4	4585	6390	10975	44251	67703	111954
"2007.03.22"	"India"	"Kupwara"	1	0	1	4586	6390	10976	44252	67703	111955
"2007.03.22"	"Iraq"	"Kirkuk"	3	7	10	4589	6397	10986	44255	67710	111965
"2007.03.22"	"Iraq"	"Baghdad"	28	5	33	4617	6402	11019	44283	67715	111998
"2007.03.23"	"India"	"Shopian"	1	0	1	4618	6402	11020	44284	67715	111999
"2007.03.23"	"Afghanistan"	"Kandahar"	5	5	10	4623	6407	11030	44289	67720	112009
"2007.03.23"	"Pal. Auth."	"Gaza"	1	3	4	4624	6410	11034	44290	67723	112013
"2007.03.23"	"Somalia"	"Mogadishu"	11	0	11	4635	6410	11045	44301	67723	112024
"2007.03.23"	"Somalia"	"Mogadishu"	2	8	10	4637	6418	11055	44303	67731	112034
"2007.03.23"	"Iraq"	"Baghdad"	9	15	24	4646	6433	11079	44312	67746	112058
"2007.03.23"	"Iraq"	"Baghdad"	6	19	25	4652	6452	11104	44318	67765	112083
"2007.03.23"	"Iraq"	"Baghdad"	26	2	28	4678	6454	11132	44344	67767	112111
"2007.03.23"	"Iraq"	"Mosul"	4	0	4	4682	6454	11136	44348	67767	112115
"2007.03.23"	"Iraq"	"al Bu Ajeel"	4	0	4	4686	6454	11140	44352	67767	112119
"2007.03.23"	"Afghanistan"	"Kandahar"	17	4	21	4703	6458	11161	44369	67771	112140
"2007.03.24"	"Iraq"	"Baghdad"	9	0	9	4712	6458	11170	44378	67771	112149
"2007.03.24"	"Sudan"	"Sirba"	3	15	18	4715	6473	11188	44381	67786	112167
"2007.03.24"	"Chechnya"	"Grozny"	1	3	4	4716	6476	11192	44382	67789	112171
"2007.03.24"	"Thailand"	"Narathiwat"	2	0	2	4718	6476	11194	44384	67789	112173
"2007.03.24"	"Iraq"	"Baghdad"	36	26	62	4754	6502	11256	44420	67815	112235
"2007.03.24"	"Iraq"	"Haswa"	11	45	56	4765	6547	11312	44431	67860	112291
"2007.03.24"	"Iraq"	"Tal Afar"	10	3	13	4775	6550	11325	44441	67863	112304
"2007.03.24"	"Iraq"	"Fallujah"	12	0	12	4787	6550	11337	44453	67863	112316
"2007.03.25"	"Afghanistan"	"Maidan Wardak"	2	2	4	4789	6552	11341	44455	67865	112320
"2007.03.25"	"India"	"Tral"	1	0	1	4790	6552	11342	44456	67865	112321
"2007.03.25"	"Iraq"	"Baqubah"	7	0	7	4797	6552	11349	44463	67865	112328
"2007.03.25"	"Iraq"	"Baghdad"	27	33	60	4824	6585	11409	44490	67898	112388
"2007.03.26"	"Thailand"	"Pattani"	1	1	2	4825	6586	11411	44491	67899	112390
"2007.03.26"	"Pakistan"	"Tank"	2	13	15	4827	6599	11426	44493	67912	112405
"2007.03.26"	"Iraq"	"Fallujah"	3	0	3	4830	6599	11429	44496	67912	112408
"2007.03.26"	"Iraq"	"Baghdad"	21	8	29	4851	6607	11458	44517	67920	112437
"2007.03.26"	"Yemen"	"Saada"	2	0	2	4853	6607	11460	44519	67920	112439
"2007.03.26"	"Iraq"	"Kirkuk"	2	0	2	4855	6607	11462	44521	67920	112441
"2007.03.27"	"Afghanistan"	"Bajaur"	5	0	5	4860	6607	11467	44526	67920	112446
"2007.03.27"	"Afghanistan"	"Lashkar Gah"	4	4	8	4864	6611	11475	44530	67924	112454
"2007.03.27"	"Afghanistan"	"Kabul"	1	2	3	4865	6613	11478	44531	67926	112457
"2007.03.27"	"Iraq"	"Tal Afar"	152	347	499	5017	6960	11977	44683	68273	112956
"2007.03.27"	"Iraq"	"Ramadi"	17	32	49	5034	6992	12026	44700	68305	113005
"2007.03.27"	"Iraq"	"Baghdad"	19	15	34	5053	7007	12060	44719	68320	113039
"2007.03.27"	"Iraq"	"Diwaniya"	6	0	6	5059	7007	12066	44725	68320	113045
"2007.03.28"	"Iraq"	"Tal Afar"	50	70	120	5109	7077	12186	44775	68390	113165
"2007.03.28"	"Iraq"	"Baghdad"	29	55	84	5138	7132	12270	44804	68445	113249
"2007.03.28"	"Iraq"	"Suwayra"	5	0	5	5143	7132	12275	44809	68445	113254
"2007.03.28"	"Thailand"	"Pattani"	1	1	2	5144	7133	12277	44810	68446	113256
"2007.03.28"	"Thailand"	"Yala"	1	0	1	5145	7133	12278	44811	68446	113257
"2007.03.28"	"India"	"Rajouri"	1	0	1	5146	7133	12279	44812	68446	113258
"2007.03.28"	"Pakistan"	"Tank"	2	4	6	5148	7137	12285	44814	68450	113264
"2007.03.28"	"Afghanistan"	"Kabul"	4	12	16	5152	7149	12301	44818	68462	113280
"2007.03.28"	"Algeria"	"Kabylie"	3	0	3	5155	7149	12304	44821	68462	113283
"2007.03.29"	"Somalia"	"Mogadishu"	2	12	14	5157	7161	12318	44823	68474	113297
"2007.03.29"	"Iraq"	"Baghdad"	82	138	220	5239	7299	12538	44905	68612	113517
"2007.03.29"	"Iraq"	"Baghdad"	41	46	87	5280	7345	12625	44946	68658	113604
"2007.03.29"	"Iraq"	"Khalis"	53	103	156	5333	7448	12781	44999	68761	113760
"2007.03.29"	"Iraq"	"Mahmudiya"	5	20	25	5338	7468	12806	45004	68781	113785
"2007.03.29"	"India"	"Rajouri"	5	4	9	5343	7472	12815	45009	68785	113794
"2007.03.29"	"Pakistan"	"Kharian"	2	7	9	5345	7479	12824	45011	68792	113803
"2007.03.30"	"Iraq"	"Mosul"	44	0	44	5389	7479	12868	45055	68792	113847
"2007.03.30"	"Afghanistan"	"Kandahar"	5	1	6	5394	7480	12874	45060	68793	113853
"2007.03.30"	"Pakistan"	"Shen Warsak"	2	0	2	5396	7480	12876	45062	68793	113855
"2007.03.30"	"Thailand"	"Pattani"	1	4	5	5397	7484	12881	45063	68797	113860
"2007.03.30"	"Iraq"	"Suwayra"	9	0	9	5406	7484	12890	45072	68797	113869
"2007.03.31"	"Somalia"	"Mogadishu"	1	4	5	5407	7488	12895	45073	68801	113874
"2007.03.31"	"Thailand"	"Narathiwat"	1	0	1	5408	7488	12896	45074	68801	113875
"2007.03.31"	"Sudan"	"Nyala"	23	0	23	5431	7488	12919	45097	68801	113898
"2007.03.31"	"Sudan"	"Bolbol Jazou"	30	0	30	5461	7488	12949	45127	68801	113928
"2007.03.31"	"Afghanistan"	"Kandahar"	7	4	11	5468	7492	12960	45134	68805	113939
"2007.03.31"	"Iraq"	"Baghdad"	19	22	41	5487	7514	13001	45153	68827	113980
"2007.03.31"	"Iraq"	"Kirkuk"	8	2	10	5495	7516	13011	45161	68829	113990
"2007.03.31"	"Iraq"	"Hilla"	4	23	27	5499	7539	13038	45165	68852	114017
"2007.03.31"	"Chad"	"Tiero and Marena"	200	0	200	5699	7539	13238	45365	68852	114217
"2007.03.31"	"Thailand"	"Pattani"	1	0	1	5700	7539	13239	45366	68852	114218
"2007.03.31"	"Thailand"	"Narathiwat"	2	0	2	5702	7539	13241	45368	68852	114220
"2007.04.01"	"India"	"Baramulla"	1	0	1	5703	7539	13242	45369	68852	114221
"2007.04.01"	"Iraq"	"Baghdad"	37	22	59	5740	7561	13301	45406	68874	114280
"2007.04.01"	"Sudan"	"Um Baru"	5	0	5	5745	7561	13306	45411	68874	114285
"2007.04.01"	"Thailand"	"Narathiwat"	1	0	1	5746	7561	13307	45412	68874	114286
"2007.04.01"	"Thailand"	"Pattani"	1	0	1	5747	7561	13308	45413	68874	114287
"2007.04.01"	"Afghanistan"	"Musa Qala"	3	0	3	5750	7561	13311	45416	68874	114290
"2007.04.01"	"Afghanistan"	"Mihtarlam"	5	6	11	5755	7567	13322	45421	68880	114301
"2007.04.02"	"Afghanistan"	"Kandahar"	3	2	5	5758	7569	13327	45424	68882	114306
"2007.04.02"	"Iraq"	"Sab al-Bor"	1	0	1	5759	7569	13328	45425	68882	114307
"2007.04.02"	"Pakistan"	"Shin Warsak"	2	0	2	5761	7569	13330	45427	68882	114309
"2007.04.02"	"Iraq"	"Kirkuk"	13	167	180	5774	7736	13510	45440	69049	114489
"2007.04.02"	"Iraq"	"Baqubah"	21	0	21	5795	7736	13531	45461	69049	114510
"2007.04.02"	"Iraq"	"Khalis"	3	20	23	5798	7756	13554	45464	69069	114533
"2007.04.02"	"Iraq"	"Baghdad"	20	15	35	5818	7771	13589	45484	69084	114568
"2007.04.02"	"Pakistan"	"Shalobar"	2	9	11	5820	7780	13600	45486	69093	114579
"2007.04.03"	"Iraq"	"Baghdad"	15	2	17	5835	7782	13617	45501	69095	114596
"2007.04.03"	"Iraq"	"Baqubah"	17	0	17	5852	7782	13634	45518	69095	114613
"2007.04.03"	"Thailand"	"Pattani"	3	0	3	5855	7782	13637	45521	69095	114616
"2007.04.03"	"Thailand"	"Narathiwat"	1	1	2	5856	7783	13639	45522	69096	114618
"2007.04.04"	"Iraq"	"Kirkuk"	11	0	11	5867	7783	13650	45533	69096	114629
"2007.04.04"	"Iraq"	"Hilla"	3	0	3	5870	7783	13653	45536	69096	114632
"2007.04.04"	"India"	"Tral"	1	0	1	5871	7783	13654	45537	69096	114633
"2007.04.04"	"Thailand"	"Narathiwat"	2	0	2	5873	7783	13656	45539	69096	114635
"2007.04.04"	"Algeria"	"Biskra"	3	7	10	5876	7790	13666	45542	69103	114645
"2007.04.05"	"Iraq"	"Baghdad"	1	0	1	5877	7790	13667	45543	69103	114646
"2007.04.05"	"Thailand"	"Narathiwat"	2	0	2	5879	7790	13669	45545	69103	114648
"2007.04.05"	"Thailand"	"Narathiwat"	1	1	2	5880	7791	13671	45546	69104	114650
"2007.04.05"	"Thailand"	"Narathiwat"	1	0	1	5881	7791	13672	45547	69104	114651
"2007.04.05"	"Iraq"	"Baghdad"	13	0	13	5894	7791	13685	45560	69104	114664
"2007.04.05"	"Iraq"	"Diyala"	22	0	22	5916	7791	13707	45582	69104	114686
"2007.04.05"	"Afghanistan"	"Zabul"	5	0	5	5921	7791	13712	45587	69104	114691
"2007.04.05"	"Afghanistan"	"Khost"	1	3	4	5922	7794	13716	45588	69107	114695
"2007.04.05"	"Afghanistan"	"Kandahar"	1	7	8	5923	7801	13724	45589	69114	114703
"2007.04.05"	"Thailand"	"Yala"	0	16	16	5923	7817	13740	45589	69130	114719
"2007.04.05"	"Iraq"	"Basra"	5	1	6	5928	7818	13746	45594	69131	114725
"2007.04.06"	"Saudi Arabia"	"Medina"	1	2	3	5929	7820	13749	45595	69133	114728
"2007.04.06"	"Afghanistan"	"Kabul"	6	4	10	5935	7824	13759	45601	69137	114738
"2007.04.06"	"Yemen"	"Amran"	0	30	30	5935	7854	13789	45601	69167	114768
"2007.04.06"	"Iraq"	"Ramadi"	25	30	55	5960	7884	13844	45626	69197	114823
"2007.04.06"	"Iraq"	"Tal Afar"	19	5	24	5979	7889	13868	45645	69202	114847
"2007.04.07"	"Pakistan"	"Parachinar"	10	83	93	5989	7972	13961	45655	69285	114940
"2007.04.07"	"Iraq"	"Baghdad"	15	5	20	6004	7977	13981	45670	69290	114960
"2007.04.07"	"Iraq"	"Baqubah"	27	2	29	6031	7979	14010	45697	69292	114989
"2007.04.07"	"Iraq"	"Karbala"	6	0	6	6037	7979	14016	45703	69292	114995
"2007.04.07"	"Algeria"	"Zaccar Forest"	9	7	16	6046	7986	14032	45712	69299	115011
"2007.04.07"	"Afghanistan"	"Farah"	7	4	11	6053	7990	14043	45719	69303	115022
"2007.04.07"	"Philippines"	"Parang"	10	2	12	6063	7992	14055	45729	69305	115034
"2007.04.07"	"India"	"Baramulla"	1	0	1	6064	7992	14056	45730	69305	115035
"2007.04.08"	"Thailand"	"Yala"	1	0	1	6065	7992	14057	45731	69305	115036
"2007.04.08"	"Thailand"	"Narathiwat"	1	0	1	6066	7992	14058	45732	69305	115037
"2007.04.08"	"Afghanistan"	"Kandahar"	6	0	6	6072	7992	14064	45738	69305	115043
"2007.04.08"	"Iraq"	"Mahmoudiyah"	18	23	41	6090	8015	14105	45756	69328	115084
"2007.04.08"	"Iraq"	"Baghdad"	24	21	45	6114	8036	14150	45780	69349	115129
"2007.04.08"	"Pakistan"	"Pewer"	4	0	4	6118	8036	14154	45784	69349	115133
"2007.04.08"	"Pakistan"	"Chardiwar"	2	0	2	6120	8036	14156	45786	69349	115135
"2007.04.08"	"Pakistan"	"Mallikhel"	2	0	2	6122	8036	14158	45788	69349	115137
"2007.04.08"	"Pakistan"	"Karman"	1	0	1	6123	8036	14159	45789	69349	115138
"2007.04.08"	"Pakistan"	"Boshera"	5	0	5	6128	8036	14164	45794	69349	115143
"2007.04.08"	"Pakistan"	"Sadda"	2	0	2	6130	8036	14166	45796	69349	115145
"2007.04.08"	"Pakistan"	"Wana"	2	0	2	6132	8036	14168	45798	69349	115147
"2007.04.08"	"Afghanistan"	"Kabul"	1	0	1	6133	8036	14169	45799	69349	115148
"2007.04.09"	"Iraq"	"Baghdad"	17	0	17	6150	8036	14186	45816	69349	115165
"2007.04.09"	"Afghanistan"	"Zabul"	4	19	23	6154	8055	14209	45820	69368	115188
"2007.04.09"	"Afghanistan"	"Khakraiz"	1	0	1	6155	8055	14210	45821	69368	115189
"2007.04.09"	"Thailand"	"Pattani"	1	0	1	6156	8055	14211	45822	69368	115190
"2007.04.09"	"Thailand"	"Yala"	1	0	1	6157	8055	14212	45823	69368	115191
"2007.04.09"	"Thailand"	"Yala"	1	0	1	6158	8055	14213	45824	69368	115192
"2007.04.09"	"Thailand"	"Yala"	1	0	1	6159	8055	14214	45825	69368	115193
"2007.04.10"	"Iraq"	"Muqdadiyah"	21	33	54	6180	8088	14268	45846	69401	115247
"2007.04.10"	"Iraq"	"Baghdad"	6	11	17	6186	8099	14285	45852	69412	115264
"2007.04.10"	"Iraq"	"Baghdad"	1	17	18	6187	8116	14303	45853	69429	115282
"2007.04.10"	"Iraq"	"Hilla"	2	4	6	6189	8120	14309	45855	69433	115288
"2007.04.10"	"Iraq"	"Fallujah"	10	1	11	6199	8121	14320	45865	69434	115299
"2007.04.10"	"Pakistan"	"Pir Qayyum"	3	0	3	6202	8121	14323	45868	69434	115302
"2007.04.10"	"Pakistan"	"Balishtkhel"	3	0	3	6205	8121	14326	45871	69434	115305
"2007.04.10"	"Pakistan"	"Ibrahimzai"	1	0	1	6206	8121	14327	45872	69434	115306
"2007.04.10"	"Pakistan"	"Shingak"	1	0	1	6207	8121	14328	45873	69434	115307
"2007.04.10"	"Morocco"	"Casablanca"	1	1	2	6208	8122	14330	45874	69435	115309
"2007.04.10"	"India"	"Srinagar"	1	10	11	6209	8132	14341	45875	69445	115320
"2007.04.11"	"Sudan"	"Abujogh Market"	40	25	65	6249	8157	14406	45915	69470	115385
"2007.04.11"	"Iraq"	"Mosul"	2	0	2	6251	8157	14408	45917	69470	115387
"2007.04.11"	"Iraq"	"Baghdad"	34	8	42	6285	8165	14450	45951	69478	115429
"2007.04.11"	"Pakistan"	"Sadda"	27	30	57	6312	8195	14507	45978	69508	115486
"2007.04.11"	"Pakistan"	"Kurram"	3	11	14	6315	8206	14521	45981	69519	115500
"2007.04.11"	"Bangladesh"	"Jhalakathi"	1	0	1	6316	8206	14522	45982	69519	115501
"2007.04.11"	"Somalia"	"Mogadishu"	3	0	3	6319	8206	14525	45985	69519	115504
"2007.04.11"	"Algeria"	"Algiers"	33	222	255	6352	8428	14780	46018	69741	115759
"2007.04.11"	"Thailand"	"Yala"	2	0	2	6354	8428	14782	46020	69741	115761
"2007.04.11"	"Thailand"	"Narathiwat"	1	0	1	6355	8428	14783	46021	69741	115762
"2007.04.11"	"Thailand"	"Yala"	1	0	1	6356	8428	14784	46022	69741	115763
"2007.04.11"	"Afghanistan"	"Kandahar"	2	9	11	6358	8437	14795	46024	69750	115774
"2007.04.12"	"Iraq"	"Baghdad"	19	9	28	6377	8446	14823	46043	69759	115802
"2007.04.12"	"Philippines"	"Indanan"	2	10	12	6379	8456	14835	46045	69769	115814
"2007.04.12"	"Pakistan"	"Miranshah"	1	3	4	6380	8459	14839	46046	69772	115818
"2007.04.12"	"Pakistan"	"Chardiwar"	5	6	11	6385	8465	14850	46051	69778	115829
"2007.04.12"	"Somalia"	"Mogadishu"	2	0	2	6387	8465	14852	46053	69778	115831
"2007.04.12"	"Iraq"	"Baghdad"	8	23	31	6395	8488	14883	46061	69801	115862
"2007.04.12"	"Iraq"	"Baghdad"	10	30	40	6405	8518	14923	46071	69831	115902
"2007.04.12"	"Iraq"	"Kirkuk"	6	19	25	6411	8537	14948	46077	69850	115927
"2007.04.12"	"Somalia"	"Mogadishu"	52	165	217	6463	8702	15165	46129	70015	116144
"2007.04.13"	"Thailand"	"Narathiwat"	1	0	1	6464	8702	15166	46130	70015	116145
"2007.04.13"	"India"	"Batmalu"	1	1	2	6465	8703	15168	46131	70016	116147
"2007.04.14"	"Iraq"	"Baghdad"	35	50	85	6500	8753	15253	46166	70066	116232
"2007.04.14"	"Iraq"	"Baghdad"	29	19	48	6529	8772	15301	46195	70085	116280
"2007.04.14"	"Algeria"	"Boumerdes"	4	2	6	6533	8774	15307	46199	70087	116286
"2007.04.14"	"Philippines"	"Panamao"	3	10	13	6536	8784	15320	46202	70097	116299
"2007.04.14"	"Thailand"	"Narathiwat"	2	0	2	6538	8784	15322	46204	70097	116301
"2007.04.14"	"Iraq"	"Karbala"	47	224	271	6585	9008	15593	46251	70321	116572
"2007.04.14"	"Afghanistan"	"Khost"	8	6	14	6593	9014	15607	46259	70327	116586
"2007.04.15"	"India"	"Munawajji"	2	1	3	6595	9015	15610	46261	70328	116589
"2007.04.15"	"Iraq"	"Baghdad"	44	43	87	6639	9058	15697	46305	70371	116676
"2007.04.15"	"Iraq"	"Baghdad"	15	50	65	6654	9108	15762	46320	70421	116741
"2007.04.15"	"Iraq"	"Mosul"	4	16	20	6658	9124	15782	46324	70437	116761
"2007.04.15"	"Afghanistan"	"Spin Boldak"	4	1	5	6662	9125	15787	46328	70438	116766
"2007.04.15"	"Algeria"	"Ait Mahmoud"	2	0	2	6664	9125	15789	46330	70438	116768
"2007.04.15"	"Thailand"	"Narathiwat"	1	0	1	6665	9125	15790	46331	70438	116769
"2007.04.15"	"India"	"Pulwama"	1	0	1	6666	9125	15791	46332	70438	116770
"2007.04.16"	"India"	"Pulwama"	1	0	1	6667	9125	15792	46333	70438	116771
"2007.04.16"	"India"	"Doda"	1	1	2	6668	9126	15794	46334	70439	116773
"2007.04.16"	"Pakistan"	"Kohat-Peshawar"	1	2	3	6669	9128	15797	46335	70441	116776
"2007.04.16"	"Iraq"	"Baghdad"	14	7	21	6683	9135	15818	46349	70448	116797
"2007.04.16"	"Iraq"	"Mosul"	23	4	27	6706	9139	15845	46372	70452	116824
"2007.04.16"	"Pakistan"	"Badh Beer"	3	4	7	6709	9143	15852	46375	70456	116831
"2007.04.16"	"Afghanistan"	"Kunduz"	10	32	42	6719	9175	15894	46385	70488	116873
"2007.04.16"	"Thailand"	"Narathiwat"	1	3	4	6720	9178	15898	46386	70491	116877
"2007.04.16"	"Thailand"	"Yala"	1	0	1	6721	9178	15899	46387	70491	116878
"2007.04.16"	"Thailand"	"Yala"	1	0	1	6722	9178	15900	46388	70491	116879
"2007.04.16"	"Iraq"	"Diyala"	1	1	2	6723	9179	15902	46389	70492	116881
"2007.04.17"	"Sudan"	"Sires Umm al-Qura"	73	12	85	6796	9191	15987	46462	70504	116966
"2007.04.17"	"Thailand"	"Pattani"	1	0	1	6797	9191	15988	46463	70504	116967
"2007.04.17"	"Iraq"	"Ramadi"	17	0	17	6814	9191	16005	46480	70504	116984
"2007.04.17"	"Iraq"	"Abu Saida"	2	5	7	6816	9196	16012	46482	70509	116991
"2007.04.17"	"Iraq"	"Hawija"	3	4	7	6819	9200	16019	46485	70513	116998
"2007.04.17"	"Thailand"	"Narathiwat"	2	0	2	6821	9200	16021	46487	70513	117000
"2007.04.17"	"Iraq"	"Baghdad"	15	16	31	6836	9216	16052	46502	70529	117031
"2007.04.17"	"Afghanistan"	"Kandahar"	5	0	5	6841	9216	16057	46507	70529	117036
"2007.04.17"	"Afghanistan"	"Herat"	4	3	7	6845	9219	16064	46511	70532	117043
"2007.04.17"	"Nigeria"	"Kano"	13	0	13	6858	9219	16077	46524	70532	117056
"2007.04.18"	"Somalia"	"Mogadishu"	3	6	9	6861	9225	16086	46527	70538	117065
"2007.04.18"	"Iraq"	"Baghdad"	192	239	431	7053	9464	16517	46719	70777	117496
"2007.04.18"	"Thailand"	"Yala"	1	0	1	7054	9464	16518	46720	70777	117497
"2007.04.18"	"Thailand"	"Narathiwat"	1	0	1	7055	9464	16519	46721	70777	117498
"2007.04.18"	"Iraq"	"Baghdad"	22	0	22	7077	9464	16541	46743	70777	117520
"2007.04.18"	"Turkey"	"Malatya"	3	3	6	7080	9467	16547	46746	70780	117526
"2007.04.19"	"Philippines"	"Parang"	7	0	7	7087	9467	16554	46753	70780	117533
"2007.04.19"	"Iraq"	"Baghdad"	26	4	30	7113	9471	16584	46779	70784	117563
"2007.04.19"	"Iraq"	"Shirqat"	4	0	4	7117	9471	16588	46783	70784	117567
"2007.04.19"	"Iraq"	"Baghdad"	11	34	45	7128	9505	16633	46794	70818	117612
"2007.04.19"	"Somalia"	"Mogadishu"	12	20	32	7140	9525	16665	46806	70838	117644
"2007.04.19"	"Somalia"	"Mogadishu"	10	71	81	7150	9596	16746	46816	70909	117725
"2007.04.19"	"India"	"Baramulla"	1	0	1	7151	9596	16747	46817	70909	117726
"2007.04.19"	"Thailand"	"Narathiwat"	2	0	2	7153	9596	16749	46819	70909	117728
"2007.04.20"	"Iraq"	"Baghdad"	25	27	52	7178	9623	16801	46844	70936	117780
"2007.04.20"	"India"	"Rajouri"	2	0	2	7180	9623	16803	46846	70936	117782
"2007.04.21"	"Iraq"	"Baghdad"	13	5	18	7193	9628	16821	46859	70941	117800
"2007.04.21"	"Iraq"	"Khalis"	8	0	8	7201	9628	16829	46867	70941	117808
"2007.04.21"	"Iraq"	"Kirkuk"	4	0	4	7205	9628	16833	46871	70941	117812
"2007.04.21"	"Thailand"	"Pattani"	3	1	4	7208	9629	16837	46874	70942	117816
"2007.04.22"	"Iraq"	"Baghdad"	13	95	108	7221	9724	16945	46887	71037	117924
"2007.04.22"	"Iraq"	"Saidiya"	7	42	49	7228	9766	16994	46894	71079	117973
"2007.04.22"	"Iraq"	"Bashika"	23	0	23	7251	9766	17017	46917	71079	117996
"2007.04.22"	"Afghanistan"	"Ghazni"	1	0	1	7252	9766	17018	46918	71079	117997
"2007.04.22"	"Afghanistan"	"Zabul"	2	5	7	7254	9771	17025	46920	71084	118004
"2007.04.22"	"India"	"Doda"	3	0	3	7257	9771	17028	46923	71084	118007
"2007.04.22"	"Pakistan"	"Mastung"	3	0	3	7260	9771	17031	46926	71084	118010
"2007.04.22"	"Thailand"	"Pattani"	1	1	2	7261	9772	17033	46927	71085	118012
"2007.04.22"	"Afghanistan"	"Khost"	10	40	50	7271	9812	17083	46937	71125	118062
"2007.04.22"	"Iraq"	"Iskandariya"	2	0	2	7273	9812	17085	46939	71125	118064
"2007.04.23"	"Thailand"	"Yala"	1	0	1	7274	9812	17086	46940	71125	118065
"2007.04.23"	"Iraq"	"Diyala"	9	20	29	7283	9832	17115	46949	71145	118094
"2007.04.23"	"Iraq"	"Baghdad"	23	14	37	7306	9846	17152	46972	71159	118131
"2007.04.23"	"Iraq"	"Ramadi"	19	30	49	7325	9876	17201	46991	71189	118180
"2007.04.23"	"Iraq"	"Baqubah"	10	23	33	7335	9899	17234	47001	71212	118213
"2007.04.23"	"Iraq"	"Mosul"	10	20	30	7345	9919	17264	47011	71232	118243
"2007.04.23"	"Somalia"	"Mogadishu"	4	1	5	7349	9920	17269	47015	71233	118248
"2007.04.24"	"Iraq"	"Ramadi"	25	44	69	7374	9964	17338	47040	71277	118317
"2007.04.24"	"Iraq"	"Baqubah"	8	17	25	7382	9981	17363	47048	71294	118342
"2007.04.24"	"Iraq"	"Baghdad"	19	0	19	7401	9981	17382	47067	71294	118361
"2007.04.24"	"Afghanistan"	"Herat"	4	2	6	7405	9983	17388	47071	71296	118367
"2007.04.25"	"Afghanistan"	"Paktika"	7	1	8	7412	9984	17396	47078	71297	118375
"2007.04.25"	"Iraq"	"Baghdad"	24	10	34	7436	9994	17430	47102	71307	118409
"2007.04.25"	"Iraq"	"Balad Ruz"	9	16	25	7445	10010	17455	47111	71323	118434
"2007.04.25"	"Iraq"	"Mosul"	2	2	4	7447	10012	17459	47113	71325	118438
"2007.04.25"	"Pakistan"	"Dera Ismail Khan"	3	0	3	7450	10012	17462	47116	71325	118441
"2007.04.25"	"Somalia"	"Mogadishu"	7	0	7	7457	10012	17469	47123	71325	118448
"2007.04.25"	"Afghanistan"	"Paktia"	2	0	2	7459	10012	17471	47125	71325	118450
"2007.04.26"	"Lebanon"	"Sidon"	2	0	2	7461	10012	17473	47127	71325	118452
"2007.04.26"	"Iraq"	"Baghdad"	35	19	54	7496	10031	17527	47162	71344	118506
"2007.04.26"	"Iraq"	"Mosul"	3	59	62	7499	10090	17589	47165	71403	118568
"2007.04.26"	"Pakistan"	"Dera Ismail Khan"	2	0	2	7501	10090	17591	47167	71403	118570
"2007.04.26"	"Afghanistan"	"Ghazni"	2	0	2	7503	10090	17593	47169	71403	118572
"2007.04.26"	"Afghanistan"	"Mihtarlam"	1	0	1	7504	10090	17594	47170	71403	118573
"2007.04.26"	"Afghanistan"	"Barmal"	1	1	2	7505	10091	17596	47171	71404	118575
"2007.04.26"	"Afghanistan"	"Barmal"	2	0	2	7507	10091	17598	47173	71404	118577
"2007.04.27"	"Thailand"	"Pattani"	1	0	1	7508	10091	17599	47174	71404	118578
"2007.04.27"	"Iraq"	"Kirkuk"	1	0	1	7509	10091	17600	47175	71404	118579
"2007.04.27"	"Iraq"	"Hit"	10	20	30	7519	10111	17630	47185	71424	118609
"2007.04.27"	"Pakistan"	"North Waziristan"	4	0	4	7523	10111	17634	47189	71424	118613
"2007.04.27"	"Chechnya"	"Shatoi"	17	0	17	7540	10111	17651	47206	71424	118630
"2007.04.27"	"Sudan"	"Gnaya"	4	5	9	7544	10116	17660	47210	71429	118639
"2007.04.28"	"Iraq"	"Baghdad"	4	1	5	7548	10117	17665	47214	71430	118644
"2007.04.28"	"Iraq"	"Baghdad"	22	22	44	7570	10139	17709	47236	71452	118688
"2007.04.28"	"Iraq"	"Baqubah"	27	0	27	7597	10139	17736	47263	71452	118715
"2007.04.28"	"Iraq"	"Karbala"	60	170	230	7657	10309	17966	47323	71622	118945
"2007.04.28"	"Pakistan"	"Peshawar"	28	35	63	7685	10344	18029	47351	71657	119008
"2007.04.28"	"Iraq"	"Zafaraniyah"	4	3	7	7689	10347	18036	47355	71660	119015
"2007.04.28"	"Thailand"	"Narathiwat"	1	0	1	7690	10347	18037	47356	71660	119016
"2007.04.28"	"Thailand"	"Narathiwat"	1	0	1	7691	10347	18038	47357	71660	119017
"2007.04.28"	"Iraq"	"Mosul"	17	0	17	7708	10347	18055	47374	71660	119034
"2007.04.29"	"Thailand"	"Pattani"	2	0	2	7710	10347	18057	47376	71660	119036
"2007.04.29"	"India"	"Kulgam"	1	0	1	7711	10347	18058	47377	71660	119037
"2007.04.29"	"Thailand"	"Pattani"	1	0	1	7712	10347	18059	47378	71660	119038
"2007.04.29"	"Afghanistan"	"Herat"	2	1	3	7714	10348	18062	47380	71661	119041
"2007.04.29"	"Thailand"	"Narathiwat"	1	1	2	7715	10349	18064	47381	71662	119043
"2007.04.29"	"Iraq"	"Baghdad"	17	8	25	7732	10357	18089	47398	71670	119068
"2007.04.29"	"Iraq"	"Kut"	1	9	10	7733	10366	18099	47399	71679	119078
"2007.04.29"	"Iraq"	"Baqubah"	12	5	17	7745	10371	18116	47411	71684	119095
"2007.04.29"	"Pakistan"	"Naray Dhoke"	1	0	1	7746	10371	18117	47412	71684	119096
"2007.04.29"	"India"	"Srinagar"	1	25	26	7747	10396	18143	47413	71709	119122
"2007.04.30"	"Iraq"	"Ramadi"	6	10	16	7753	10406	18159	47419	71719	119138
"2007.04.30"	"Iraq"	"Khalis"	32	52	84	7785	10458	18243	47451	71771	119222
"2007.04.30"	"Iraq"	"Baghdad"	37	50	87	7822	10508	18330	47488	71821	119309
"2007.04.30"	"Pakistan"	"Jandola"	2	0	2	7824	10508	18332	47490	71821	119311
"2007.04.30"	"Afghanistan"	"Kandahar"	1	3	4	7825	10511	18336	47491	71824	119315
"2007.04.30"	"Ethiopia"	"Jijiga"	2	3	5	7827	10514	18341	47493	71827	119320
"2007.05.01"	"Iraq"	"Iskandariyah"	14	8	22	7841	10522	18363	47507	71835	119342
"2007.05.01"	"Thailand"	"Pattani"	1	26	27	7842	10548	18390	47508	71861	119369
"2007.05.01"	"Thailand"	"Yala"	1	4	5	7843	10552	18395	47509	71865	119374
"2007.05.01"	"Iraq"	"Baghdad"	19	6	25	7862	10558	18420	47528	71871	119399
"2007.05.01"	"Iraq"	"Baqubah"	10	0	10	7872	10558	18430	47538	71871	119409
"2007.05.02"	"Iraq"	"Baghdad"	4	35	39	7876	10593	18469	47542	71906	119448
"2007.05.02"	"Iraq"	"Mahmoudiya"	11	1	12	7887	10594	18481	47553	71907	119460
"2007.05.02"	"Iraq"	"Baghdad"	30	0	30	7917	10594	18511	47583	71907	119490
"2007.05.02"	"India"	"Handwara"	1	0	1	7918	10594	18512	47584	71907	119491
"2007.05.02"	"Afghanistan"	"Paktia"	5	2	7	7923	10596	18519	47589	71909	119498
"2007.05.02"	"Chechnya"	"Grozny"	2	0	2	7925	10596	18521	47591	71909	119500
"2007.05.02"	"Afghanistan"	"Kabul"	1	0	1	7926	10596	18522	47592	71909	119501
"2007.05.02"	"Pakistan"	"Goorwak"	1	0	1	7927	10596	18523	47593	71909	119502
"2007.05.03"	"Afghanistan"	"Helmand"	1	0	1	7928	10596	18524	47594	71909	119503
"2007.05.03"	"Iraq"	"Baghdad"	9	0	9	7937	10596	18533	47603	71909	119512
"2007.05.03"	"Iraq"	"Baghdad"	29	0	29	7966	10596	18562	47632	71909	119541
"2007.05.03"	"Iraq"	"Baiji"	6	0	6	7972	10596	18568	47638	71909	119547
"2007.05.03"	"Thailand"	"Pattani"	1	0	1	7973	10596	18569	47639	71909	119548
"2007.05.03"	"Afghanistan"	"Oruzgan"	1	0	1	7974	10596	18570	47640	71909	119549
"2007.05.03"	"Thailand"	"Pattani"	1	0	1	7975	10596	18571	47641	71909	119550
"2007.05.03"	"Thailand"	"Narathiwat"	1	0	1	7976	10596	18572	47642	71909	119551
"2007.05.03"	"Afghanistan"	"Kabul"	1	29	30	7977	10625	18602	47643	71938	119581
"2007.05.04"	"Iraq"	"Hilla"	5	35	40	7982	10660	18642	47648	71973	119621
"2007.05.04"	"Iraq"	"Fallujah"	9	0	9	7991	10660	18651	47657	71973	119630
"2007.05.04"	"Iraq"	"Suwayra"	8	0	8	7999	10660	18659	47665	71973	119638
"2007.05.04"	"Iraq"	"Baghdad"	22	2	24	8021	10662	18683	47687	71975	119662
"2007.05.04"	"Thailand"	"Yala"	1	0	1	8022	10662	18684	47688	71975	119663
"2007.05.04"	"Thailand"	"Yala"	1	0	1	8023	10662	18685	47689	71975	119664
"2007.05.04"	"Thailand"	"Yala"	3	0	3	8026	10662	18688	47692	71975	119667
"2007.05.04"	"Pakistan"	"Miran Shah"	1	0	1	8027	10662	18689	47693	71975	119668
"2007.05.05"	"Pakistan"	"Dera Ismail Khan"	1	0	1	8028	10662	18690	47694	71975	119669
"2007.05.05"	"Iraq"	"Kannan"	4	0	4	8032	10662	18694	47698	71975	119673
"2007.05.05"	"Iraq"	"Baghdad"	3	0	3	8035	10662	18697	47701	71975	119676
"2007.05.05"	"Afghanistan"	"Helmand"	2	0	2	8037	10662	18699	47703	71975	119678
"2007.05.05"	"Thailand"	"Yala"	3	0	3	8040	10662	18702	47706	71975	119681
"2007.05.05"	"Thailand"	"Yala"	1	0	1	8041	10662	18703	47707	71975	119682
"2007.05.05"	"Iraq"	"Baghdad"	16	21	37	8057	10683	18740	47723	71996	119719
"2007.05.05"	"Afghanistan"	"Farah"	8	2	10	8065	10685	18750	47731	71998	119729
"2007.05.05"	"Thailand"	"Yala"	1	1	2	8066	10686	18752	47732	71999	119731
"2007.05.06"	"Chechnya"	"Vedeno"	4	3	7	8070	10689	18759	47736	72002	119738
"2007.05.06"	"Afghanistan"	"Kabul"	2	2	4	8072	10691	18763	47738	72004	119742
"2007.05.06"	"Iraq"	"Karma"	28	12	40	8100	10703	18803	47766	72016	119782
"2007.05.06"	"Afghanistan"	"Ghazni"	5	2	7	8105	10705	18810	47771	72018	119789
"2007.05.06"	"Pal. Auth."	"Rafah"	1	4	5	8106	10709	18815	47772	72022	119794
"2007.05.06"	"Iraq"	"Baghdad"	42	70	112	8148	10779	18927	47814	72092	119906
"2007.05.06"	"Iraq"	"Baghdad"	28	11	39	8176	10790	18966	47842	72103	119945
"2007.05.06"	"Iraq"	"Samarra"	12	11	23	8188	10801	18989	47854	72114	119968
"2007.05.06"	"Pakistan"	"Punjab"	2	1	3	8190	10802	18992	47856	72115	119971
"2007.05.07"	"Thailand"	"Yala"	1	0	1	8191	10802	18993	47857	72115	119972
"2007.05.07"	"Iraq"	"Ramadi"	25	40	65	8216	10842	19058	47882	72155	120037
"2007.05.07"	"Iraq"	"Baghdad"	36	4	40	8252	10846	19098	47918	72159	120077
"2007.05.07"	"Iraq"	"Mandili"	4	2	6	8256	10848	19104	47922	72161	120083
"2007.05.07"	"Iraq"	"Khalis"	4	0	4	8260	10848	19108	47926	72161	120087
"2007.05.07"	"Somalia"	"Mogadishu"	2	7	9	8262	10855	19117	47928	72168	120096
"2007.05.07"	"Thailand"	"Yala"	2	1	3	8264	10856	19120	47930	72169	120099
"2007.05.07"	"Afghanistan"	"Kabul"	1	5	6	8265	10861	19126	47931	72174	120105
"2007.05.08"	"India"	"Kupwara"	1	2	3	8266	10863	19129	47932	72176	120108
"2007.05.08"	"Iraq"	"Kufa"	45	80	125	8311	10943	19254	47977	72256	120233
"2007.05.08"	"Iraq"	"Diyala"	2	0	2	8313	10943	19256	47979	72256	120235
"2007.05.08"	"Iraq"	"Baghdad"	28	9	37	8341	10952	19293	48007	72265	120272
"2007.05.08"	"Iraq"	"Khanaqin"	9	23	32	8350	10975	19325	48016	72288	120304
"2007.05.08"	"Afghanistan"	"Kandahar"	1	0	1	8351	10975	19326	48017	72288	120305
"2007.05.08"	"Pal. Auth."	"Rafah"	1	0	1	8352	10975	19327	48018	72288	120306
"2007.05.08"	"Philippines"	"Tacurong"	8	23	31	8360	10998	19358	48026	72311	120337
"2007.05.08"	"Thailand"	"Pattani"	1	0	1	8361	10998	19359	48027	72311	120338
"2007.05.09"	"Somalia"	"Mogadishu"	1	1	2	8362	10999	19361	48028	72312	120340
"2007.05.09"	"Iraq"	"al-Jeblah"	13	0	13	8375	10999	19374	48041	72312	120353
"2007.05.09"	"Iraq"	"Irbil"	19	80	99	8394	11079	19473	48060	72392	120452
"2007.05.09"	"Iraq"	"Kirkuk"	4	0	4	8398	11079	19477	48064	72392	120456
"2007.05.09"	"Iraq"	"Baghdad"	32	0	32	8430	11079	19509	48096	72392	120488
"2007.05.09"	"India"	"Sopore"	1	0	1	8431	11079	19510	48097	72392	120489
"2007.05.09"	"Thailand"	"Narathiwat"	7	0	7	8438	11079	19517	48104	72392	120496
"2007.05.09"	"Thailand"	"Yala"	1	1	2	8439	11080	19519	48105	72393	120498
"2007.05.09"	"Thailand"	"Pattani"	1	0	1	8440	11080	19520	48106	72393	120499
"2007.05.10"	"Somalia"	"Mogadishu"	2	1	3	8442	11081	19523	48108	72394	120502
"2007.05.10"	"Iraq"	"Baghdad"	9	0	9	8451	11081	19532	48117	72394	120511
"2007.05.10"	"Iraq"	"Baghdad"	23	0	23	8474	11081	19555	48140	72394	120534
"2007.05.10"	"Afghanistan"	"Paktika"	3	7	10	8477	11088	19565	48143	72401	120544
"2007.05.11"	"Thailand"	"Narathiwat"	1	0	1	8478	11088	19566	48144	72401	120545
"2007.05.11"	"India"	"Kupwara"	3	0	3	8481	11088	19569	48147	72401	120548
"2007.05.11"	"Egypt"	"Behma"	0	10	10	8481	11098	19579	48147	72411	120558
"2007.05.11"	"Thailand"	"Narathiwat"	2	0	2	8483	11098	19581	48149	72411	120560
"2007.05.11"	"Thailand"	"Narathiwat"	1	2	3	8484	11100	19584	48150	72413	120563
"2007.05.11"	"Iraq"	"Mosul"	3	0	3	8487	11100	19587	48153	72413	120566
"2007.05.11"	"Iraq"	"Baghdad"	23	57	80	8510	11157	19667	48176	72470	120646
"2007.05.11"	"Iraq"	"Balad"	3	2	5	8513	11159	19672	48179	72472	120651
"2007.05.11"	"Iraq"	"Fallujah"	24	0	24	8537	11159	19696	48203	72472	120675
"2007.05.11"	"Algeria"	"Jijel"	1	2	3	8538	11161	19699	48204	72474	120678
"2007.05.12"	"Thailand"	"Yala"	1	0	1	8539	11161	19700	48205	72474	120679
"2007.05.12"	"Thailand"	"Narathiwat"	1	0	1	8540	11161	19701	48206	72474	120680
"2007.05.12"	"Thailand"	"Yala"	3	0	3	8543	11161	19704	48209	72474	120683
"2007.05.12"	"Afghanistan"	"Kandahar"	8	0	8	8551	11161	19712	48217	72474	120691
"2007.05.12"	"Iraq"	"Baghdad"	19	1	20	8570	11162	19732	48236	72475	120711
"2007.05.12"	"Somalia"	"Mogadishu"	4	3	7	8574	11165	19739	48240	72478	120718
"2007.05.13"	"Algeria"	"Skikda"	3	3	6	8577	11168	19745	48243	72481	120724
"2007.05.13"	"Somalia"	"Bakara"	1	0	1	8578	11168	19746	48244	72481	120725
"2007.05.13"	"Thailand"	"Yala"	2	0	2	8580	11168	19748	48246	72481	120727
"2007.05.13"	"Afghanistan"	"Nangarhar"	1	2	3	8581	11170	19751	48247	72483	120730
"2007.05.13"	"Pal. Auth."	"Beit Lahiya"	2	0	2	8583	11170	19753	48249	72483	120732
"2007.05.13"	"Iraq"	"Mahmur"	32	115	147	8615	11285	19900	48281	72598	120879
"2007.05.13"	"Iraq"	"Baghdad"	22	0	22	8637	11285	19922	48303	72598	120901
"2007.05.13"	"Iraq"	"Baghdad"	17	46	63	8654	11331	19985	48320	72644	120964
"2007.05.13"	"Iraq"	"Eweiraj"	5	4	9	8659	11335	19994	48325	72648	120973
"2007.05.13"	"Iraq"	"Baqubah"	16	9	25	8675	11344	20019	48341	72657	120998
"2007.05.14"	"India"	"Kupwara"	1	0	1	8676	11344	20020	48342	72657	120999
"2007.05.14"	"Pakistan"	"Tank"	1	2	3	8677	11346	20023	48343	72659	121002
"2007.05.14"	"Afghanistan"	"Panjwaii"	1	1	2	8678	11347	20025	48344	72660	121004
"2007.05.14"	"Thailand"	"Yala"	2	0	2	8680	11347	20027	48346	72660	121006
"2007.05.14"	"Thailand"	"Pattani"	2	1	3	8682	11348	20030	48348	72661	121009
"2007.05.14"	"Iraq"	"Baghdad"	14	18	32	8696	11366	20062	48362	72679	121041
"2007.05.14"	"Iraq"	"Mosul"	26	7	33	8722	11373	20095	48388	72686	121074
"2007.05.15"	"Thailand"	"Narathiwat"	1	0	1	8723	11373	20096	48389	72686	121075
"2007.05.15"	"Iraq"	"Baghdad"	28	23	51	8751	11396	20147	48417	72709	121126
"2007.05.15"	"Iraq"	"Abu Saida"	12	22	34	8763	11418	20181	48429	72731	121160
"2007.05.15"	"Pakistan"	"Peshawar"	25	46	71	8788	11464	20252	48454	72777	121231
"2007.05.15"	"Pal. Auth."	"Karni"	8	0	8	8796	11464	20260	48462	72777	121239
"2007.05.15"	"Somalia"	"Bardere"	5	15	20	8801	11479	20280	48467	72792	121259
"2007.05.16"	"Iraq"	"Abu Saida"	45	60	105	8846	11539	20385	48512	72852	121364
"2007.05.16"	"Iraq"	"Fallujah"	7	0	7	8853	11539	20392	48519	72852	121371
"2007.05.16"	"Iraq"	"Kirkuk"	3	2	5	8856	11541	20397	48522	72854	121376
"2007.05.16"	"Algeria"	"Constantine"	1	2	3	8857	11543	20400	48523	72856	121379
"2007.05.16"	"Somalia"	"Shabelle"	8	6	14	8865	11549	20414	48531	72862	121393
"2007.05.16"	"Pakistan"	"Tank"	5	12	17	8870	11561	20431	48536	72874	121410
"2007.05.16"	"Pal. Auth."	"Gaza"	6	0	6	8876	11561	20437	48542	72874	121416
"2007.05.16"	"Pal. Auth."	"Gaza"	8	0	8	8884	11561	20445	48550	72874	121424
"2007.05.16"	"Pal. Auth."	"Gaza"	1	0	1	8885	11561	20446	48551	72874	121425
"2007.05.16"	"Somalia"	"Mogadishu"	5	5	10	8890	11566	20456	48556	72879	121435
"2007.05.17"	"Afghanistan"	"Kandahar"	7	4	11	8897	11570	20467	48563	72883	121446
"2007.05.17"	"Afghanistan"	"Kandahar"	2	4	6	8899	11574	20473	48565	72887	121452
"2007.05.17"	"Iraq"	"Kirkuk"	8	0	8	8907	11574	20481	48573	72887	121460
"2007.05.17"	"Iraq"	"Baghdad"	13	0	13	8920	11574	20494	48586	72887	121473
"2007.05.18"	"Thailand"	"Narathiwat"	1	0	1	8921	11574	20495	48587	72887	121474
"2007.05.18"	"India"	"Hyderabad"	11	35	46	8932	11609	20541	48598	72922	121520
"2007.05.18"	"Iraq"	"Baghdad"	31	10	41	8963	11619	20582	48629	72932	121561
"2007.05.18"	"Iraq"	"Kirkuk"	3	0	3	8966	11619	20585	48632	72932	121564
"2007.05.18"	"Iraq"	"Kut"	5	0	5	8971	11619	20590	48637	72932	121569
"2007.05.18"	"Iraq"	"Baqoubah"	9	0	9	8980	11619	20599	48646	72932	121578
"2007.05.18"	"Philippines"	"Cotabato"	3	20	23	8983	11639	20622	48649	72952	121601
"2007.05.19"	"Thailand"	"Yala"	1	0	1	8984	11639	20623	48650	72952	121602
"2007.05.19"	"Thailand"	"Yala"	1	0	1	8985	11639	20624	48651	72952	121603
"2007.05.19"	"Thailand"	"Yala"	1	0	1	8986	11639	20625	48652	72952	121604
"2007.05.19"	"Iraq"	"Baghdad"	31	20	51	9017	11659	20676	48683	72972	121655
"2007.05.19"	"Iraq"	"Mandali"	15	0	15	9032	11659	20691	48698	72972	121670
"2007.05.19"	"Iraq"	"Basra"	15	0	15	9047	11659	20706	48713	72972	121685
"2007.05.19"	"India"	"Baramulla"	1	1	2	9048	11660	20708	48714	72973	121687
"2007.05.19"	"Afghanistan"	"Kunduz"	9	14	23	9057	11674	20731	48723	72987	121710
"2007.05.19"	"Afghanistan"	"Shinwar"	2	3	5	9059	11677	20736	48725	72990	121715
"2007.05.20"	"Lebanon"	"Beirut"	1	10	11	9060	11687	20747	48726	73000	121726
"2007.05.20"	"Afghanistan"	"Gardez"	14	31	45	9074	11718	20792	48740	73031	121771
"2007.05.20"	"Thailand"	"Narathiwat"	1	0	1	9075	11718	20793	48741	73031	121772
"2007.05.20"	"Thailand"	"Pattani"	1	0	1	9076	11718	20794	48742	73031	121773
"2007.05.20"	"Thailand"	"Yala"	1	1	2	9077	11719	20796	48743	73032	121775
"2007.05.20"	"Iraq"	"Baghdad"	26	10	36	9103	11729	20832	48769	73042	121811
"2007.05.20"	"Iraq"	"Ramadi"	11	52	63	9114	11781	20895	48780	73094	121874
"2007.05.20"	"Iraq"	"Tikrit"	14	0	14	9128	11781	20909	48794	73094	121888
"2007.05.20"	"Afghanistan"	"Helmand"	11	0	11	9139	11781	20920	48805	73094	121899
"2007.05.20"	"Somalia"	"Mogadishu"	2	2	4	9141	11783	20924	48807	73096	121903
"2007.05.20"	"Lebanon"	"al-Qalamoun"	17	45	62	9158	11828	20986	48824	73141	121965
"2007.05.21"	"Lebanon"	"al-Qalamoun"	3	3	6	9161	11831	20992	48827	73144	121971
"2007.05.21"	"Iraq"	"Baghdad"	26	12	38	9187	11843	21030	48853	73156	122009
"2007.05.21"	"Iraq"	"Hibhib"	7	4	11	9194	11847	21041	48860	73160	122020
"2007.05.21"	"Israel"	"Sderot"	1	1	2	9195	11848	21043	48861	73161	122022
"2007.05.21"	"Pakistan"	"Johar"	2	0	2	9197	11848	21045	48863	73161	122024
"2007.05.21"	"Afghanistan"	"Nangarhar"	3	7	10	9200	11855	21055	48866	73168	122034
"2007.05.21"	"Yemen"	"Sanaa"	1	1	2	9201	11856	21057	48867	73169	122036
"2007.05.22"	"Iraq"	"Jalawla"	6	0	6	9207	11856	21063	48873	73169	122042
"2007.05.22"	"India"	"Reasi"	1	0	1	9208	11856	21064	48874	73169	122043
"2007.05.22"	"Thailand"	"Yala"	1	4	5	9209	11860	21069	48875	73173	122048
"2007.05.22"	"Iraq"	"Baghdad"	25	60	85	9234	11920	21154	48900	73233	122133
"2007.05.22"	"Iraq"	"Baghdad"	12	30	42	9246	11950	21196	48912	73263	122175
"2007.05.22"	"Iraq"	"Baqubah"	6	0	6	9252	11950	21202	48918	73263	122181
"2007.05.22"	"Thailand"	"Yala"	4	0	4	9256	11950	21206	48922	73263	122185
"2007.05.22"	"Sudan"	"Liba"	2	18	20	9258	11968	21226	48924	73281	122205
"2007.05.23"	"Ingushetia"	"Nazran"	7	0	7	9265	11968	21233	48931	73281	122212
"2007.05.23"	"Thailand"	"Yala"	1	0	1	9266	11968	21234	48932	73281	122213
"2007.05.23"	"Thailand"	"Pattani"	1	0	1	9267	11968	21235	48933	73281	122214
"2007.05.23"	"Afghanistan"	"Maymana"	2	4	6	9269	11972	21241	48935	73285	122220
"2007.05.23"	"Afghanistan"	"Kabul"	2	2	4	9271	11974	21245	48937	73287	122224
"2007.05.23"	"Iraq"	"Baghdad"	34	3	37	9305	11977	21282	48971	73290	122261
"2007.05.23"	"Afghanistan"	"Herat"	1	0	1	9306	11977	21283	48972	73290	122262
"2007.05.23"	"Iraq"	"Mandali"	22	13	35	9328	11990	21318	48994	73303	122297
"2007.05.23"	"Iraq"	"Ramadi"	5	0	5	9333	11990	21323	48999	73303	122302
"2007.05.23"	"Iraq"	"Albo Obaid"	17	0	17	9350	11990	21340	49016	73303	122319
"2007.05.23"	"Saudi Arabia"	"Riyadh"	1	0	1	9351	11990	21341	49017	73303	122320
"2007.05.24"	"Thailand"	"Narathiwat"	1	0	1	9352	11990	21342	49018	73303	122321
"2007.05.24"	"Somalia"	"Mogadishu"	2	5	7	9354	11995	21349	49020	73308	122328
"2007.05.24"	"Afghanistan"	"Paktika"	7	0	7	9361	11995	21356	49027	73308	122335
"2007.05.24"	"Iraq"	"Sulaiman Bek"	6	6	12	9367	12001	21368	49033	73314	122347
"2007.05.24"	"Iraq"	"Nahr al-Bustan"	6	0	6	9373	12001	21374	49039	73314	122353
"2007.05.24"	"Iraq"	"Hdad"	13	4	17	9386	12005	21391	49052	73318	122370
"2007.05.24"	"Iraq"	"Baghdad"	24	15	39	9410	12020	21430	49076	73333	122409
"2007.05.24"	"Iraq"	"Fallujah"	35	36	71	9445	12056	21501	49111	73369	122480
"2007.05.25"	"Thailand"	"Narathiwat"	1	0	1	9446	12056	21502	49112	73369	122481
"2007.05.25"	"Thailand"	"Yala"	1	0	1	9447	12056	21503	49113	73369	122482
"2007.05.25"	"Iraq"	"Baghdad"	24	15	39	9471	12071	21542	49137	73384	122521
"2007.05.25"	"Thailand"	"Yala"	2	0	2	9473	12071	21544	49139	73384	122523
"2007.05.26"	"Afghanistan"	"Kandahar"	2	3	5	9475	12074	21549	49141	73387	122528
"2007.05.26"	"Afghanistan"	"Ghazni"	5	2	7	9480	12076	21556	49146	73389	122535
"2007.05.26"	"Pakistan"	"Tank"	3	7	10	9483	12083	21566	49149	73396	122545
"2007.05.26"	"Somalia"	"Mogadishu"	1	4	5	9484	12087	21571	49150	73400	122550
"2007.05.26"	"Thailand"	"Narathiwat"	1	0	1	9485	12087	21572	49151	73400	122551
"2007.05.26"	"Iraq"	"Baghdad"	29	42	71	9514	12129	21643	49180	73442	122622
"2007.05.27"	"Israel"	"Sderot"	1	1	2	9515	12130	21645	49181	73443	122624
"2007.05.27"	"Iraq"	"Baghdad"	44	0	44	9559	12130	21689	49225	73443	122668
"2007.05.27"	"Iraq"	"Baghdad"	4	0	4	9563	12130	21693	49229	73443	122672
"2007.05.27"	"Iraq"	"Ramadi"	7	12	19	9570	12142	21712	49236	73455	122691
"2007.05.27"	"Afghanistan"	"Kandahar"	6	0	6	9576	12142	21718	49242	73455	122697
"2007.05.28"	"Iraq"	"Amiriyat al-Falluja"	3	0	3	9579	12142	21721	49245	73455	122700
"2007.05.28"	"Ethiopia"	"Jijiga"	6	40	46	9585	12182	21767	49251	73495	122746
"2007.05.28"	"Afghanistan"	"Kunduz"	2	1	3	9587	12183	21770	49253	73496	122749
"2007.05.28"	"Pakistan"	"Tank"	1	1	2	9588	12184	21772	49254	73497	122751
"2007.05.28"	"Thailand"	"Songkhla"	4	23	27	9592	12207	21799	49258	73520	122778
"2007.05.28"	"Iraq"	"Baghdad"	29	81	110	9621	12288	21909	49287	73601	122888
"2007.05.28"	"Iraq"	"Baghdad"	24	90	114	9645	12378	22023	49311	73691	123002
"2007.05.28"	"Iraq"	"Uwaireeg"	12	0	12	9657	12378	22035	49323	73691	123014
"2007.05.28"	"Pakistan"	"Tank"	2	6	8	9659	12384	22043	49325	73697	123022
"2007.05.28"	"Somalia"	"Mogadishu"	1	0	1	9660	12384	22044	49326	73697	123023
"2007.05.29"	"Pakistan"	"Peshawar"	1	8	9	9661	12392	22053	49327	73705	123032
"2007.05.29"	"Somalia"	"Mogadishu"	2	0	2	9663	12392	22055	49329	73705	123034
"2007.05.29"	"Lebanon"	"Nahr el-Bared"	1	0	1	9664	12392	22056	49330	73705	123035
"2007.05.29"	"Thailand"	"Pattani"	1	0	1	9665	12392	22057	49331	73705	123036
"2007.05.29"	"Iraq"	"Baghdad"	30	0	30	9695	12392	22087	49361	73705	123066
"2007.05.29"	"Iraq"	"Baqubah"	21	0	21	9716	12392	22108	49382	73705	123087
"2007.05.29"	"Iraq"	"Baghdad"	20	85	105	9736	12477	22213	49402	73790	123192
"2007.05.29"	"Iraq"	"Baghdad"	38	53	91	9774	12530	22304	49440	73843	123283
"2007.05.29"	"Thailand"	"Songkhla"	1	12	13	9775	12542	22317	49441	73855	123296
"2007.05.30"	"India"	"Doda"	1	0	1	9776	12542	22318	49442	73855	123297
"2007.05.30"	"Pakistan"	"Quetta"	1	8	9	9777	12550	22327	49443	73863	123306
"2007.05.30"	"Iraq"	"Fallujah"	8	36	44	9785	12586	22371	49451	73899	123350
"2007.05.30"	"Iraq"	"Baghdad"	24	15	39	9809	12601	22410	49475	73914	123389
"2007.05.30"	"Afghanistan"	"Uruzgan"	4	1	5	9813	12602	22415	49479	73915	123394
"2007.05.30"	"Afghanistan"	"Helmand"	2	1	3	9815	12603	22418	49481	73916	123397
"2007.05.30"	"Somalia"	"Huriwa"	1	0	1	9816	12603	22419	49482	73916	123398
"2007.05.31"	"Lebanon"	"Nahr el-Bared"	1	0	1	9817	12603	22420	49483	73916	123399
"2007.05.31"	"Iraq"	"Baghdad"	29	0	29	9846	12603	22449	49512	73916	123428
"2007.05.31"	"Thailand"	"Yala"	12	0	12	9858	12603	22461	49524	73916	123440
"2007.05.31"	"Thailand"	"Songkhla"	7	0	7	9865	12603	22468	49531	73916	123447
"2007.05.31"	"Iraq"	"Ramadi"	5	15	20	9870	12618	22488	49536	73931	123467
"2007.05.31"	"Iraq"	"Fallujah"	25	50	75	9895	12668	22563	49561	73981	123542
"2007.05.31"	"Iraq"	"Khalis"	4	0	4	9899	12668	22567	49565	73981	123546
"2007.05.31"	"Pakistan"	"Guman"	13	2	15	9912	12670	22582	49578	73983	123561
"2007.05.31"	"Thailand"	"Narathiwat"	1	0	1	9913	12670	22583	49579	73983	123562
"2007.06.01"	"Somalia"	"Mogadishu"	1	0	1	9914	12670	22584	49580	73983	123563
"2007.06.01"	"Afghanistan"	"Kabul"	1	0	1	9915	12670	22585	49581	73983	123564
"2007.06.01"	"Afghanistan"	"Kunar"	2	5	7	9917	12675	22592	49583	73988	123571
"2007.06.01"	"India"	"Baramulla"	1	5	6	9918	12680	22598	49584	73993	123577
"2007.06.01"	"India"	"Nihama"	2	3	5	9920	12683	22603	49586	73996	123582
"2007.06.01"	"Iraq"	"Uweidla"	5	25	30	9925	12708	22633	49591	74021	123612
"2007.06.01"	"Iraq"	"Baghdad"	25	30	55	9950	12738	22688	49616	74051	123667
"2007.06.01"	"Saudi Arabia"	"Tabuk"	1	0	1	9951	12738	22689	49617	74051	123668
"2007.06.02"	"Algeria"	"Tizi Ouzou"	1	10	11	9952	12748	22700	49618	74061	123679
"2007.06.02"	"Afghanistan"	"Ghazni"	5	0	5	9957	12748	22705	49623	74061	123684
"2007.06.02"	"Iraq"	"Baghdad"	26	23	49	9983	12771	22754	49649	74084	123733
"2007.06.02"	"Iraq"	"Shirqat"	5	0	5	9988	12771	22759	49654	74084	123738
"2007.06.03"	"Algeria"	"Kabylia"	1	0	1	9989	12771	22760	49655	74084	123739
"2007.06.03"	"Thailand"	"Narathiwat"	0	17	17	9989	12788	22777	49655	74101	123756
"2007.06.03"	"Afghanistan"	"Paktia"	1	0	1	9990	12788	22778	49656	74101	123757
"2007.06.03"	"Pakistan"	"Tehsil Salarzai"	5	0	5	9995	12788	22783	49661	74101	123762
"2007.06.03"	"Thailand"	"Narathiwat"	1	0	1	9996	12788	22784	49662	74101	123763
"2007.06.03"	"Iraq"	"Baghdad"	31	5	36	10027	12793	22820	49693	74106	123799
"2007.06.03"	"Iraq"	"Baladruz"	9	25	34	10036	12818	22854	49702	74131	123833
"2007.06.03"	"Iraq"	"Baqouba"	10	7	17	10046	12825	22871	49712	74138	123850
"2007.06.03"	"Iraq"	"Mosul"	4	0	4	10050	12825	22875	49716	74138	123854
"2007.06.03"	"Somalia"	"Mogadishu"	7	2	9	10057	12827	22884	49723	74140	123863
"2007.06.04"	"Iraq"	"Baghdad"	5	8	13	10062	12835	22897	49728	74148	123876
"2007.06.04"	"Somalia"	"Bakara"	2	0	2	10064	12835	22899	49730	74148	123878
"2007.06.04"	"Thailand"	"Narathiwat"	1	2	3	10065	12837	22902	49731	74150	123881
"2007.06.04"	"India"	"Poonch"	1	2	3	10066	12839	22905	49732	74152	123884
"2007.06.04"	"Lebanon"	"Nahr al-Bared"	2	0	2	10068	12839	22907	49734	74152	123886
"2007.06.04"	"Pakistan"	"Gudar"	4	0	4	10072	12839	22911	49738	74152	123890
"2007.06.04"	"Somalia"	"Mogadishu"	1	0	1	10073	12839	22912	49739	74152	123891
"2007.06.04"	"Pakistan"	"Peshawar"	1	0	1	10074	12839	22913	49740	74152	123892
"2007.06.05"	"Thailand"	"Narathiwat"	1	0	1	10075	12839	22914	49741	74152	123893
"2007.06.05"	"Iraq"	"Basra"	9	0	9	10084	12839	22923	49750	74152	123902
"2007.06.05"	"Afghanistan"	"Kandahar"	1	0	1	10085	12839	22924	49751	74152	123903
"2007.06.05"	"Iraq"	"Baghdad"	33	0	33	10118	12839	22957	49784	74152	123936
"2007.06.05"	"Iraq"	"Fallujah"	19	25	44	10137	12864	23001	49803	74177	123980
"2007.06.05"	"Afghanistan"	"Parwan"	1	0	1	10138	12864	23002	49804	74177	123981
"2007.06.06"	"Iraq"	"Baghdad"	39	35	74	10177	12899	23076	49843	74212	124055
"2007.06.06"	"Algeria"	"Tizi Ozo"	1	8	9	10178	12907	23085	49844	74220	124064
"2007.06.06"	"Iraq"	"Balad"	2	1	3	10180	12908	23088	49846	74221	124067
"2007.06.06"	"Thailand"	"Narathiwat"	1	0	1	10181	12908	23089	49847	74221	124068
"2007.06.06"	"Thailand"	"Yala"	1	0	1	10182	12908	23090	49848	74221	124069
"2007.06.06"	"India"	"Doda"	1	0	1	10183	12908	23091	49849	74221	124070
"2007.06.07"	"Pal. Auth."	"Rafah"	1	5	6	10184	12913	23097	49850	74226	124076
"2007.06.07"	"Algeria"	"Beni-Ksila"	3	7	10	10187	12920	23107	49853	74233	124086
"2007.06.07"	"Thailand"	"Narathiwat"	1	0	1	10188	12920	23108	49854	74233	124087
"2007.06.07"	"Lebanon"	"Beirut"	1	0	1	10189	12920	23109	49855	74233	124088
"2007.06.07"	"Iraq"	"Baghdad"	37	15	52	10226	12935	23161	49892	74248	124140
"2007.06.07"	"Iraq"	"Mosul"	5	0	5	10231	12935	23166	49897	74248	124145
"2007.06.07"	"Iraq"	"Rabea"	10	35	45	10241	12970	23211	49907	74283	124190
"2007.06.07"	"Afghanistan"	"Zabul"	1	0	1	10242	12970	23212	49908	74283	124191
"2007.06.07"	"Thailand"	"Narathiwat"	1	0	1	10243	12970	23213	49909	74283	124192
"2007.06.07"	"Thailand"	"Yala"	1	0	1	10244	12970	23214	49910	74283	124193
"2007.06.07"	"India"	"Doda"	1	0	1	10245	12970	23215	49911	74283	124194
"2007.06.08"	"Sudan"	"Mutu"	2	0	2	10247	12970	23217	49913	74283	124196
"2007.06.08"	"Pakistan"	"Alikhel"	1	0	1	10248	12970	23218	49914	74283	124197
"2007.06.08"	"Iraq"	"Qurna"	12	33	45	10260	13003	23263	49926	74316	124242
"2007.06.08"	"Iraq"	"Daqquq"	24	30	54	10284	13033	23317	49950	74346	124296
"2007.06.08"	"Iraq"	"Baqubah"	14	3	17	10298	13036	23334	49964	74349	124313
"2007.06.08"	"Pakistan"	"Hub"	3	7	10	10301	13043	23344	49967	74356	124323
"2007.06.08"	"Thailand"	"Yala"	1	22	23	10302	13065	23367	49968	74378	124346
"2007.06.08"	"Afghanistan"	"Laghman"	1	3	4	10303	13068	23371	49969	74381	124350
"2007.06.08"	"Indonesia"	"Pekanbaru"	1	0	1	10304	13068	23372	49970	74381	124351
"2007.06.09"	"Iraq"	"Camp Bucca"	6	50	56	10310	13118	23428	49976	74431	124407
"2007.06.09"	"India"	"Bejbehara"	1	0	1	10311	13118	23429	49977	74431	124408
"2007.06.09"	"India"	"Pulwama"	2	0	2	10313	13118	23431	49979	74431	124410
"2007.06.09"	"Iraq"	"Baghdad"	30	15	45	10343	13133	23476	50009	74446	124455
"2007.06.09"	"Iraq"	"Hilla"	14	30	44	10357	13163	23520	50023	74476	124499
"2007.06.09"	"Thailand"	"Narathiwat"	2	0	2	10359	13163	23522	50025	74476	124501
"2007.06.09"	"Somalia"	"Mogadishu"	2	2	4	10361	13165	23526	50027	74478	124505
"2007.06.09"	"Iraq"	"Kanaan"	5	0	5	10366	13165	23531	50032	74478	124510
"2007.06.09"	"Afghanistan"	"Murghab"	2	0	2	10368	13165	23533	50034	74478	124512
"2007.06.09"	"Afghanistan"	"Kandahar"	1	0	1	10369	13165	23534	50035	74478	124513
"2007.06.09"	"Pakistan"	"Mardan"	1	0	1	10370	13165	23535	50036	74478	124514
"2007.06.10"	"Iraq"	"Baghdad"	20	26	46	10390	13191	23581	50056	74504	124560
"2007.06.10"	"Iraq"	"Tikrit"	14	42	56	10404	13233	23637	50070	74546	124616
"2007.06.10"	"Pal. Auth."	"Gaza"	1	0	1	10405	13233	23638	50071	74546	124617
"2007.06.11"	"India"	"Pulwama"	1	0	1	10406	13233	23639	50072	74546	124618
"2007.06.11"	"India"	"Ramban"	2	1	3	10408	13234	23642	50074	74547	124621
"2007.06.11"	"Thailand"	"Narathiwat"	1	0	1	10409	13234	23643	50075	74547	124622
"2007.06.11"	"Thailand"	"Narathiwat"	2	0	2	10411	13234	23645	50077	74547	124624
"2007.06.11"	"Lebanon"	"Nahr al-Bared"	2	1	3	10413	13235	23648	50079	74548	124627
"2007.06.11"	"Iraq"	"Mosul"	5	0	5	10418	13235	23653	50084	74548	124632
"2007.06.12"	"Thailand"	"Yala"	1	0	1	10419	13235	23654	50085	74548	124633
"2007.06.12"	"Pal. Auth."	"Gaza"	4	0	4	10423	13235	23658	50089	74548	124637
"2007.06.12"	"Lebanon"	"Nahr Al-Bared"	8	20	28	10431	13255	23686	50097	74568	124665
"2007.06.12"	"Iraq"	"Baghdad"	33	20	53	10464	13275	23739	50130	74588	124718
"2007.06.12"	"Iraq"	"Khalis"	4	4	8	10468	13279	23747	50134	74592	124726
"2007.06.12"	"Afghanistan"	"Lashkar Gah"	1	0	1	10469	13279	23748	50135	74592	124727
"2007.06.12"	"Thailand"	"Narathiwat"	2	0	2	10471	13279	23750	50137	74592	124729
"2007.06.12"	"Afghanistan"	"Logar"	2	4	6	10473	13283	23756	50139	74596	124735
"2007.06.12"	"Iraq"	"Razaliyah"	1	0	1	10474	13283	23757	50140	74596	124736
"2007.06.13"	"Pal. Auth."	"Gaza"	17	30	47	10491	13313	23804	50157	74626	124783
"2007.06.13"	"Thailand"	"Pattani"	2	8	10	10493	13321	23814	50159	74634	124793
"2007.06.13"	"Thailand"	"Narathiwat"	1	0	1	10494	13321	23815	50160	74634	124794
"2007.06.13"	"Lebanon"	"Beirut"	10	11	21	10504	13332	23836	50170	74645	124815
"2007.06.13"	"Afghanistan"	"Mizan"	1	0	1	10505	13332	23837	50171	74645	124816
"2007.06.13"	"Iraq"	"Baghdad"	29	10	39	10534	13342	23876	50200	74655	124855
"2007.06.13"	"Iraq"	"Ramadi"	4	11	15	10538	13353	23891	50204	74666	124870
"2007.06.13"	"Iraq"	"Mandali"	5	10	15	10543	13363	23906	50209	74676	124885
"2007.06.13"	"Thailand"	"Yala"	1	0	1	10544	13363	23907	50210	74676	124886
"2007.06.14"	"Pal. Auth."	"Khan Younis"	1	0	1	10545	13363	23908	50211	74676	124887
"2007.06.14"	"Pal. Auth."	"Gaza City"	2	0	2	10547	13363	23910	50213	74676	124889
"2007.06.14"	"Pal. Auth."	"Gaza"	2	0	2	10549	13363	23912	50215	74676	124891
"2007.06.14"	"India"	"Kupwara"	1	0	1	10550	13363	23913	50216	74676	124892
"2007.06.14"	"Pal. Auth."	"Gaza"	3	0	3	10553	13363	23916	50219	74676	124895
"2007.06.14"	"Somalia"	"Mogadishu"	1	0	1	10554	13363	23917	50220	74676	124896
"2007.06.14"	"Somalia"	"Shibis"	1	0	1	10555	13363	23918	50221	74676	124897
"2007.06.14"	"Thailand"	"Narathiwat"	1	0	1	10556	13363	23919	50222	74676	124898
"2007.06.14"	"Pal. Auth."	"Rafah"	7	0	7	10563	13363	23926	50229	74676	124905
"2007.06.14"	"Iraq"	"Balad"	2	3	5	10565	13366	23931	50231	74679	124910
"2007.06.14"	"Iraq"	"Baghdad"	14	0	14	10579	13366	23945	50245	74679	124924
"2007.06.15"	"Ingushetia"	"Nazran"	3	2	5	10582	13368	23950	50248	74681	124929
"2007.06.15"	"India"	"Sopore"	2	7	9	10584	13375	23959	50250	74688	124938
"2007.06.15"	"Lebanon"	"Nahr el-Bared"	4	6	10	10588	13381	23969	50254	74694	124948
"2007.06.15"	"Somalia"	"Mogadishu"	4	10	14	10592	13391	23983	50258	74704	124962
"2007.06.15"	"Thailand"	"Yala"	7	1	8	10599	13392	23991	50265	74705	124970
"2007.06.15"	"Thailand"	"Pattani"	3	1	4	10602	13393	23995	50268	74706	124974
"2007.06.15"	"Somalia"	"Baidoa"	4	6	10	10606	13399	24005	50272	74712	124984
"2007.06.15"	"Afghanistan"	"Uruzgan"	9	7	16	10615	13406	24021	50281	74719	125000
"2007.06.15"	"Thailand"	"Pattani"	2	0	2	10617	13406	24023	50283	74719	125002
"2007.06.15"	"Iraq"	"Baghdad"	25	7	32	10642	13413	24055	50308	74726	125034
"2007.06.15"	"Iraq"	"Ramadi"	13	0	13	10655	13413	24068	50321	74726	125047
"2007.06.15"	"Iraq"	"Mosul"	4	0	4	10659	13413	24072	50325	74726	125051
"2007.06.15"	"Philippines"	"Davao"	10	18	28	10669	13431	24100	50335	74744	125079
"2007.06.15"	"Pal. Auth."	"Gaza"	1	0	1	10670	13431	24101	50336	74744	125080
"2007.06.16"	"Thailand"	"Narathiwat"	1	0	1	10671	13431	24102	50337	74744	125081
"2007.06.16"	"Thailand"	"Narathiwat"	1	0	1	10672	13431	24103	50338	74744	125082
"2007.06.16"	"Afghanistan"	"Kabul"	4	6	10	10676	13437	24113	50342	74750	125092
"2007.06.17"	"Pakistan"	"Peshawar"	1	0	1	10677	13437	24114	50343	74750	125093
"2007.06.17"	"Afghanistan"	"Kandahar"	4	0	4	10681	13437	24118	50347	74750	125097
"2007.06.17"	"Afghanistan"	"Herat"	2	0	2	10683	13437	24120	50349	74750	125099
"2007.06.17"	"Somalia"	"Baidoa"	1	3	4	10684	13440	24124	50350	74753	125103
"2007.06.17"	"Afghanistan"	"Kabul"	35	35	70	10719	13475	24194	50385	74788	125173
"2007.06.17"	"Iraq"	"Kirkuk"	3	4	7	10722	13479	24201	50388	74792	125180
"2007.06.17"	"Iraq"	"Jizani al-Emam"	17	0	17	10739	13479	24218	50405	74792	125197
"2007.06.17"	"Iraq"	"Fallujah"	8	16	24	10747	13495	24242	50413	74808	125221
"2007.06.18"	"Pakistan"	"Jundo"	1	0	1	10748	13495	24243	50414	74808	125222
"2007.06.18"	"Thailand"	"Pattani"	1	0	1	10749	13495	24244	50415	74808	125223
"2007.06.18"	"Thailand"	"Yala"	0	14	14	10749	13509	24258	50415	74822	125237
"2007.06.18"	"Somalia"	"Bakara"	1	1	2	10750	13510	24260	50416	74823	125239
"2007.06.18"	"Lebanon"	"Narh al-Bared"	3	0	3	10753	13510	24263	50419	74823	125242
"2007.06.18"	"Somalia"	"Mogadishu"	2	7	9	10755	13517	24272	50421	74830	125251
"2007.06.18"	"Pal. Auth."	"Erez"	1	3	4	10756	13520	24276	50422	74833	125255
"2007.06.18"	"Iraq"	"Baghdad"	33	0	33	10789	13520	24309	50455	74833	125288
"2007.06.18"	"Iraq"	"Falluja"	5	25	30	10794	13545	24339	50460	74858	125318
"2007.06.18"	"Iraq"	"Baghdad"	9	25	34	10803	13570	24373	50469	74883	125352
"2007.06.19"	"Thailand"	"Narathiwat"	1	1	2	10804	13571	24375	50470	74884	125354
"2007.06.19"	"Iraq"	"Baghdad"	23	19	42	10827	13590	24417	50493	74903	125396
"2007.06.19"	"Iraq"	"Mosul"	1	0	1	10828	13590	24418	50494	74903	125397
"2007.06.19"	"Iraq"	"Tal Afar"	2	0	2	10830	13590	24420	50496	74903	125399
"2007.06.19"	"Thailand"	"Pattani"	3	0	3	10833	13590	24423	50499	74903	125402
"2007.06.19"	"Lebanon"	"Nahr al-Bared"	2	0	2	10835	13590	24425	50501	74903	125404
"2007.06.19"	"Afghanistan"	"Uruzgan"	14	110	124	10849	13700	24549	50515	75013	125528
"2007.06.19"	"Iraq"	"Baghdad"	87	224	311	10936	13924	24860	50602	75237	125839
"2007.06.20"	"India"	"Baramulla"	1	2	3	10937	13926	24863	50603	75239	125842
"2007.06.20"	"Afghanistan"	"Zabul"	2	1	3	10939	13927	24866	50605	75240	125845
"2007.06.20"	"Afghanistan"	"Khost"	3	4	7	10942	13931	24873	50608	75244	125852
"2007.06.20"	"Thailand"	"Pattani"	1	0	1	10943	13931	24874	50609	75244	125853
"2007.06.20"	"Iraq"	"Baghdad"	34	9	43	10977	13940	24917	50643	75253	125896
"2007.06.20"	"Iraq"	"Mosul"	5	8	13	10982	13948	24930	50648	75261	125909
"2007.06.20"	"Afghanistan"	"Kandahar"	3	0	3	10985	13948	24933	50651	75261	125912
"2007.06.20"	"Somalia"	"Mogadishu"	2	0	2	10987	13948	24935	50653	75261	125914
"2007.06.21"	"Iraq"	"Bahraz"	3	15	18	10990	13963	24953	50656	75276	125932
"2007.06.21"	"Iraq"	"Soliman Bek"	15	66	81	11005	14029	25034	50671	75342	126013
"2007.06.21"	"Somalia"	"Mogadishu"	5	10	15	11010	14039	25049	50676	75352	126028
"2007.06.21"	"Afghanistan"	"Nangarhar"	3	1	4	11013	14040	25053	50679	75353	126032
"2007.06.21"	"Pakistan"	"Khapianga"	3	0	3	11016	14040	25056	50682	75353	126035
"2007.06.21"	"Thailand"	"Narathiwat"	1	0	1	11017	14040	25057	50683	75353	126036
"2007.06.21"	"Thailand"	"Narathiwat"	1	0	1	11018	14040	25058	50684	75353	126037
"2007.06.21"	"Pal. Auth."	"Nablus"	1	0	1	11019	14040	25059	50685	75353	126038
"2007.06.22"	"Iraq"	"Fallujah"	5	57	62	11024	14097	25121	50690	75410	126100
"2007.06.22"	"Pakistan"	"Khar"	1	0	1	11025	14097	25122	50691	75410	126101
"2007.06.22"	"Thailand"	"Yala"	1	0	1	11026	14097	25123	50692	75410	126102
"2007.06.22"	"Thailand"	"Yala"	3	10	13	11029	14107	25136	50695	75420	126115
"2007.06.22"	"Pakistan"	"Bannu"	1	30	31	11030	14137	25167	50696	75450	126146
"2007.06.22"	"Thailand"	"Yala"	2	5	7	11032	14142	25174	50698	75455	126153
"2007.06.22"	"Algeria"	"Bouira"	2	1	3	11034	14143	25177	50700	75456	126156
"2007.06.22"	"India"	"Doda"	1	0	1	11035	14143	25178	50701	75456	126157
"2007.06.23"	"Thailand"	"Narathiwat"	1	0	1	11036	14143	25179	50702	75456	126158
"2007.06.23"	"Somalia"	"Mogadishu"	1	0	1	11037	14143	25180	50703	75456	126159
"2007.06.23"	"Pakistan"	"Karam Kot"	4	1	5	11041	14144	25185	50707	75457	126164
"2007.06.23"	"Iraq"	"Baghdad"	18	2	20	11059	14146	25205	50725	75459	126184
"2007.06.23"	"Iraq"	"Hillah"	2	18	20	11061	14164	25225	50727	75477	126204
"2007.06.23"	"Iraq"	"Kufa"	2	0	2	11063	14164	25227	50729	75477	126206
"2007.06.23"	"Lebanon"	"Nahr el-Bared"	3	0	3	11066	14164	25230	50732	75477	126209
"2007.06.23"	"Afghanistan"	"Helmand"	2	0	2	11068	14164	25232	50734	75477	126211
"2007.06.24"	"Thailand"	"Narathiwat"	2	0	2	11070	14164	25234	50736	75477	126213
"2007.06.24"	"Thailand"	"Pattani"	2	0	2	11072	14164	25236	50738	75477	126215
"2007.06.24"	"Iraq"	"Baghdad"	14	6	20	11086	14170	25256	50752	75483	126235
"2007.06.24"	"Iraq"	"Mosul"	2	0	2	11088	14170	25258	50754	75483	126237
"2007.06.24"	"Iraq"	"Balad"	1	0	1	11089	14170	25259	50755	75483	126238
"2007.06.24"	"Lebanon"	"Dardara"	6	2	8	11095	14172	25267	50761	75485	126246
"2007.06.24"	"Somalia"	"Mogadishu"	2	0	2	11097	14172	25269	50763	75485	126248
"2007.06.24"	"Iraq"	"Khalis"	3	3	6	11100	14175	25275	50766	75488	126254
"2007.06.24"	"Afghanistan"	"Kandahar"	3	2	5	11103	14177	25280	50769	75490	126259
"2007.06.25"	"Somalia"	"Hurwa"	2	2	4	11105	14179	25284	50771	75492	126263
"2007.06.25"	"Thailand"	"Narathiwat"	2	0	2	11107	14179	25286	50773	75492	126265
"2007.06.25"	"Lebanon"	"Nahr al-Bared"	2	0	2	11109	14179	25288	50775	75492	126267
"2007.06.25"	"Iraq"	"Baghdad"	16	3	19	11125	14182	25307	50791	75495	126286
"2007.06.25"	"Iraq"	"Mosul"	3	42	45	11128	14224	25352	50794	75537	126331
"2007.06.25"	"Iraq"	"Baiji"	27	62	89	11155	14286	25441	50821	75599	126420
"2007.06.25"	"Iraq"	"Baghdad"	12	21	33	11167	14307	25474	50833	75620	126453
"2007.06.25"	"India"	"Doda"	2	14	16	11169	14321	25490	50835	75634	126469
"2007.06.26"	"Bangladesh"	"Nilphamari"	0	10	10	11169	14331	25500	50835	75644	126479
"2007.06.26"	"India"	"Pulwama"	1	0	1	11170	14331	25501	50836	75644	126480
"2007.06.26"	"Thailand"	"Pattani"	1	4	5	11171	14335	25506	50837	75648	126485
"2007.06.26"	"Iraq"	"Basra"	1	0	1	11172	14335	25507	50838	75648	126486
"2007.06.26"	"Somalia"	"Mogadishu"	6	9	15	11178	14344	25522	50844	75657	126501
"2007.06.26"	"Somalia"	"Mogadishu"	1	3	4	11179	14347	25526	50845	75660	126505
"2007.06.27"	"Somalia"	"El-Berde"	2	0	2	11181	14347	25528	50847	75660	126507
"2007.06.27"	"Somalia"	"Bardhere"	1	1	2	11182	14348	25530	50848	75661	126509
"2007.06.27"	"Somalia"	"Mogadishu"	2	2	4	11184	14350	25534	50850	75663	126513
"2007.06.27"	"Iraq"	"Samarrah"	11	6	17	11195	14356	25551	50861	75669	126530
"2007.06.27"	"Iraq"	"Baghdad"	10	24	34	11205	14380	25585	50871	75693	126564
"2007.06.27"	"Iraq"	"Baghdad"	21	0	21	11226	14380	25606	50892	75693	126585
"2007.06.27"	"Iraq"	"Al Khalis"	19	28	47	11245	14408	25653	50911	75721	126632
"2007.06.27"	"Thailand"	"Yala"	3	17	20	11248	14425	25673	50914	75738	126652
"2007.06.27"	"Iraq"	"Mosul"	2	0	2	11250	14425	25675	50916	75738	126654
"2007.06.28"	"Afghanistan"	"Kabul"	3	8	11	11253	14433	25686	50919	75746	126665
"2007.06.28"	"India"	"Pulwama"	1	16	17	11254	14449	25703	50920	75762	126682
"2007.06.28"	"India"	"Ramban"	1	0	1	11255	14449	25704	50921	75762	126683
"2007.06.28"	"Thailand"	"Yala"	2	0	2	11257	14449	25706	50923	75762	126685
"2007.06.28"	"Iraq"	"Baghdad"	30	34	64	11287	14483	25770	50953	75796	126749
"2007.06.28"	"Iraq"	"Baghdad"	25	50	75	11312	14533	25845	50978	75846	126824
"2007.06.28"	"Thailand"	"Songkhla"	1	0	1	11313	14533	25846	50979	75846	126825
"2007.06.28"	"Afghanistan"	"Paktika"	1	8	9	11314	14541	25855	50980	75854	126834
"2007.06.28"	"Somalia"	"Mogadishu"	2	4	6	11316	14545	25861	50982	75858	126840
"2007.06.29"	"Afghanistan"	"Khost"	1	0	1	11317	14545	25862	50983	75858	126841
"2007.06.29"	"Pakistan"	"Tirah"	1	0	1	11318	14545	25863	50984	75858	126842
"2007.06.29"	"Pakistan"	"Larkana"	2	0	2	11320	14545	25865	50986	75858	126844
"2007.06.29"	"Iraq"	"Mishada"	8	5	13	11328	14550	25878	50994	75863	126857
"2007.06.29"	"Iraq"	"Baghdad"	15	11	26	11343	14561	25904	51009	75874	126883
"2007.06.29"	"Iraq"	"Mosul"	3	0	3	11346	14561	25907	51012	75874	126886
"2007.06.29"	"Iraq"	"Kut"	11	1	12	11357	14562	25919	51023	75875	126898
"2007.06.29"	"Pakistan"	"FATA Region"	1	0	1	11358	14562	25920	51024	75875	126899
"2007.06.30"	"Somalia"	"Mogadishu"	1	0	1	11359	14562	25921	51025	75875	126900
"2007.06.30"	"India"	"Pulwama"	1	0	1	11360	14562	25922	51026	75875	126901
"2007.06.30"	"Scotland"	"Glasgow"	0	5	5	11360	14567	25927	51026	75880	126906
"2007.06.30"	"Thailand"	"Yala"	1	0	1	11361	14567	25928	51027	75880	126907
"2007.06.30"	"Iraq"	"Baghdad"	16	8	24	11377	14575	25952	51043	75888	126931
"2007.06.30"	"Iraq"	"Ferris"	40	0	40	11417	14575	25992	51083	75888	126971
"2007.06.30"	"Iraq"	"Muqdadiyah"	25	22	47	11442	14597	26039	51108	75910	127018
"2007.06.30"	"Iraq"	"Fallujah"	4	0	4	11446	14597	26043	51112	75910	127022
"2007.06.30"	"Iraq"	"Asiriya"	2	12	14	11448	14609	26057	51114	75922	127036
"2007.06.30"	"Chechnya"	"Vedeno"	1	2	3	11449	14611	26060	51115	75924	127039
"2007.07.01"	"Thailand"	"Pattani"	1	2	3	11450	14613	26063	51116	75926	127042
"2007.07.01"	"Thailand"	"Pattani"	1	2	3	11451	14615	26066	51117	75928	127045
"2007.07.01"	"Iraq"	"Baghdad"	18	12	30	11469	14627	26096	51135	75940	127075
"2007.07.01"	"Iraq"	"Mosul"	19	0	19	11488	14627	26115	51154	75940	127094
"2007.07.01"	"Iraq"	"Ramadi"	7	20	27	11495	14647	26142	51161	75960	127121
"2007.07.01"	"Afghanistan"	"Helmand"	1	4	5	11496	14651	26147	51162	75964	127126
"2007.07.01"	"Chechnya"	"Grozny"	2	2	4	11498	14653	26151	51164	75966	127130
"2007.07.02"	"Afghanistan"	"Khost"	1	1	2	11499	14654	26153	51165	75967	127132
"2007.07.02"	"Pakistan"	"Mir Ali"	1	1	2	11500	14655	26155	51166	75968	127134
"2007.07.02"	"Iraq"	"Baghdad"	26	18	44	11526	14673	26199	51192	75986	127178
"2007.07.02"	"Iraq"	"Baghdad"	9	33	42	11535	14706	26241	51201	76019	127220
"2007.07.02"	"Afghanistan"	"Kandahar"	7	0	7	11542	14706	26248	51208	76019	127227
"2007.07.02"	"Yemen"	"Marib"	10	8	18	11552	14714	26266	51218	76027	127245
"2007.07.02"	"Somalia"	"Horuwa"	1	0	1	11553	14714	26267	51219	76027	127246
"2007.07.02"	"Thailand"	"Narathiwat"	1	0	1	11554	14714	26268	51220	76027	127247
"2007.07.02"	"Thailand"	"Yala"	1	0	1	11555	14714	26269	51221	76027	127248
"2007.07.03"	"India"	"Rajouri"	1	1	2	11556	14715	26271	51222	76028	127250
"2007.07.03"	"Iraq"	"Baghdad"	24	4	28	11580	14719	26299	51246	76032	127278
"2007.07.03"	"Iraq"	"Baghdad"	18	40	58	11598	14759	26357	51264	76072	127336
"2007.07.03"	"Pakistan"	"Islamabad"	3	0	3	11601	14759	26360	51267	76072	127339
"2007.07.03"	"Thailand"	"Narathiwat"	1	0	1	11602	14759	26361	51268	76072	127340
"2007.07.04"	"Afghanistan"	"Kandahar"	7	0	7	11609	14759	26368	51275	76072	127347
"2007.07.04"	"Pakistan"	"Swat"	4	2	6	11613	14761	26374	51279	76074	127353
"2007.07.04"	"Pakistan"	"Charbagh"	1	0	1	11614	14761	26375	51280	76074	127354
"2007.07.04"	"India"	"Kupwara"	1	0	1	11615	14761	26376	51281	76074	127355
"2007.07.04"	"Iraq"	"Mosul"	2	0	2	11617	14761	26378	51283	76074	127357
"2007.07.04"	"Pakistan"	"Bannu"	11	6	17	11628	14767	26395	51294	76080	127374
"2007.07.04"	"Pakistan"	"Swat"	1	4	5	11629	14771	26400	51295	76084	127379
"2007.07.04"	"Pal. Auth."	"Gaza"	1	0	1	11630	14771	26401	51296	76084	127380
"2007.07.04"	"Iraq"	"Baiji"	7	18	25	11637	14789	26426	51303	76102	127405
"2007.07.04"	"Iraq"	"Ramadi"	14	17	31	11651	14806	26457	51317	76119	127436
"2007.07.04"	"Iraq"	"Baghdad"	23	9	32	11674	14815	26489	51340	76128	127468
"2007.07.04"	"England"	"Sheffield"	1	0	1	11675	14815	26490	51341	76128	127469
"2007.07.05"	"Thailand"	"Narathiwat"	1	0	1	11676	14815	26491	51342	76128	127470
"2007.07.05"	"Afghanistan"	"Spin Boldak"	8	11	19	11684	14826	26510	51350	76139	127489
"2007.07.05"	"Afghanistan"	"Zherai"	2	0	2	11686	14826	26512	51352	76139	127491
"2007.07.05"	"Iraq"	"Baghdad"	24	4	28	11710	14830	26540	51376	76143	127519
"2007.07.05"	"Iraq"	"Baghdad"	18	30	48	11728	14860	26588	51394	76173	127567
"2007.07.05"	"Thailand"	"Narathiwat"	1	0	1	11729	14860	26589	51395	76173	127568
"2007.07.05"	"Somalia"	"Bossaso"	1	0	1	11730	14860	26590	51396	76173	127569
"2007.07.05"	"Iran"	"Takestan"	1	0	1	11731	14860	26591	51397	76173	127570
"2007.07.05"	"Algeria"	"Tizi Ouzou"	1	0	1	11732	14860	26592	51398	76173	127571
"2007.07.06"	"Somalia"	"Huriwa"	4	6	10	11736	14866	26602	51402	76179	127581
"2007.07.06"	"Pakistan"	"Dir"	4	1	5	11740	14867	26607	51406	76180	127586
"2007.07.06"	"Thailand"	"Pattani"	1	0	1	11741	14867	26608	51407	76180	127587
"2007.07.06"	"Somalia"	"Mogadishu"	5	0	5	11746	14867	26613	51412	76180	127592
"2007.07.06"	"Somalia"	"Afgoi"	1	0	1	11747	14867	26614	51413	76180	127593
"2007.07.06"	"Thailand"	"Yala"	1	0	1	11748	14867	26615	51414	76180	127594
"2007.07.06"	"Pakistan"	"North Waziristan"	2	4	6	11750	14871	26621	51416	76184	127600
"2007.07.06"	"Pakistan"	"Islamabad"	2	0	2	11752	14871	26623	51418	76184	127602
"2007.07.06"	"Iraq"	"Mahmudiya"	3	0	3	11755	14871	26626	51421	76184	127605
"2007.07.06"	"Iraq"	"Mosul"	2	0	2	11757	14871	26628	51423	76184	127607
"2007.07.06"	"Iraq"	"Tikrit"	7	9	16	11764	14880	26644	51430	76193	127623
"2007.07.06"	"Iraq"	"Ahmad Maref"	26	33	59	11790	14913	26703	51456	76226	127682
"2007.07.06"	"Somalia"	"Mogadishu"	1	0	1	11791	14913	26704	51457	76226	127683
"2007.07.06"	"England"	"Stoke"	1	0	1	11792	14913	26705	51458	76226	127684
"2007.07.07"	"Chechnya"	"Grozny"	2	1	3	11794	14914	26708	51460	76227	127687
"2007.07.07"	"Iraq"	"Tuz Khurmatu."	156	255	411	11950	15169	27119	51616	76482	128098
"2007.07.07"	"Afghanistan"	"Uruzgan"	1	0	1	11951	15169	27120	51617	76482	128099
"2007.07.07"	"Iraq"	"Mashahidah"	8	0	8	11959	15169	27128	51625	76482	128107
"2007.07.07"	"Iraq"	"Kirkuk"	5	0	5	11964	15169	27133	51630	76482	128112
"2007.07.07"	"Iraq"	"Baghdad"	19	0	19	11983	15169	27152	51649	76482	128131
"2007.07.07"	"Iraq"	"Khanaqeen"	22	15	37	12005	15184	27189	51671	76497	128168
"2007.07.07"	"Afghanistan"	"Kunar"	1	8	9	12006	15192	27198	51672	76505	128177
"2007.07.07"	"Afghanistan"	"Kandahar"	6	0	6	12012	15192	27204	51678	76505	128183
"2007.07.08"	"Somalia"	"Mogadishu"	1	0	1	12013	15192	27205	51679	76505	128184
"2007.07.08"	"Afghanistan"	"Kandahar"	2	0	2	12015	15192	27207	51681	76505	128186
"2007.07.08"	"Iraq"	"Baghdad"	2	0	2	12017	15192	27209	51683	76505	128188
"2007.07.08"	"Iraq"	"Baghdad"	29	0	29	12046	15192	27238	51712	76505	128217
"2007.07.08"	"Iraq"	"Baghdad"	15	33	48	12061	15225	27286	51727	76538	128265
"2007.07.08"	"Iraq"	"Haswa"	23	27	50	12084	15252	27336	51750	76565	128315
"2007.07.08"	"Iraq"	"Samawa"	3	0	3	12087	15252	27339	51753	76565	128318
"2007.07.08"	"Pakistan"	"Bannu"	1	3	4	12088	15255	27343	51754	76568	128322
"2007.07.08"	"Pakistan"	"Islamabad"	1	0	1	12089	15255	27344	51755	76568	128323
"2007.07.08"	"Pakistan"	"Bajur"	1	7	8	12090	15262	27352	51756	76575	128331
"2007.07.09"	"Somalia"	"Mogadishu"	3	8	11	12093	15270	27363	51759	76583	128342
"2007.07.09"	"Iraq"	"Ghazaliya"	4	0	4	12097	15270	27367	51763	76583	128346
"2007.07.09"	"Afghanistan"	"Herat"	4	12	16	12101	15282	27383	51767	76595	128362
"2007.07.09"	"Iraq"	"Balad"	9	20	29	12110	15302	27412	51776	76615	128391
"2007.07.09"	"Iraq"	"Mada'en"	12	0	12	12122	15302	27424	51788	76615	128403
"2007.07.09"	"Iraq"	"Baghdad"	31	24	55	12153	15326	27479	51819	76639	128458
"2007.07.09"	"Pakistan"	"Peshawar"	3	1	4	12156	15327	27483	51822	76640	128462
"2007.07.09"	"Chechnya"	"Vedeno"	3	5	8	12159	15332	27491	51825	76645	128470
"2007.07.09"	"Somalia"	"Beledweyne"	1	0	1	12160	15332	27492	51826	76645	128471
"2007.07.10"	"Pal. Auth."	"Gaza"	1	0	1	12161	15332	27493	51827	76645	128472
"2007.07.10"	"Philippines"	"Basilan"	14	9	23	12175	15341	27516	51841	76654	128495
"2007.07.10"	"Pakistan"	"Kohat"	1	11	12	12176	15352	27528	51842	76665	128507
"2007.07.10"	"Thailand"	"Narathiwat"	1	0	1	12177	15352	27529	51843	76665	128508
"2007.07.10"	"Thailand"	"Yala"	1	0	1	12178	15352	27530	51844	76665	128509
"2007.07.10"	"Iraq"	"Baghdad"	26	15	41	12204	15367	27571	51870	76680	128550
"2007.07.10"	"Iraq"	"Nasariyah"	3	1	4	12207	15368	27575	51873	76681	128554
"2007.07.10"	"Iraq"	"Tikrit"	12	0	12	12219	15368	27587	51885	76681	128566
"2007.07.10"	"Iraq"	"Sherween"	18	40	58	12237	15408	27645	51903	76721	128624
"2007.07.10"	"Afghanistan"	"Deh Rawud"	17	30	47	12254	15438	27692	51920	76751	128671
"2007.07.10"	"Somalia"	"Mogadishu"	2	5	7	12256	15443	27699	51922	76756	128678
"2007.07.11"	"Somalia"	"Mogadishu"	2	0	2	12258	15443	27701	51924	76756	128680
"2007.07.11"	"Thailand"	"Patani"	1	0	1	12259	15443	27702	51925	76756	128681
"2007.07.11"	"Somalia"	"Mogadishu"	7	4	11	12266	15447	27713	51932	76760	128692
"2007.07.11"	"Algeria"	"Lakhdria"	10	35	45	12276	15482	27758	51942	76795	128737
"2007.07.11"	"Thailand"	"Narathiwat"	1	0	1	12277	15482	27759	51943	76795	128738
"2007.07.11"	"Afghanistan"	"Paktia"	4	0	4	12281	15482	27763	51947	76795	128742
"2007.07.11"	"Iraq"	"Baghdad"	32	17	49	12313	15499	27812	51979	76812	128791
"2007.07.11"	"Iraq"	"Garma"	21	50	71	12334	15549	27883	52000	76862	128862
"2007.07.11"	"Algeria"	"Tigzirt"	1	1	2	12335	15550	27885	52001	76863	128864
"2007.07.11"	"Thailand"	"Narathiwat"	1	0	1	12336	15550	27886	52002	76863	128865
"2007.07.11"	"Philippines"	"Al-Barka"	1	0	1	12337	15550	27887	52003	76863	128866
"2007.07.12"	"Pakistan"	"Spin Wam"	1	0	1	12338	15550	27888	52004	76863	128867
"2007.07.12"	"Thailand"	"Pattani"	1	0	1	12339	15550	27889	52005	76863	128868
"2007.07.12"	"Thailand"	"Narathiwat"	1	0	1	12340	15550	27890	52006	76863	128869
"2007.07.12"	"Iraq"	"Tal Afar"	7	4	11	12347	15554	27901	52013	76867	128880
"2007.07.12"	"Afghanistan"	"Khost"	6	0	6	12353	15554	27907	52019	76867	128886
"2007.07.12"	"Somalia"	"Mogadishu"	3	9	12	12356	15563	27919	52022	76876	128898
"2007.07.12"	"Pakistan"	"Swat"	5	3	8	12361	15566	27927	52027	76879	128906
"2007.07.12"	"Pakistan"	"Miranshah"	3	3	6	12364	15569	27933	52030	76882	128912
"2007.07.12"	"Thailand"	"Narathiwat"	2	0	2	12366	15569	27935	52032	76882	128914
"2007.07.12"	"Iraq"	"Baghdad"	28	0	28	12394	15569	27963	52060	76882	128942
"2007.07.12"	"Iraq"	"Mosul"	5	15	20	12399	15584	27983	52065	76897	128962
"2007.07.12"	"Iraq"	"Karbala"	4	2	6	12403	15586	27989	52069	76899	128968
"2007.07.12"	"Lebanon"	"Nahr al-Bared"	4	9	13	12407	15595	28002	52073	76908	128981
"2007.07.13"	"Somalia"	"Huriwa"	2	0	2	12409	15595	28004	52075	76908	128983
"2007.07.13"	"Iraq"	"Baghdad"	5	9	14	12414	15604	28018	52080	76917	128997
"2007.07.13"	"Iraq"	"Baghdad"	2	6	8	12416	15610	28026	52082	76923	129005
"2007.07.13"	"India"	"Reasi"	1	0	1	12417	15610	28027	52083	76923	129006
"2007.07.13"	"Iraq"	"Muqdadiyah"	12	0	12	12429	15610	28039	52095	76923	129018
"2007.07.13"	"Pakistan"	"Miranshah"	3	0	3	12432	15610	28042	52098	76923	129021
"2007.07.13"	"Lebanon"	"Nahr al-Bared"	11	50	61	12443	15660	28103	52109	76973	129082
"2007.07.14"	"Somalia"	"Mogadishu"	1	1	2	12444	15661	28105	52110	76974	129084
"2007.07.14"	"Thailand"	"Narathiwat"	1	0	1	12445	15661	28106	52111	76974	129085
"2007.07.14"	"Thailand"	"Songkhla"	2	0	2	12447	15661	28108	52113	76974	129087
"2007.07.14"	"Iraq"	"Baghdad"	28	12	40	12475	15673	28148	52141	76986	129127
"2007.07.14"	"Iraq"	"Baghdad"	7	15	22	12482	15688	28170	52148	77001	129149
"2007.07.14"	"Iraq"	"Suwayra"	6	0	6	12488	15688	28176	52154	77001	129155
"2007.07.14"	"Iraq"	"Hillah"	9	3	12	12497	15691	28188	52163	77004	129167
"2007.07.14"	"Pakistan"	"North Waziristan"	23	27	50	12520	15718	28238	52186	77031	129217
"2007.07.14"	"Pakistan"	"Essa"	1	0	1	12521	15718	28239	52187	77031	129218
"2007.07.14"	"Afghanistan"	"Paktia"	2	0	2	12523	15718	28241	52189	77031	129220
"2007.07.15"	"Afghanistan"	"Paktika"	1	3	4	12524	15721	28245	52190	77034	129224
"2007.07.15"	"Afghanistan"	"Paktika"	5	2	7	12529	15723	28252	52195	77036	129231
"2007.07.15"	"Somalia"	"Mogadishu"	3	0	3	12532	15723	28255	52198	77036	129234
"2007.07.15"	"Thailand"	"Yala"	1	1	2	12533	15724	28257	52199	77037	129236
"2007.07.15"	"Pakistan"	"Swat"	17	47	64	12550	15771	28321	52216	77084	129300
"2007.07.15"	"Thailand"	"Narathiwat"	1	0	1	12551	15771	28322	52217	77084	129301
"2007.07.15"	"Pakistan"	"Dera Ismail Khan"	25	61	86	12576	15832	28408	52242	77145	129387
"2007.07.15"	"Iraq"	"Baghdad"	22	0	22	12598	15832	28430	52264	77145	129409
"2007.07.15"	"Iraq"	"Baghdad"	10	25	35	12608	15857	28465	52274	77170	129444
"2007.07.15"	"Iraq"	"Aziziya"	2	0	2	12610	15857	28467	52276	77170	129446
"2007.07.16"	"Ingushetia"	"Ordzhonikidzevskaya"	3	7	10	12613	15864	28477	52279	77177	129456
"2007.07.16"	"Somalia"	"Mogadishu"	3	4	7	12616	15868	28484	52282	77181	129463
"2007.07.16"	"Afghanistan"	"Kandahar"	1	0	1	12617	15868	28485	52283	77181	129464
"2007.07.16"	"Pal. Auth."	"Gaza"	1	0	1	12618	15868	28486	52284	77181	129465
"2007.07.16"	"Iraq"	"Samarrah"	5	0	5	12623	15868	28491	52289	77181	129470
"2007.07.16"	"Iraq"	"Baghdad"	39	45	84	12662	15913	28575	52328	77226	129554
"2007.07.16"	"Iraq"	"Kirkuk"	85	180	265	12747	16093	28840	52413	77406	129819
"2007.07.16"	"Iraq"	"Baghdad"	2	5	7	12749	16098	28847	52415	77411	129826
"2007.07.16"	"Afghanistan"	"Helmand"	3	2	5	12752	16100	28852	52418	77413	129831
"2007.07.16"	"Philippines"	"Tugas"	2	1	3	12754	16101	28855	52420	77414	129834
"2007.07.17"	"Pakistan"	"Mir Ali"	5	0	5	12759	16101	28860	52425	77414	129839
"2007.07.17"	"India"	"Baltal"	1	17	18	12760	16118	28878	52426	77431	129857
"2007.07.17"	"India"	"Poonch"	2	8	10	12762	16126	28888	52428	77439	129867
"2007.07.17"	"Pakistan"	"Khar Banda"	1	0	1	12763	16126	28889	52429	77439	129868
"2007.07.17"	"Iraq"	"Dulayiya"	29	4	33	12792	16130	28922	52458	77443	129901
"2007.07.17"	"Thailand"	"Yala"	1	31	32	12793	16161	28954	52459	77474	129933
"2007.07.17"	"Somalia"	"Mogadishu"	1	4	5	12794	16165	28959	52460	77478	129938
"2007.07.17"	"Iraq"	"Baghdad"	31	10	41	12825	16175	29000	52491	77488	129979
"2007.07.17"	"Iraq"	"Samarra"	1	3	4	12826	16178	29004	52492	77491	129983
"2007.07.17"	"Iraq"	"Baghdad"	20	20	40	12846	16198	29044	52512	77511	130023
"2007.07.17"	"Lebanon"	"Nahr el-Bared"	4	0	4	12850	16198	29048	52516	77511	130027
"2007.07.17"	"Thailand"	"Narathiwat"	1	1	2	12851	16199	29050	52517	77512	130029
"2007.07.17"	"Pakistan"	"Islamabad"	13	45	58	12864	16244	29108	52530	77557	130087
"2007.07.17"	"Thailand"	"Narathiwat"	1	0	1	12865	16244	29109	52531	77557	130088
"2007.07.17"	"Iraq"	"Muqdadiya"	14	0	14	12879	16244	29123	52545	77557	130102
"2007.07.17"	"Lebanon"	"Nahr el-Bared"	4	0	4	12883	16244	29127	52549	77557	130106
"2007.07.18"	"Nigeria"	"Sokoto"	1	0	1	12884	16244	29128	52550	77557	130107
"2007.07.18"	"Somalia"	"Mogadishu"	2	3	5	12886	16247	29133	52552	77560	130112
"2007.07.18"	"Afghanistan"	"Kandahar"	2	0	2	12888	16247	29135	52554	77560	130114
"2007.07.18"	"Iraq"	"Baghdad"	4	4	8	12892	16251	29143	52558	77564	130122
"2007.07.18"	"Iraq"	"Baghdad"	22	12	34	12914	16263	29177	52580	77576	130156
"2007.07.18"	"Iraq"	"Baghdad"	17	18	35	12931	16281	29212	52597	77594	130191
"2007.07.18"	"Iraq"	"Khalis"	7	0	7	12938	16281	29219	52604	77594	130198
"2007.07.18"	"Pakistan"	"Bajaur"	1	0	1	12939	16281	29220	52605	77594	130199
"2007.07.18"	"Pakistan"	"Miranshah"	16	14	30	12955	16295	29250	52621	77608	130229
"2007.07.18"	"Afghanistan"	"Zabul"	7	4	11	12962	16299	29261	52628	77612	130240
"2007.07.18"	"Afghanistan"	"Khost"	3	0	3	12965	16299	29264	52631	77612	130243
"2007.07.18"	"Russia"	"Kizilyurt"	4	3	7	12969	16302	29271	52635	77615	130250
"2007.07.18"	"Philippines"	"Lamitan"	1	0	1	12970	16302	29272	52636	77615	130251
"2007.07.19"	"Somalia"	"Mogadishu"	6	3	9	12976	16305	29281	52642	77618	130260
"2007.07.19"	"Pakistan"	"Kohat"	18	19	37	12994	16324	29318	52660	77637	130297
"2007.07.19"	"Somalia"	"Baruha"	1	0	1	12995	16324	29319	52661	77637	130298
"2007.07.19"	"Afghanistan"	"Helmand"	6	2	8	13001	16326	29327	52667	77639	130306
"2007.07.19"	"Pakistan"	"Hangu"	8	22	30	13009	16348	29357	52675	77661	130336
"2007.07.19"	"Pakistan"	"Hub"	30	28	58	13039	16376	29415	52705	77689	130394
"2007.07.19"	"Afghanistan"	"Fayzabad"	1	25	26	13040	16401	29441	52706	77714	130420
"2007.07.19"	"Chechnya"	"Assinovskaya"	2	3	5	13042	16404	29446	52708	77717	130425
"2007.07.19"	"Iraq"	"Khalis"	5	4	9	13047	16408	29455	52713	77721	130434
"2007.07.19"	"Nigeria"	"Sokoto"	1	0	1	13048	16408	29456	52714	77721	130435
"2007.07.19"	"Iraq"	"Baghdad"	20	4	24	13068	16412	29480	52734	77725	130459
"2007.07.20"	"Nigeria"	"Sokoto"	5	0	5	13073	16412	29485	52739	77725	130464
"2007.07.20"	"Iraq"	"Baghdad"	16	0	16	13089	16412	29501	52755	77725	130480
"2007.07.20"	"Iraq"	"Baghdad"	2	2	4	13091	16414	29505	52757	77727	130484
"2007.07.20"	"Somalia"	"Mogadishu"	1	0	1	13092	16414	29506	52758	77727	130485
"2007.07.20"	"India"	"Rajouri"	1	15	16	13093	16429	29522	52759	77742	130501
"2007.07.20"	"Afghanistan"	"Helmand"	2	2	4	13095	16431	29526	52761	77744	130505
"2007.07.20"	"Afghanistan"	"Kandahar"	3	0	3	13098	16431	29529	52764	77744	130508
"2007.07.20"	"Pakistan"	"Miran Shah"	4	6	10	13102	16437	29539	52768	77750	130518
"2007.07.21"	"Algeria"	"Crete"	1	2	3	13103	16439	29542	52769	77752	130521
"2007.07.21"	"Thailand"	"Pattani"	0	6	6	13103	16445	29548	52769	77758	130527
"2007.07.21"	"Ingushetia"	"Karabulak"	1	0	1	13104	16445	29549	52770	77758	130528
"2007.07.21"	"Iraq"	"Baghdad"	28	31	59	13132	16476	29608	52798	77789	130587
"2007.07.21"	"Iraq"	"Mosul"	26	6	32	13158	16482	29640	52824	77795	130619
"2007.07.21"	"Somalia"	"Mogadishu"	2	3	5	13160	16485	29645	52826	77798	130624
"2007.07.22"	"Somalia"	"Mogadishu"	1	3	4	13161	16488	29649	52827	77801	130628
"2007.07.22"	"Pal. Auth."	"Gaza"	3	0	3	13164	16488	29652	52830	77801	130631
"2007.07.22"	"Afghanistan"	"Kabul"	1	0	1	13165	16488	29653	52831	77801	130632
"2007.07.22"	"India"	"Ramban"	1	0	1	13166	16488	29654	52832	77801	130633
"2007.07.22"	"Lebanon"	"Tanbourit"	1	4	5	13167	16492	29659	52833	77805	130638
"2007.07.22"	"Iraq"	"Baghdad"	22	20	42	13189	16512	29701	52855	77825	130680
"2007.07.22"	"Iraq"	"Khanqeen-Buhriz"	6	0	6	13195	16512	29707	52861	77825	130686
"2007.07.22"	"Iraq"	"Jurf al-Milih"	5	12	17	13200	16524	29724	52866	77837	130703
"2007.07.23"	"Pakistan"	"Kagai"	2	0	2	13202	16524	29726	52868	77837	130705
"2007.07.23"	"Thailand"	"Yala"	1	1	2	13203	16525	29728	52869	77838	130707
"2007.07.23"	"Somalia"	"Mogadishu"	7	0	7	13210	16525	29735	52876	77838	130714
"2007.07.23"	"Iraq"	"Baghdad"	26	6	32	13236	16531	29767	52902	77844	130746
"2007.07.23"	"Iraq"	"Baghdad"	17	49	66	13253	16580	29833	52919	77893	130812
"2007.07.23"	"Iraq"	"Ramadi"	7	0	7	13260	16580	29840	52926	77893	130819
"2007.07.23"	"Iraq"	"Khanqeen"	5	3	8	13265	16583	29848	52931	77896	130827
"2007.07.23"	"Iraq"	"Muqdadiyah"	2	1	3	13267	16584	29851	52933	77897	130830
"2007.07.23"	"Algeria"	"Boumerdes"	1	8	9	13268	16592	29860	52934	77905	130839
"2007.07.23"	"Thailand"	"Narathiwat"	1	0	1	13269	16592	29861	52935	77905	130840
"2007.07.23"	"India"	"Anantnag"	1	1	2	13270	16593	29863	52936	77906	130842
"2007.07.23"	"India"	"Kishtwar"	1	0	1	13271	16593	29864	52937	77906	130843
"2007.07.24"	"Pakistan"	"Dattakhel"	4	0	4	13275	16593	29868	52941	77906	130847
"2007.07.24"	"Pakistan"	"Bannu"	10	40	50	13285	16633	29918	52951	77946	130897
"2007.07.24"	"Somalia"	"Mogadishu"	3	0	3	13288	16633	29921	52954	77946	130900
"2007.07.24"	"Iraq"	"Hillah"	32	68	100	13320	16701	30021	52986	78014	131000
"2007.07.25"	"Somalia"	"Mogadishu"	5	9	14	13325	16710	30035	52991	78023	131014
"2007.07.25"	"Afghanistan"	"Kandahar"	1	0	1	13326	16710	30036	52992	78023	131015
"2007.07.25"	"Iraq"	"Baghdad"	23	14	37	13349	16724	30073	53015	78037	131052
"2007.07.25"	"Iraq"	"Diyala"	9	0	9	13358	16724	30082	53024	78037	131061
"2007.07.25"	"Iraq"	"Kirkuk"	2	0	2	13360	16724	30084	53026	78037	131063
"2007.07.25"	"Iraq"	"Baghdad"	58	125	183	13418	16849	30267	53084	78162	131246
"2007.07.25"	"India"	"Doda"	1	0	1	13419	16849	30268	53085	78162	131247
"2007.07.26"	"India"	"Ramban"	1	0	1	13420	16849	30269	53086	78162	131248
"2007.07.26"	"Thailand"	"Narathiwat"	1	0	1	13421	16849	30270	53087	78162	131249
"2007.07.26"	"Iraq"	"Tal Abta"	6	13	19	13427	16862	30289	53093	78175	131268
"2007.07.26"	"Iraq"	"Baghdad"	61	94	155	13488	16956	30444	53154	78269	131423
"2007.07.26"	"Iraq"	"Kirkuk"	25	85	110	13513	17041	30554	53179	78354	131533
"2007.07.26"	"Somalia"	"Mogadishu"	1	0	1	13514	17041	30555	53180	78354	131534
"2007.07.26"	"Somalia"	"Mogadishu"	4	3	7	13518	17044	30562	53184	78357	131541
"2007.07.26"	"Pakistan"	"Tiarza"	1	2	3	13519	17046	30565	53185	78359	131544
"2007.07.26"	"Somalia"	"Mogadishu"	2	3	5	13521	17049	30570	53187	78362	131549
"2007.07.26"	"Pakistan"	"Lahore"	1	0	1	13522	17049	30571	53188	78362	131550
"2007.07.27"	"Ingushetia"	"Magas"	1	0	1	13523	17049	30572	53189	78362	131551
"2007.07.27"	"Dagestan"	"Makhachkala"	2	1	3	13525	17050	30575	53191	78363	131554
"2007.07.27"	"Iraq"	"Baghdad"	10	2	12	13535	17052	30587	53201	78365	131566
"2007.07.27"	"Iraq"	"Samarrah"	7	0	7	13542	17052	30594	53208	78365	131573
"2007.07.27"	"Thailand"	"Yala"	1	1	2	13543	17053	30596	53209	78366	131575
"2007.07.28"	"Thailand"	"Narathiwat"	1	0	1	13544	17053	30597	53210	78366	131576
"2007.07.28"	"Pal. Auth."	"Al Bureij"	1	0	1	13545	17053	30598	53211	78366	131577
"2007.07.28"	"Pakistan"	"Islamabad"	14	60	74	13559	17113	30672	53225	78426	131651
"2007.07.28"	"Iraq"	"Baghdad"	5	22	27	13564	17135	30699	53230	78448	131678
"2007.07.28"	"Pakistan"	"Maidan"	3	0	3	13567	17135	30702	53233	78448	131681
"2007.07.29"	"Afghanistan"	"Kandahar"	13	8	21	13580	17143	30723	53246	78456	131702
"2007.07.29"	"Somalia"	"Mogadishu"	2	0	2	13582	17143	30725	53248	78456	131704
"2007.07.29"	"Thailand"	"Narathiwat"	2	0	2	13584	17143	30727	53250	78456	131706
"2007.07.29"	"Somalia"	"Mogadishu"	2	5	7	13586	17148	30734	53252	78461	131713
"2007.07.29"	"Iraq"	"Balad Ruz"	3	25	28	13589	17173	30762	53255	78486	131741
"2007.07.29"	"Iraq"	"Tuz Khormato"	7	6	13	13596	17179	30775	53262	78492	131754
"2007.07.29"	"Iraq"	"Balad"	6	1	7	13602	17180	30782	53268	78493	131761
"2007.07.29"	"India"	"Srinagar"	7	19	26	13609	17199	30808	53275	78512	131787
"2007.07.30"	"India"	"Pulwama"	2	6	8	13611	17205	30816	53277	78518	131795
"2007.07.30"	"Iraq"	"Baghdad"	12	47	59	13623	17252	30875	53289	78565	131854
"2007.07.30"	"Iraq"	"Balad"	4	6	10	13627	17258	30885	53293	78571	131864
"2007.07.30"	"Iraq"	"Kirkuk"	4	0	4	13631	17258	30889	53297	78571	131868
"2007.07.30"	"India"	"Kishtwar"	1	0	1	13632	17258	30890	53298	78571	131869
"2007.07.30"	"India"	"Ramban"	1	0	1	13633	17258	30891	53299	78571	131870
"2007.07.30"	"Pakistan"	"Miranshah"	7	1	8	13640	17259	30899	53306	78572	131878
"2007.07.30"	"Pakistan"	"Punjab"	1	0	1	13641	17259	30900	53307	78572	131879
"2007.07.31"	"Ingushetia"	"Magas"	1	3	4	13642	17262	30904	53308	78575	131883
"2007.07.31"	"Afghanistan"	"Kabul"	1	0	1	13643	17262	30905	53309	78575	131884
"2007.07.31"	"Somalia"	"Mogadishu"	3	4	7	13646	17266	30912	53312	78579	131891
"2007.07.31"	"Iraq"	"Baghdad"	12	12	24	13658	17278	30936	53324	78591	131915
"2007.07.31"	"Somalia"	"Mogadishu"	5	3	8	13663	17281	30944	53329	78594	131923
"2007.07.31"	"Pakistan"	"Bannu"	1	4	5	13664	17285	30949	53330	78598	131928
"2007.08.01"	"Pakistan"	"Bannu"	1	0	1	13665	17285	30950	53331	78598	131929
"2007.08.01"	"Iraq"	"Hibhib"	14	0	14	13679	17285	30964	53345	78598	131943
"2007.08.01"	"Lebanon"	"Nahr el-Bared"	4	0	4	13683	17285	30968	53349	78598	131947
"2007.08.01"	"Afghanistan"	"Kabul"	1	5	6	13684	17290	30974	53350	78603	131953
"2007.08.01"	"Somalia"	"Mogadishu"	3	6	9	13687	17296	30983	53353	78609	131962
"2007.08.01"	"Thailand"	"Yala"	2	1	3	13689	17297	30986	53355	78610	131965
"2007.08.01"	"Thailand"	"Narathiwat"	1	11	12	13690	17308	30998	53356	78621	131977
"2007.08.01"	"Lebanon"	"Nahr al-Bared"	1	0	1	13691	17308	30999	53357	78621	131978
"2007.08.01"	"Iraq"	"Baqubah"	25	40	65	13716	17348	31064	53382	78661	132043
"2007.08.01"	"Iraq"	"Baghdad"	12	20	32	13728	17368	31096	53394	78681	132075
"2007.08.01"	"Iraq"	"Baghdad"	15	25	40	13743	17393	31136	53409	78706	132115
"2007.08.01"	"Iraq"	"Baghdad"	50	60	110	13793	17453	31246	53459	78766	132225
"2007.08.01"	"Thailand"	"Yala"	1	0	1	13794	17453	31247	53460	78766	132226
"2007.08.01"	"Thailand"	"Narathiwat"	2	0	2	13796	17453	31249	53462	78766	132228
"2007.08.02"	"Somalia"	"Balad"	1	4	5	13797	17457	31254	53463	78770	132233
"2007.08.02"	"Thailand"	"Pattani"	2	8	10	13799	17465	31264	53465	78778	132243
"2007.08.02"	"Iraq"	"Baghdad"	30	8	38	13829	17473	31302	53495	78786	132281
"2007.08.02"	"Iraq"	"Balad"	1	6	7	13830	17479	31309	53496	78792	132288
"2007.08.02"	"Iraq"	"Kirkuk"	5	0	5	13835	17479	31314	53501	78792	132293
"2007.08.02"	"Iraq"	"Hibhib"	15	17	32	13850	17496	31346	53516	78809	132325
"2007.08.02"	"Pakistan"	"Sargodha"	1	1	2	13851	17497	31348	53517	78810	132327
"2007.08.02"	"Somalia"	"Mogadishu"	8	20	28	13859	17517	31376	53525	78830	132355
"2007.08.03"	"India"	"Banihal"	0	24	24	13859	17541	31400	53525	78854	132379
"2007.08.03"	"Iraq"	"Baghdad"	13	0	13	13872	17541	31413	53538	78854	132392
"2007.08.03"	"Iraq"	"Diyala"	4	9	13	13876	17550	31426	53542	78863	132405
"2007.08.03"	"Somalia"	"Mogadishu"	1	0	1	13877	17550	31427	53543	78863	132406
"2007.08.03"	"Afghanistan"	"Kunar"	3	5	8	13880	17555	31435	53546	78868	132414
"2007.08.03"	"Pakistan"	"Swat"	2	6	8	13882	17561	31443	53548	78874	132422
"2007.08.03"	"Philippines"	"Koronadal"	1	12	13	13883	17573	31456	53549	78886	132435
"2007.08.03"	"Iraq"	"Muhbabiya"	17	0	17	13900	17573	31473	53566	78886	132452
"2007.08.04"	"Afghanistan"	"Kabul"	3	2	5	13903	17575	31478	53569	78888	132457
"2007.08.04"	"Thailand"	"Yala"	3	0	3	13906	17575	31481	53572	78888	132460
"2007.08.04"	"Thailand"	"Pattani"	1	0	1	13907	17575	31482	53573	78888	132461
"2007.08.04"	"Somalia"	"Mogadishu"	1	3	4	13908	17578	31486	53574	78891	132465
"2007.08.04"	"Iraq"	"Baghdad"	26	13	39	13934	17591	31525	53600	78904	132504
"2007.08.04"	"Pakistan"	"Parachinar"	8	43	51	13942	17634	31576	53608	78947	132555
"2007.08.04"	"Pakistan"	"Miranshah"	4	6	10	13946	17640	31586	53612	78953	132565
"2007.08.04"	"Afghanistan"	"Kandahar"	2	0	2	13948	17640	31588	53614	78953	132567
"2007.08.04"	"Dagestan"	"Sergokala"	1	2	3	13949	17642	31591	53615	78955	132570
"2007.08.04"	"Afghanistan"	"Logar"	4	3	7	13953	17645	31598	53619	78958	132577
"2007.08.04"	"Afghanistan"	"Kandahar"	4	0	4	13957	17645	31602	53623	78958	132581
"2007.08.04"	"Somalia"	"Suuq Baad"	2	6	8	13959	17651	31610	53625	78964	132589
"2007.08.04"	"Saudi Arabia"	"Riyadh"	2	2	4	13961	17653	31614	53627	78966	132593
"2007.08.05"	"India"	"Doda"	1	9	10	13962	17662	31624	53628	78975	132603
"2007.08.05"	"Afghanistan"	"Kandahar"	2	0	2	13964	17662	31626	53630	78975	132605
"2007.08.05"	"Iraq"	"Baghdad"	32	14	46	13996	17676	31672	53662	78989	132651
"2007.08.05"	"Iraq"	"Mahmudiya"	2	5	7	13998	17681	31679	53664	78994	132658
"2007.08.05"	"Iraq"	"Mosul"	6	0	6	14004	17681	31685	53670	78994	132664
"2007.08.05"	"Afghanistan"	"Kunar"	5	6	11	14009	17687	31696	53675	79000	132675
"2007.08.05"	"Thailand"	"Narathiwat"	2	0	2	14011	17687	31698	53677	79000	132677
"2007.08.05"	"Chechnya"	"Tsa-Vedeno"	3	0	3	14014	17687	31701	53680	79000	132680
"2007.08.06"	"India"	"Pulwama"	1	0	1	14015	17687	31702	53681	79000	132681
"2007.08.06"	"Thailand"	"Yala"	1	0	1	14016	17687	31703	53682	79000	132682
"2007.08.06"	"Iraq"	"Baghdad"	34	32	66	14050	17719	31769	53716	79032	132748
"2007.08.06"	"Iraq"	"Karbala"	1	0	1	14051	17719	31770	53717	79032	132749
"2007.08.06"	"Iraq"	"Qabak"	33	54	87	14084	17773	31857	53750	79086	132836
"2007.08.06"	"Iraq"	"al-Aameryia"	36	0	36	14120	17773	31893	53786	79086	132872
"2007.08.06"	"Thailand"	"Narathiwat"	1	0	1	14121	17773	31894	53787	79086	132873
"2007.08.07"	"Pal. Auth."	"Gaza"	2	5	7	14123	17778	31901	53789	79091	132880
"2007.08.07"	"Iraq"	"Baghdad"	21	9	30	14144	17787	31931	53810	79100	132910
"2007.08.07"	"Iraq"	"Muqdadiya"	1	1	2	14145	17788	31933	53811	79101	132912
"2007.08.07"	"Iraq"	"Samarra"	5	2	7	14150	17790	31940	53816	79103	132919
"2007.08.07"	"Pakistan"	"Banda"	1	0	1	14151	17790	31941	53817	79103	132920
"2007.08.07"	"Chechnya"	"Grozny"	2	0	2	14153	17790	31943	53819	79103	132922
"2007.08.07"	"Iraq"	"Salah al Khalaf"	7	8	15	14160	17798	31958	53826	79111	132937
"2007.08.07"	"Somalia"	"Banadir"	2	4	6	14162	17802	31964	53828	79115	132943
"2007.08.07"	"Thailand"	"Pattani"	2	2	4	14164	17804	31968	53830	79117	132947
"2007.08.07"	"Thailand"	"Yala"	1	0	1	14165	17804	31969	53831	79117	132948
"2007.08.08"	"Thailand"	"Yala"	2	0	2	14167	17804	31971	53833	79117	132950
"2007.08.08"	"Pakistan"	"Chargano"	5	10	15	14172	17814	31986	53838	79127	132965
"2007.08.08"	"Somalia"	"Mogadishu"	4	0	4	14176	17814	31990	53842	79127	132969
"2007.08.08"	"Thailand"	"Yala"	2	0	2	14178	17814	31992	53844	79127	132971
"2007.08.08"	"Thailand"	"Yala"	1	0	1	14179	17814	31993	53845	79127	132972
"2007.08.08"	"Thailand"	"Pattani"	2	0	2	14181	17814	31995	53847	79127	132974
"2007.08.08"	"Iraq"	"Baghdad"	15	19	34	14196	17833	32029	53862	79146	133008
"2007.08.08"	"Iraq"	"Hawija"	2	6	8	14198	17839	32037	53864	79152	133016
"2007.08.08"	"Iraq"	"Samarra"	8	2	10	14206	17841	32047	53872	79154	133026
"2007.08.08"	"Iraq"	"Baqubah"	5	10	15	14211	17851	32062	53877	79164	133041
"2007.08.08"	"Iraq"	"Baqubah"	4	4	8	14215	17855	32070	53881	79168	133049
"2007.08.09"	"Thailand"	"Narathiwat"	5	0	5	14220	17855	32075	53886	79168	133054
"2007.08.09"	"Iraq"	"Baghdad"	22	8	30	14242	17863	32105	53908	79176	133084
"2007.08.09"	"Philippines"	"Maimbung"	21	2	23	14263	17865	32128	53929	79178	133107
"2007.08.09"	"Somalia"	"Mogadishu"	1	0	1	14264	17865	32129	53930	79178	133108
"2007.08.09"	"Turkey"	"Kars"	2	0	2	14266	17865	32131	53932	79178	133110
"2007.08.09"	"Pakistan"	"Mir Ali"	2	0	2	14268	17865	32133	53934	79178	133112
"2007.08.10"	"Iraq"	"Ein Zala"	4	14	18	14272	17879	32151	53938	79192	133130
"2007.08.10"	"Iraq"	"Kirkuk"	8	45	53	14280	17924	32204	53946	79237	133183
"2007.08.10"	"Afghanistan"	"Badghis"	7	0	7	14287	17924	32211	53953	79237	133190
"2007.08.10"	"Somalia"	"Mogadishu"	3	0	3	14290	17924	32214	53956	79237	133193
"2007.08.10"	"Thailand"	"Narathiwat"	1	1	2	14291	17925	32216	53957	79238	133195
"2007.08.10"	"Somalia"	"Mogadishu"	3	0	3	14294	17925	32219	53960	79238	133198
"2007.08.11"	"Iraq"	"Baghdad"	14	17	31	14308	17942	32250	53974	79255	133229
"2007.08.11"	"Iraq"	"Qadisiya"	6	0	6	14314	17942	32256	53980	79255	133235
"2007.08.11"	"Iraq"	"Ishaqi"	4	0	4	14318	17942	32260	53984	79255	133239
"2007.08.11"	"Somalia"	"Mogadishu"	2	2	4	14320	17944	32264	53986	79257	133243
"2007.08.11"	"Pakistan"	"Hangu"	3	2	5	14323	17946	32269	53989	79259	133248
"2007.08.12"	"Pakistan"	"Peshawar"	1	0	1	14324	17946	32270	53990	79259	133249
"2007.08.12"	"Iraq"	"Baghdad"	20	22	42	14344	17968	32312	54010	79281	133291
"2007.08.12"	"Iraq"	"Hilla"	3	0	3	14347	17968	32315	54013	79281	133294
"2007.08.12"	"Pakistan"	"Miranshah"	1	0	1	14348	17968	32316	54014	79281	133295
"2007.08.12"	"India"	"Doda"	1	0	1	14349	17968	32317	54015	79281	133296
"2007.08.12"	"Algeria"	"Amdjoudh"	3	0	3	14352	17968	32320	54018	79281	133299
"2007.08.13"	"Thailand"	"Narathiwat"	1	0	1	14353	17968	32321	54019	79281	133300
"2007.08.13"	"Somalia"	"Mogadishu"	3	12	15	14356	17980	32336	54022	79293	133315
"2007.08.13"	"Iraq"	"Khanaqin"	5	4	9	14361	17984	32345	54027	79297	133324
"2007.08.13"	"Iraq"	"Samarrah"	3	0	3	14364	17984	32348	54030	79297	133327
"2007.08.13"	"Somalia"	"Mogadishu"	1	0	1	14365	17984	32349	54031	79297	133328
"2007.08.13"	"Somalia"	"Mogadishu"	1	2	3	14366	17986	32352	54032	79299	133331
"2007.08.13"	"Lebanon"	"Nahr al-Bared"	1	0	1	14367	17986	32353	54033	79299	133332
"2007.08.13"	"Pakistan"	"Swat"	4	6	10	14371	17992	32363	54037	79305	133342
"2007.08.13"	"Russia"	"Novgorod"	0	60	60	14371	18052	32423	54037	79365	133402
"2007.08.13"	"India"	"Bandipore"	4	11	15	14375	18063	32438	54041	79376	133417
"2007.08.13"	"Afghanistan"	"Spin Boldak"	5	3	8	14380	18066	32446	54046	79379	133425
"2007.08.14"	"Thailand"	"Narathiwat"	1	2	3	14381	18068	32449	54047	79381	133428
"2007.08.14"	"Thailand"	"Yala"	1	0	1	14382	18068	32450	54048	79381	133429
"2007.08.14"	"Iraq"	"Khalis"	15	0	15	14397	18068	32465	54063	79381	133444
"2007.08.14"	"Iraq"	"Ghraiya"	4	0	4	14401	18068	32469	54067	79381	133448
"2007.08.14"	"Iraq"	"Suwayra"	3	0	3	14404	18068	32472	54070	79381	133451
"2007.08.14"	"Iraq"	"Sinjar"	796	1500	2296	15200	19568	34768	54866	80881	135747
"2007.08.14"	"Afghanistan"	"Zhari"	7	0	7	15207	19568	34775	54873	80881	135754
"2007.08.14"	"Pakistan"	"Jandola"	1	0	1	15208	19568	34776	54874	80881	135755
"2007.08.15"	"Pakistan"	"Swabi"	2	0	2	15210	19568	34778	54876	80881	135757
"2007.08.15"	"Chechnya"	"Grozny"	1	0	1	15211	19568	34779	54877	80881	135758
"2007.08.15"	"Chechnya"	"Avturi"	1	0	1	15212	19568	34780	54878	80881	135759
"2007.08.15"	"Iraq"	"Baghdad"	22	4	26	15234	19572	34806	54900	80885	135785
"2007.08.15"	"Iraq"	"Kirkuk"	5	30	35	15239	19602	34841	54905	80915	135820
"2007.08.15"	"Iraq"	"Hilla"	5	12	17	15244	19614	34858	54910	80927	135837
"2007.08.15"	"Afghanistan"	"Kabul"	3	1	4	15247	19615	34862	54913	80928	135841
"2007.08.15"	"Somalia"	"Mogadishu"	6	1	7	15253	19616	34869	54919	80929	135848
"2007.08.15"	"Somalia"	"Afgoye"	2	12	14	15255	19628	34883	54921	80941	135862
"2007.08.16"	"Pakistan"	"Bajaur"	2	2	4	15257	19630	34887	54923	80943	135866
"2007.08.16"	"Iraq"	"Baghdad"	19	0	19	15276	19630	34906	54942	80943	135885
"2007.08.16"	"Iraq"	"Baghdad"	10	20	30	15286	19650	34936	54952	80963	135915
"2007.08.16"	"Pakistan"	"Spinwara"	2	4	6	15288	19654	34942	54954	80967	135921
"2007.08.16"	"Somalia"	"Mogadishu"	2	3	5	15290	19657	34947	54956	80970	135926
"2007.08.16"	"Somalia"	"Mogadishu"	2	0	2	15292	19657	34949	54958	80970	135928
"2007.08.17"	"India"	"Pulwama"	5	3	8	15297	19660	34957	54963	80973	135936
"2007.08.17"	"India"	"Baramulla"	2	0	2	15299	19660	34959	54965	80973	135938
"2007.08.17"	"Somalia"	"Mogadishu"	1	1	2	15300	19661	34961	54966	80974	135940
"2007.08.17"	"Afghanistan"	"Kandahar"	4	2	6	15304	19663	34967	54970	80976	135946
"2007.08.17"	"India"	"Rajouri"	1	0	1	15305	19663	34968	54971	80976	135947
"2007.08.17"	"Pakistan"	"Khyber"	7	0	7	15312	19663	34975	54978	80976	135954
"2007.08.17"	"Iraq"	"Kirkuk"	3	42	45	15315	19705	35020	54981	81018	135999
"2007.08.17"	"Iraq"	"Haditha"	3	0	3	15318	19705	35023	54984	81018	136002
"2007.08.18"	"Pakistan"	"Bajaur"	1	0	1	15319	19705	35024	54985	81018	136003
"2007.08.18"	"India"	"Doda"	1	0	1	15320	19705	35025	54986	81018	136004
"2007.08.18"	"Iraq"	"Khalis"	7	35	42	15327	19740	35067	54993	81053	136046
"2007.08.18"	"Afghanistan"	"Ghazni"	2	2	4	15329	19742	35071	54995	81055	136050
"2007.08.18"	"Afghanistan"	"Kandahar"	4	3	7	15333	19745	35078	54999	81058	136057
"2007.08.18"	"Pakistan"	"Bannu"	1	5	6	15334	19750	35084	55000	81063	136063
"2007.08.18"	"Pakistan"	"Jandola"	1	0	1	15335	19750	35085	55001	81063	136064
"2007.08.18"	"India"	"Rajouri"	1	0	1	15336	19750	35086	55002	81063	136065
"2007.08.18"	"Somalia"	"Mogadishu"	2	4	6	15338	19754	35092	55004	81067	136071
"2007.08.18"	"India"	"Kandi"	1	0	1	15339	19754	35093	55005	81067	136072
"2007.08.18"	"Pakistan"	"Miran Shah"	1	2	3	15340	19756	35096	55006	81069	136075
"2007.08.18"	"Afghanistan"	"Kandahar"	15	26	41	15355	19782	35137	55021	81095	136116
"2007.08.18"	"Pakistan"	"Lakhi Ghulam Shah"	2	0	2	15357	19782	35139	55023	81095	136118
"2007.08.19"	"Iraq"	"Baghdad"	31	51	82	15388	19833	35221	55054	81146	136200
"2007.08.20"	"Sri Lanka"	"Trincomalee"	2	0	2	15390	19833	35223	55056	81146	136202
"2007.08.20"	"Iraq"	"al-Rumeitha"	4	2	6	15394	19835	35229	55060	81148	136208
"2007.08.20"	"Iraq"	"Baghdad"	20	36	56	15414	19871	35285	55080	81184	136264
"2007.08.20"	"India"	"Shopian"	1	0	1	15415	19871	35286	55081	81184	136265
"2007.08.20"	"Pakistan"	"Hangu"	4	18	22	15419	19889	35308	55085	81202	136287
"2007.08.21"	"Thailand"	"Yala"	1	0	1	15420	19889	35309	55086	81202	136288
"2007.08.21"	"Pakistan"	"Bannu"	4	0	4	15424	19889	35313	55090	81202	136292
"2007.08.21"	"Afghanistan"	"Zabul"	6	0	6	15430	19889	35319	55096	81202	136298
"2007.08.21"	"Pakistan"	"Mohallah"	1	4	5	15431	19893	35324	55097	81206	136303
"2007.08.21"	"Thailand"	"Pattani"	1	0	1	15432	19893	35325	55098	81206	136304
"2007.08.21"	"Thailand"	"Narathiwat"	1	0	1	15433	19893	35326	55099	81206	136305
"2007.08.21"	"Somalia"	"Mogadishu"	1	5	6	15434	19898	35332	55100	81211	136311
"2007.08.21"	"Thailand"	"Yala"	1	0	1	15435	19898	35333	55101	81211	136312
"2007.08.21"	"Iraq"	"Baghdad"	17	14	31	15452	19912	35364	55118	81225	136343
"2007.08.21"	"Iraq"	"Latifiya"	9	2	11	15461	19914	35375	55127	81227	136354
"2007.08.21"	"Lebanon"	"Nahr al-Bared"	2	0	2	15463	19914	35377	55129	81227	136356
"2007.08.21"	"Philippines"	"Zamboanga"	0	14	14	15463	19928	35391	55129	81241	136370
"2007.08.22"	"Pakistan"	"Quetta"	0	16	16	15463	19944	35407	55129	81257	136386
"2007.08.22"	"Iraq"	"Tikrit"	2	12	14	15465	19956	35421	55131	81269	136400
"2007.08.22"	"Iraq"	"Tal Afar"	2	5	7	15467	19961	35428	55133	81274	136407
"2007.08.22"	"Iraq"	"Muqdadiyah"	6	50	56	15473	20011	35484	55139	81324	136463
"2007.08.22"	"Iraq"	"Beiji"	45	80	125	15518	20091	35609	55184	81404	136588
"2007.08.22"	"Iraq"	"Kufa"	1	0	1	15519	20091	35610	55185	81404	136589
"2007.08.22"	"Ingushetia"	"Nazran"	1	5	6	15520	20096	35616	55186	81409	136595
"2007.08.22"	"India"	"Doda"	1	0	1	15521	20096	35617	55187	81409	136596
"2007.08.22"	"Afghanistan"	"Nuristan"	2	11	13	15523	20107	35630	55189	81420	136609
"2007.08.22"	"Afghanistan"	"Khost"	4	8	12	15527	20115	35642	55193	81428	136621
"2007.08.22"	"Afghanistan"	"Paktia"	2	4	6	15529	20119	35648	55195	81432	136627
"2007.08.22"	"Somalia"	"Mogadishu"	1	0	1	15530	20119	35649	55196	81432	136628
"2007.08.22"	"Somalia"	"Suqa Holaha"	2	5	7	15532	20124	35656	55198	81437	136635
"2007.08.23"	"India"	"Handwara"	1	0	1	15533	20124	35657	55199	81437	136636
"2007.08.23"	"India"	"Poonch"	1	0	1	15534	20124	35658	55200	81437	136637
"2007.08.23"	"Afghanistan"	"Zabul"	10	0	10	15544	20124	35668	55210	81437	136647
"2007.08.23"	"Iraq"	"Ibrahim Yehyia"	25	20	45	15569	20144	35713	55235	81457	136692
"2007.08.23"	"Iraq"	"Mosul"	9	12	21	15578	20156	35734	55244	81469	136713
"2007.08.23"	"Iraq"	"Baghdad"	16	17	33	15594	20173	35767	55260	81486	136746
"2007.08.23"	"Afghanistan"	"Helmand"	3	13	16	15597	20186	35783	55263	81499	136762
"2007.08.24"	"Thailand"	"Pattani"	1	0	1	15598	20186	35784	55264	81499	136763
"2007.08.24"	"Pakistan"	"Dera Ismail Khan"	1	0	1	15599	20186	35785	55265	81499	136764
"2007.08.24"	"Iraq"	"Diwaniya"	2	0	2	15601	20186	35787	55267	81499	136766
"2007.08.24"	"Iraq"	"Hawija"	1	0	1	15602	20186	35788	55268	81499	136767
"2007.08.24"	"Iraq"	"Samarra"	3	9	12	15605	20195	35800	55271	81508	136779
"2007.08.24"	"Pakistan"	"Miranshah"	5	10	15	15610	20205	35815	55276	81518	136794
"2007.08.24"	"Somalia"	"El Ilan"	1	1	2	15611	20206	35817	55277	81519	136796
"2007.08.24"	"Thailand"	"Narathiwat"	1	0	1	15612	20206	35818	55278	81519	136797
"2007.08.25"	"Iraq"	"Khan Bani Saad"	8	7	15	15620	20213	35833	55286	81526	136812
"2007.08.25"	"India"	"Hyderabad"	42	70	112	15662	20283	35945	55328	81596	136924
"2007.08.25"	"Afghanistan"	"Kandahar"	10	5	15	15672	20288	35960	55338	81601	136939
"2007.08.25"	"Thailand"	"Narathiwat"	1	0	1	15673	20288	35961	55339	81601	136940
"2007.08.25"	"Thailand"	"Pattani"	1	12	13	15674	20300	35974	55340	81613	136953
"2007.08.25"	"Iraq"	"Baghdad"	17	30	47	15691	20330	36021	55357	81643	137000
"2007.08.26"	"Iraq"	"Mahmudiyah"	1	2	3	15692	20332	36024	55358	81645	137003
"2007.08.26"	"Pakistan"	"Bajaur"	1	0	1	15693	20332	36025	55359	81645	137004
"2007.08.26"	"Pakistan"	"Swat"	4	2	6	15697	20334	36031	55363	81647	137010
"2007.08.26"	"Somalia"	"Mogadishu"	2	9	11	15699	20343	36042	55365	81656	137021
"2007.08.26"	"Thailand"	"Yala"	2	0	2	15701	20343	36044	55367	81656	137023
"2007.08.26"	"Somalia"	"Mogadishu"	3	5	8	15704	20348	36052	55370	81661	137031
"2007.08.26"	"Iraq"	"Baghdad"	12	9	21	15716	20357	36073	55382	81670	137052
"2007.08.27"	"Thailand"	"Pattani"	1	0	1	15717	20357	36074	55383	81670	137053
"2007.08.27"	"Thailand"	"Pattani"	1	0	1	15718	20357	36075	55384	81670	137054
"2007.08.27"	"Iraq"	"Baghdad"	15	9	24	15733	20366	36099	55399	81679	137078
"2007.08.27"	"Iraq"	"Fallujah"	10	11	21	15743	20377	36120	55409	81690	137099
"2007.08.28"	"Thailand"	"Yala"	1	0	1	15744	20377	36121	55410	81690	137100
"2007.08.28"	"Thailand"	"Pattani"	1	0	1	15745	20377	36122	55411	81690	137101
"2007.08.28"	"Thailand"	"Pattani"	1	0	1	15746	20377	36123	55412	81690	137102
"2007.08.28"	"Somalia"	"Mogadishu"	4	6	10	15750	20383	36133	55416	81696	137112
"2007.08.28"	"Iraq"	"Baghdad"	22	27	49	15772	20410	36182	55438	81723	137161
"2007.08.28"	"Iraq"	"Karbala"	3	1	4	15775	20411	36186	55441	81724	137165
"2007.08.28"	"Thailand"	"Songkhla"	1	0	1	15776	20411	36187	55442	81724	137166
"2007.08.28"	"Thailand"	"Narathiwat"	2	0	2	15778	20411	36189	55444	81724	137168
"2007.08.28"	"Thailand"	"Narathiwat"	1	2	3	15779	20413	36192	55445	81726	137171
"2007.08.28"	"India"	"Pulwama"	1	0	1	15780	20413	36193	55446	81726	137172
"2007.08.28"	"Afghanistan"	"Paktia"	3	6	9	15783	20419	36202	55449	81732	137181
"2007.08.29"	"Thailand"	"Pattani"	1	3	4	15784	20422	36206	55450	81735	137185
"2007.08.29"	"Somalia"	"Mogadishu"	2	0	2	15786	20422	36208	55452	81735	137187
"2007.08.29"	"Iraq"	"Muqdadiyah"	8	0	8	15794	20422	36216	55460	81735	137195
"2007.08.29"	"Iraq"	"Mosul"	6	0	6	15800	20422	36222	55466	81735	137201
"2007.08.29"	"Iraq"	"al-Bu Ajeel"	6	0	6	15806	20422	36228	55472	81735	137207
"2007.08.29"	"Afghanistan"	"Bharmal"	6	12	18	15812	20434	36246	55478	81747	137225
"2007.08.29"	"Pakistan"	"Islamabad"	2	0	2	15814	20434	36248	55480	81747	137227
"2007.08.30"	"India"	"Behak"	1	0	1	15815	20434	36249	55481	81747	137228
"2007.08.30"	"Pakistan"	"Swat"	7	3	10	15822	20437	36259	55488	81750	137238
"2007.08.31"	"Ingushetia"	"Nazran"	4	0	4	15826	20437	36263	55492	81750	137242
"2007.08.31"	"Ingushetia"	"Karabulak"	3	0	3	15829	20437	36266	55495	81750	137245
"2007.08.31"	"Thailand"	"Narathiwat"	1	0	1	15830	20437	36267	55496	81750	137246
"2007.08.31"	"Afghanistan"	"Kunar"	10	5	15	15840	20442	36282	55506	81755	137261
"2007.08.31"	"Iraq"	"al-Jallam"	4	7	11	15844	20449	36293	55510	81762	137272
"2007.08.31"	"Iraq"	"Kirkuk"	1	0	1	15845	20449	36294	55511	81762	137273
"2007.08.31"	"Pakistan"	"Mingora"	3	8	11	15848	20457	36305	55514	81770	137284
"2007.08.31"	"India"	"Baramulla"	1	0	1	15849	20457	36306	55515	81770	137285
"2007.08.31"	"Pakistan"	"Khairpur"	1	0	1	15850	20457	36307	55516	81770	137286
"2007.08.31"	"Afghanistan"	"Kabul"	1	4	5	15851	20461	36312	55517	81774	137291
"2007.09.01"	"Thailand"	"Pattani"	1	0	1	15852	20461	36313	55518	81774	137292
"2007.09.01"	"Thailand"	"Yala"	1	0	1	15853	20461	36314	55519	81774	137293
"2007.09.01"	"Somalia"	"Mogadishu"	2	0	2	15855	20461	36316	55521	81774	137295
"2007.09.01"	"Pakistan"	"Bajur"	5	9	14	15860	20470	36330	55526	81783	137309
"2007.09.01"	"Iraq"	"Baghdad"	24	3	27	15884	20473	36357	55550	81786	137336
"2007.09.01"	"Iraq"	"Mosul"	6	9	15	15890	20482	36372	55556	81795	137351
"2007.09.01"	"Iraq"	"Basra"	1	0	1	15891	20482	36373	55557	81795	137352
"2007.09.02"	"Somalia"	"Suuqa Xoolaha"	3	3	6	15894	20485	36379	55560	81798	137358
"2007.09.02"	"Pakistan"	"Wana"	4	10	14	15898	20495	36393	55564	81808	137372
"2007.09.02"	"Iraq"	"Baghdad"	22	16	38	15920	20511	36431	55586	81824	137410
"2007.09.02"	"Iraq"	"Taji"	2	8	10	15922	20519	36441	55588	81832	137420
"2007.09.02"	"Afghanistan"	"Kunar"	7	0	7	15929	20519	36448	55595	81832	137427
"2007.09.02"	"Pakistan"	"Khyber"	1	1	2	15930	20520	36450	55596	81833	137429
"2007.09.02"	"India"	"Kathua"	2	0	2	15932	20520	36452	55598	81833	137431
"2007.09.03"	"Iraq"	"Baghdad"	8	0	8	15940	20520	36460	55606	81833	137439
"2007.09.03"	"Thailand"	"Yala"	1	1	2	15941	20521	36462	55607	81834	137441
"2007.09.03"	"Iraq"	"Baghdad"	18	8	26	15959	20529	36488	55625	81842	137467
"2007.09.03"	"Iraq"	"Ramadi"	2	13	15	15961	20542	36503	55627	81855	137482
"2007.09.04"	"Pakistan"	"Kohat"	2	0	2	15963	20542	36505	55629	81855	137484
"2007.09.04"	"Chechnya"	"Gukhoi"	1	4	5	15964	20546	36510	55630	81859	137489
"2007.09.04"	"Afghanistan"	"Kunduz"	2	4	6	15966	20550	36516	55632	81863	137495
"2007.09.04"	"Pakistan"	"Rawalpindi"	24	74	98	15990	20624	36614	55656	81937	137593
"2007.09.04"	"Afghanistan"	"Paktika"	2	2	4	15992	20626	36618	55658	81939	137597
"2007.09.05"	"Thailand"	"Yala"	1	4	5	15993	20630	36623	55659	81943	137602
"2007.09.05"	"Iraq"	"Mosul"	1	28	29	15994	20658	36652	55660	81971	137631
"2007.09.05"	"Thailand"	"Narathiwat"	2	0	2	15996	20658	36654	55662	81971	137633
"2007.09.05"	"Somalia"	"Medina"	1	0	1	15997	20658	36655	55663	81971	137634
"2007.09.05"	"Afghanistan"	"Helmand"	2	3	5	15999	20661	36660	55665	81974	137639
"2007.09.06"	"Thailand"	"Yala"	1	2	3	16000	20663	36663	55666	81976	137642
"2007.09.06"	"Thailand"	"Narathiwat"	1	0	1	16001	20663	36664	55667	81976	137643
"2007.09.06"	"Iraq"	"Baghdad"	19	5	24	16020	20668	36688	55686	81981	137667
"2007.09.06"	"Iraq"	"Tikrit"	3	17	20	16023	20685	36708	55689	81998	137687
"2007.09.06"	"Somalia"	"Mogadishu"	2	0	2	16025	20685	36710	55691	81998	137689
"2007.09.06"	"Algeria"	"Batna"	14	107	121	16039	20792	36831	55705	82105	137810
"2007.09.06"	"Pakistan"	"Bannu"	2	0	2	16041	20792	36833	55707	82105	137812
"2007.09.06"	"Somalia"	"Mogadishu"	2	0	2	16043	20792	36835	55709	82105	137814
"2007.09.07"	"Ingushetia"	"Nazran"	1	0	1	16044	20792	36836	55710	82105	137815
"2007.09.07"	"Uzbekistan"	"Tashkent"	1	0	1	16045	20792	36837	55711	82105	137816
"2007.09.07"	"Iraq"	"Kirkuk"	3	5	8	16048	20797	36845	55714	82110	137824
"2007.09.07"	"Iraq"	"Mosul"	4	0	4	16052	20797	36849	55718	82110	137828
"2007.09.08"	"Somalia"	"Mogadishu"	7	0	7	16059	20797	36856	55725	82110	137835
"2007.09.08"	"Thailand"	"Songkhla"	1	0	1	16060	20797	36857	55726	82110	137836
"2007.09.08"	"Thailand"	"Yala"	1	0	1	16061	20797	36858	55727	82110	137837
"2007.09.08"	"Algeria"	"Dellys"	28	47	75	16089	20844	36933	55755	82157	137912
"2007.09.08"	"Iraq"	"Kufa"	5	8	13	16094	20852	36946	55760	82165	137925
"2007.09.08"	"Iraq"	"Baghdad"	15	45	60	16109	20897	37006	55775	82210	137985
"2007.09.08"	"Iraq"	"Diwaniya"	1	0	1	16110	20897	37007	55776	82210	137986
"2007.09.08"	"Afghanistan"	"Nimroz"	2	8	10	16112	20905	37017	55778	82218	137996
"2007.09.08"	"Afghanistan"	"Helmand"	1	3	4	16113	20908	37021	55779	82221	138000
"2007.09.08"	"Somalia"	"Mogadishu"	2	0	2	16115	20908	37023	55781	82221	138002
"2007.09.08"	"Somalia"	"Mogadishu"	1	0	1	16116	20908	37024	55782	82221	138003
"2007.09.08"	"Pakistan"	"Kohistan"	4	26	30	16120	20934	37054	55786	82247	138033
"2007.09.09"	"Pakistan"	"Larkana"	1	2	3	16121	20936	37057	55787	82249	138036
"2007.09.09"	"Ingushetia"	"Malgobek"	1	2	3	16122	20938	37060	55788	82251	138039
"2007.09.09"	"Iraq"	"Baiji"	7	2	9	16129	20940	37069	55795	82253	138048
"2007.09.09"	"Iraq"	"Balad"	4	15	19	16133	20955	37088	55799	82268	138067
"2007.09.09"	"Iraq"	"Mahmudiya"	2	7	9	16135	20962	37097	55801	82275	138076
"2007.09.09"	"Iraq"	"Mosul"	4	8	12	16139	20970	37109	55805	82283	138088
"2007.09.09"	"Iraq"	"Basra"	2	0	2	16141	20970	37111	55807	82283	138090
"2007.09.09"	"India"	"Kolkata"	1	0	1	16142	20970	37112	55808	82283	138091
"2007.09.10"	"Pakistan"	"Makeen"	2	0	2	16144	20970	37114	55810	82283	138093
"2007.09.10"	"India"	"Kupwara"	1	5	6	16145	20975	37120	55811	82288	138099
"2007.09.10"	"Afghanistan"	"Gereshk"	29	57	86	16174	21032	37206	55840	82345	138185
"2007.09.10"	"Thailand"	"Pattani"	1	5	6	16175	21037	37212	55841	82350	138191
"2007.09.10"	"Somalia"	"Mogadishu"	4	0	4	16179	21037	37216	55845	82350	138195
"2007.09.10"	"Iraq"	"Baghdad"	14	19	33	16193	21056	37249	55859	82369	138228
"2007.09.10"	"Iraq"	"Saqlawiyah"	4	2	6	16197	21058	37255	55863	82371	138234
"2007.09.10"	"Iraq"	"Tal Marag"	10	78	88	16207	21136	37343	55873	82449	138322
"2007.09.10"	"Sudan"	"Haskanita"	25	0	25	16232	21136	37368	55898	82449	138347
"2007.09.11"	"Iraq"	"Baghdad"	13	12	25	16245	21148	37393	55911	82461	138372
"2007.09.11"	"Israel"	"Zikim"	0	69	69	16245	21217	37462	55911	82530	138441
"2007.09.11"	"Afghanistan"	"Helmand"	2	7	9	16247	21224	37471	55913	82537	138450
"2007.09.11"	"Pakistan"	"Dera Ismail Khan"	17	16	33	16264	21240	37504	55930	82553	138483
"2007.09.11"	"Ingushetia"	"Ordzhonikidzov."	3	0	3	16267	21240	37507	55933	82553	138486
"2007.09.11"	"Thailand"	"Pattani"	1	1	2	16268	21241	37509	55934	82554	138488
"2007.09.11"	"Thailand"	"Yala"	1	0	1	16269	21241	37510	55935	82554	138489
"2007.09.12"	"Iraq"	"Baghdad"	28	22	50	16297	21263	37560	55963	82576	138539
"2007.09.12"	"Afghanistan"	"Paktia"	3	0	3	16300	21263	37563	55966	82576	138542
"2007.09.12"	"Somalia"	"Mogadishu"	1	0	1	16301	21263	37564	55967	82576	138543
"2007.09.13"	"Pakistan"	"Karachi"	7	5	12	16308	21268	37576	55974	82581	138555
"2007.09.13"	"Somalia"	"Mogadishu"	1	0	1	16309	21268	37577	55975	82581	138556
"2007.09.13"	"Somalia"	"Huriwa"	6	0	6	16315	21268	37583	55981	82581	138562
"2007.09.13"	"Thailand"	"Narathiwat"	3	0	3	16318	21268	37586	55984	82581	138565
"2007.09.13"	"Afghanistan"	"Badakshan"	1	0	1	16319	21268	37587	55985	82581	138566
"2007.09.13"	"Iraq"	"Ramadi"	4	0	4	16323	21268	37591	55989	82581	138570
"2007.09.13"	"Iraq"	"Baghdad"	17	13	30	16340	21281	37621	56006	82594	138600
"2007.09.13"	"Iraq"	"Mosul"	2	0	2	16342	21281	37623	56008	82594	138602
"2007.09.14"	"Somalia"	"Mogadishu"	2	5	7	16344	21286	37630	56010	82599	138609
"2007.09.14"	"Algeria"	"Zemmouri"	3	5	8	16347	21291	37638	56013	82604	138617
"2007.09.14"	"India"	"Baramulla"	2	0	2	16349	21291	37640	56015	82604	138619
"2007.09.14"	"Pakistan"	"Bajaur"	2	5	7	16351	21296	37647	56017	82609	138626
"2007.09.14"	"Pakistan"	"Tarbela"	17	36	53	16368	21332	37700	56034	82645	138679
"2007.09.14"	"Thailand"	"Narathiwat"	1	0	1	16369	21332	37701	56035	82645	138680
"2007.09.14"	"Iraq"	"Baghdad"	9	0	9	16378	21332	37710	56044	82645	138689
"2007.09.14"	"Iraq"	"Hawija"	1	1	2	16379	21333	37712	56045	82646	138691
"2007.09.14"	"Iraq"	"Baiji"	11	16	27	16390	21349	37739	56056	82662	138718
"2007.09.14"	"Pakistan"	"Peshawar"	1	0	1	16391	21349	37740	56057	82662	138719
"2007.09.15"	"Thailand"	"Pattani"	2	0	2	16393	21349	37742	56059	82662	138721
"2007.09.15"	"Iraq"	"Baghdad"	11	18	29	16404	21367	37771	56070	82680	138750
"2007.09.15"	"Thailand"	"Pattani"	1	3	4	16405	21370	37775	56071	82683	138754
"2007.09.15"	"Afghanistan"	"Kunar"	3	0	3	16408	21370	37778	56074	82683	138757
"2007.09.15"	"Iraq"	"Abu Saida"	2	0	2	16410	21370	37780	56076	82683	138759
"2007.09.15"	"Iraq"	"Baghdad"	13	2	15	16423	21372	37795	56089	82685	138774
"2007.09.16"	"Thailand"	"Narathiwat"	2	0	2	16425	21372	37797	56091	82685	138776
"2007.09.16"	"Nepal"	"Kapilvastu"	2	0	2	16427	21372	37799	56093	82685	138778
"2007.09.16"	"Iraq"	"Baghdad"	19	13	32	16446	21385	37831	56112	82698	138810
"2007.09.16"	"Iraq"	"Hilla"	6	7	13	16452	21392	37844	56118	82705	138823
"2007.09.16"	"Iraq"	"Tuz Khormato"	8	22	30	16460	21414	37874	56126	82727	138853
"2007.09.16"	"Iraq"	"Muqdadiya"	14	10	24	16474	21424	37898	56140	82737	138877
"2007.09.17"	"Pakistan"	"Mir Ali"	1	0	1	16475	21424	37899	56141	82737	138878
"2007.09.17"	"Somalia"	"Mogadishu"	3	2	5	16478	21426	37904	56144	82739	138883
"2007.09.17"	"Afghanistan"	"Helmand"	8	7	15	16486	21433	37919	56152	82746	138898
"2007.09.17"	"Iraq"	"Baghdad"	21	32	53	16507	21465	37972	56173	82778	138951
"2007.09.17"	"Pakistan"	"Waziristan"	15	1	16	16522	21466	37988	56188	82779	138967
"2007.09.17"	"Thailand"	"Yala"	1	0	1	16523	21466	37989	56189	82779	138968
"2007.09.17"	"Ingushetia"	"Gazi-Yurt"	1	1	2	16524	21467	37991	56190	82780	138970
"2007.09.18"	"India"	"Kosadi"	1	3	4	16525	21470	37995	56191	82783	138974
"2007.09.18"	"Somalia"	"Mogadishu"	2	1	3	16527	21471	37998	56193	82784	138977
"2007.09.18"	"Pakistan"	"Shawal"	1	4	5	16528	21475	38003	56194	82788	138982
"2007.09.18"	"Iraq"	"Baghdad"	17	7	24	16545	21482	38027	56211	82795	139006
"2007.09.18"	"Iraq"	"Baghdad"	7	30	37	16552	21512	38064	56218	82825	139043
"2007.09.18"	"Iraq"	"Baghdad"	8	15	23	16560	21527	38087	56226	82840	139066
"2007.09.18"	"Thailand"	"Narathiwat"	1	0	1	16561	21527	38088	56227	82840	139067
"2007.09.18"	"Thailand"	"Yala"	1	0	1	16562	21527	38089	56228	82840	139068
"2007.09.18"	"Thailand"	"Pattani"	2	0	2	16564	21527	38091	56230	82840	139070
"2007.09.19"	"Afghanistan"	"Badghis"	4	4	8	16568	21531	38099	56234	82844	139078
"2007.09.19"	"Lebanon"	"Beirut"	9	30	39	16577	21561	38138	56243	82874	139117
"2007.09.19"	"Thailand"	"Yala"	1	0	1	16578	21561	38139	56244	82874	139118
"2007.09.19"	"Somalia"	"Mogadishu"	2	2	4	16580	21563	38143	56246	82876	139122
"2007.09.19"	"Ingushetia"	"Nazran"	4	2	6	16584	21565	38149	56250	82878	139128
"2007.09.19"	"Iraq"	"Muqdadiya"	9	5	14	16593	21570	38163	56259	82883	139142
"2007.09.19"	"India"	"Srinagar"	3	20	23	16596	21590	38186	56262	82903	139165
"2007.09.20"	"India"	"Pulwama"	1	2	3	16597	21592	38189	56263	82905	139168
"2007.09.20"	"Afghanistan"	"Gereshk"	6	0	6	16603	21592	38195	56269	82905	139174
"2007.09.20"	"Thailand"	"Yala"	1	0	1	16604	21592	38196	56270	82905	139175
"2007.09.20"	"Pakistan"	"Swat"	1	4	5	16605	21596	38201	56271	82909	139180
"2007.09.20"	"Iraq"	"Baghdad"	13	20	33	16618	21616	38234	56284	82929	139213
"2007.09.20"	"Iraq"	"Mosul"	3	0	3	16621	21616	38237	56287	82929	139216
"2007.09.20"	"Nepal"	"Kapilvastu"	12	24	36	16633	21640	38273	56299	82953	139252
"2007.09.20"	"Pakistan"	"Bajaur"	1	0	1	16634	21640	38274	56300	82953	139253
"2007.09.21"	"Thailand"	"Yala"	2	0	2	16636	21640	38276	56302	82953	139255
"2007.09.21"	"Iraq"	"Yusufiya"	3	0	3	16639	21640	38279	56305	82953	139258
"2007.09.21"	"Iraq"	"Basra"	3	0	3	16642	21640	38282	56308	82953	139261
"2007.09.21"	"Pakistan"	"Islamabad"	1	0	1	16643	21640	38283	56309	82953	139262
"2007.09.21"	"Afghanistan"	"Kabul"	2	8	10	16645	21648	38293	56311	82961	139272
"2007.09.21"	"Pakistan"	"Swat"	2	4	6	16647	21652	38299	56313	82965	139278
"2007.09.22"	"Thailand"	"Yala"	0	9	9	16647	21661	38308	56313	82974	139287
"2007.09.22"	"Pakistan"	"Bajaur"	3	8	11	16650	21669	38319	56316	82982	139298
"2007.09.22"	"Afghanistan"	"Kunduz"	2	4	6	16652	21673	38325	56318	82986	139304
"2007.09.22"	"Pakistan"	"Swat"	1	2	3	16653	21675	38328	56319	82988	139307
"2007.09.22"	"Thailand"	"Yala"	1	0	1	16654	21675	38329	56320	82988	139308
"2007.09.22"	"Iraq"	"Baghdad"	9	13	22	16663	21688	38351	56329	83001	139330
"2007.09.22"	"Iraq"	"Baqubah"	5	0	5	16668	21688	38356	56334	83001	139335
"2007.09.22"	"Pakistan"	"Sorandara Musakhel"	2	0	2	16670	21688	38358	56336	83001	139337
"2007.09.23"	"Afghanistan"	"Badakhshan"	12	1	13	16682	21689	38371	56348	83002	139350
"2007.09.23"	"Afghanistan"	"Farah"	3	10	13	16685	21699	38384	56351	83012	139363
"2007.09.23"	"Pakistan"	"Degan"	2	0	2	16687	21699	38386	56353	83012	139365
"2007.09.23"	"Thailand"	"Pattani"	1	0	1	16688	21699	38387	56354	83012	139366
"2007.09.23"	"Pakistan"	"Malakdin Khel"	3	3	6	16691	21702	38393	56357	83015	139372
"2007.09.23"	"Thailand"	"Pattani"	2	0	2	16693	21702	38395	56359	83015	139374
"2007.09.23"	"Iraq"	"Muqdadiyah"	20	5	25	16713	21707	38420	56379	83020	139399
"2007.09.23"	"Afghanistan"	"Ghazni"	2	0	2	16715	21707	38422	56381	83020	139401
"2007.09.24"	"Algeria"	"Ma-Labiod"	1	5	6	16716	21712	38428	56382	83025	139407
"2007.09.24"	"Afghanistan"	"Baghlan"	4	0	4	16720	21712	38432	56386	83025	139411
"2007.09.24"	"Afghanistan"	"Farah"	3	0	3	16723	21712	38435	56389	83025	139414
"2007.09.24"	"Somalia"	"Mogadishu"	2	0	2	16725	21712	38437	56391	83025	139416
"2007.09.24"	"Iraq"	"Abu Maria"	6	17	23	16731	21729	38460	56397	83042	139439
"2007.09.24"	"Iraq"	"Baghdad"	16	3	19	16747	21732	38479	56413	83045	139458
"2007.09.24"	"Iraq"	"Baqubah"	26	30	56	16773	21762	38535	56439	83075	139514
"2007.09.24"	"Iraq"	"al-Abara"	20	0	20	16793	21762	38555	56459	83075	139534
"2007.09.25"	"Iraq"	"Baghdad"	15	31	46	16808	21793	38601	56474	83106	139580
"2007.09.25"	"Iraq"	"Basra"	3	20	23	16811	21813	38624	56477	83126	139603
"2007.09.25"	"Somalia"	"Mogadishu"	2	5	7	16813	21818	38631	56479	83131	139610
"2007.09.25"	"Afghanistan"	"Kandahar"	5	4	9	16818	21822	38640	56484	83135	139619
"2007.09.25"	"Thailand"	"Pattani"	1	1	2	16819	21823	38642	56485	83136	139621
"2007.09.25"	"Thailand"	"Yala"	1	2	3	16820	21825	38645	56486	83138	139624
"2007.09.25"	"Thailand"	"Yala"	2	0	2	16822	21825	38647	56488	83138	139626
"2007.09.25"	"Thailand"	"Yala"	1	0	1	16823	21825	38648	56489	83138	139627
"2007.09.25"	"Thailand"	"Yala"	1	0	1	16824	21825	38649	56490	83138	139628
"2007.09.25"	"Algeria"	"Jijel"	3	0	3	16827	21825	38652	56493	83138	139631
"2007.09.25"	"Algeria"	"Boumerdes"	1	0	1	16828	21825	38653	56494	83138	139632
"2007.09.26"	"Somalia"	"Kismayo"	1	0	1	16829	21825	38654	56495	83138	139633
"2007.09.26"	"Pakistan"	"Orakzai"	23	0	23	16852	21825	38677	56518	83138	139656
"2007.09.26"	"Algeria"	"Boumerdes"	2	5	7	16854	21830	38684	56520	83143	139663
"2007.09.26"	"Pakistan"	"Miranshah"	2	0	2	16856	21830	38686	56522	83143	139665
"2007.09.26"	"Iraq"	"Shurqat"	7	5	12	16863	21835	38698	56529	83148	139677
"2007.09.26"	"Iraq"	"Sinjar"	10	9	19	16873	21844	38717	56539	83157	139696
"2007.09.26"	"Iraq"	"Baghdad"	32	28	60	16905	21872	38777	56571	83185	139756
"2007.09.27"	"Somalia"	"Mogadishu"	2	0	2	16907	21872	38779	56573	83185	139758
"2007.09.27"	"India"	"Pulwama"	1	1	2	16908	21873	38781	56574	83186	139760
"2007.09.27"	"Iraq"	"Baghdad"	14	9	23	16922	21882	38804	56588	83195	139783
"2007.09.27"	"Iraq"	"Riyadh"	2	0	2	16924	21882	38806	56590	83195	139785
"2007.09.27"	"Algeria"	"Kabylie"	3	0	3	16927	21882	38809	56593	83195	139788
"2007.09.28"	"Iraq"	"Saidiya"	4	9	13	16931	21891	38822	56597	83204	139801
"2007.09.28"	"Iraq"	"Qaraqush"	1	0	1	16932	21891	38823	56598	83204	139802
"2007.09.28"	"Pakistan"	"Tank"	1	12	13	16933	21903	38836	56599	83216	139815
"2007.09.28"	"Somalia"	"Mogadishu"	4	4	8	16937	21907	38844	56603	83220	139823
"2007.09.28"	"Thailand"	"Pattani"	3	5	8	16940	21912	38852	56606	83225	139831
"2007.09.28"	"Thailand"	"Narathiwat"	1	0	1	16941	21912	38853	56607	83225	139832
"2007.09.28"	"Syria"	"Aleppo"	1	0	1	16942	21912	38854	56608	83225	139833
"2007.09.28"	"Algeria"	"Boumerdes"	2	0	2	16944	21912	38856	56610	83225	139835
"2007.09.28"	"Algeria"	"Ain Ben Soltane"	1	2	3	16945	21914	38859	56611	83227	139838
"2007.09.29"	"Dagestan"	"Gonada"	9	0	9	16954	21914	38868	56620	83227	139847
"2007.09.29"	"Nigeria"	"Kano"	10	61	71	16964	21975	38939	56630	83288	139918
"2007.09.29"	"Afghanistan"	"Paktia"	3	0	3	16967	21975	38942	56633	83288	139921
"2007.09.29"	"Afghanistan"	"Sangin"	1	0	1	16968	21975	38943	56634	83288	139922
"2007.09.29"	"Iraq"	"Hamdaniya"	4	16	20	16972	21991	38963	56638	83304	139942
"2007.09.29"	"Iraq"	"Mosul"	10	21	31	16982	22012	38994	56648	83325	139973
"2007.09.29"	"Iraq"	"al-Mazra"	6	17	23	16988	22029	39017	56654	83342	139996
"2007.09.29"	"India"	"Mangam"	1	0	1	16989	22029	39018	56655	83342	139997
"2007.09.29"	"Thailand"	"Yala"	1	1	2	16990	22030	39020	56656	83343	139999
"2007.09.29"	"Maldives"	"Male"	0	12	12	16990	22042	39032	56656	83355	140011
"2007.09.29"	"Afghanistan"	"Kabul"	30	30	60	17020	22072	39092	56686	83385	140071
"2007.09.30"	"Afghanistan"	"Helmand"	1	0	1	17021	22072	39093	56687	83385	140072
"2007.09.30"	"Iraq"	"Mosul"	22	4	26	17043	22076	39119	56709	83389	140098
"2007.09.30"	"Iraq"	"al-Haswa"	3	0	3	17046	22076	39122	56712	83389	140101
"2007.09.30"	"Pakistan"	"FATA"	1	0	1	17047	22076	39123	56713	83389	140102
"2007.09.30"	"Thailand"	"Narathiwat"	2	0	2	17049	22076	39125	56715	83389	140104
"2007.09.30"	"Afghanistan"	"Ghazni"	8	0	8	17057	22076	39133	56723	83389	140112
"2007.09.30"	"Afghanistan"	"Kandahar"	2	3	5	17059	22079	39138	56725	83392	140117
"2007.09.30"	"India"	"Kishtwar"	1	0	1	17060	22079	39139	56726	83392	140118
"2007.10.01"	"Pakistan"	"Kurram"	2	10	12	17062	22089	39151	56728	83402	140130
"2007.10.01"	"India"	"Doda"	1	2	3	17063	22091	39154	56729	83404	140133
"2007.10.01"	"Iraq"	"Baghdad"	19	6	25	17082	22097	39179	56748	83410	140158
"2007.10.01"	"Iraq"	"Mosul"	1	7	8	17083	22104	39187	56749	83417	140166
"2007.10.01"	"Thailand"	"Narathiwat"	1	14	15	17084	22118	39202	56750	83431	140181
"2007.10.01"	"Pakistan"	"Bannu"	16	20	36	17100	22138	39238	56766	83451	140217
"2007.10.02"	"Pakistan"	"Hangu"	3	2	5	17103	22140	39243	56769	83453	140222
"2007.10.02"	"Dagestan"	"Ogni"	2	0	2	17105	22140	39245	56771	83453	140224
"2007.10.02"	"Thailand"	"Pattani"	4	0	4	17109	22140	39249	56775	83453	140228
"2007.10.02"	"Iraq"	"Baghdad"	29	33	62	17138	22173	39311	56804	83486	140290
"2007.10.02"	"Afghanistan"	"Kabul"	12	15	27	17150	22188	39338	56816	83501	140317
"2007.10.02"	"Iran"	"Khash"	1	0	1	17151	22188	39339	56817	83501	140318
"2007.10.02"	"Iraq"	"Dyala"	3	0	3	17154	22188	39342	56820	83501	140321
"2007.10.03"	"Iraq"	"Baghdad"	13	30	43	17167	22218	39385	56833	83531	140364
"2007.10.03"	"Afghanistan"	"Khost"	2	0	2	17169	22218	39387	56835	83531	140366
"2007.10.03"	"Thailand"	"Pattani"	1	0	1	17170	22218	39388	56836	83531	140367
"2007.10.03"	"Thailand"	"Yala"	2	0	2	17172	22218	39390	56838	83531	140369
"2007.10.03"	"Pakistan"	"Spin Wam"	2	3	5	17174	22221	39395	56840	83534	140374
"2007.10.03"	"Pakistan"	"Swat"	1	2	3	17175	22223	39398	56841	83536	140377
"2007.10.04"	"Thailand"	"Yala"	1	0	1	17176	22223	39399	56842	83536	140378
"2007.10.04"	"Iraq"	"Baghdad"	20	35	55	17196	22258	39454	56862	83571	140433
"2007.10.04"	"Iraq"	"Iskandariya"	5	1	6	17201	22259	39460	56867	83572	140439
"2007.10.04"	"Iraq"	"Tal Afar"	3	57	60	17204	22316	39520	56870	83629	140499
"2007.10.04"	"Afghanistan"	"Kabul"	1	0	1	17205	22316	39521	56871	83629	140500
"2007.10.04"	"Pakistan"	"South Waziristan"	3	0	3	17208	22316	39524	56874	83629	140503
"2007.10.04"	"Thailand"	"Narathiwat"	3	0	3	17211	22316	39527	56877	83629	140506
"2007.10.04"	"Somalia"	"Mogadishu"	4	8	12	17215	22324	39539	56881	83637	140518
"2007.10.04"	"Pakistan"	"Bulandkhel"	14	5	19	17229	22329	39558	56895	83642	140537
"2007.10.04"	"Thailand"	"Pattani"	2	0	2	17231	22329	39560	56897	83642	140539
"2007.10.04"	"Algeria"	"Boumeredes"	1	2	3	17232	22331	39563	56898	83644	140542
"2007.10.05"	"Algeria"	"Tebessa"	6	0	6	17238	22331	39569	56904	83644	140548
"2007.10.05"	"Afghanistan"	"Sangin"	2	0	2	17240	22331	39571	56906	83644	140550
"2007.10.05"	"Somalia"	"Mogadishu"	2	0	2	17242	22331	39573	56908	83644	140552
"2007.10.05"	"Philippines"	"Kidapawan"	2	26	28	17244	22357	39601	56910	83670	140580
"2007.10.05"	"Somalia"	"Mogadishu"	5	2	7	17249	22359	39608	56915	83672	140587
"2007.10.05"	"Thailand"	"Pattani"	1	0	1	17250	22359	39609	56916	83672	140588
"2007.10.05"	"Iraq"	"Basra"	2	0	2	17252	22359	39611	56918	83672	140590
"2007.10.06"	"Afghanistan"	"Khost"	4	2	6	17256	22361	39617	56922	83674	140596
"2007.10.06"	"Somalia"	"Mogadishu"	3	0	3	17259	22361	39620	56925	83674	140599
"2007.10.06"	"Iraq"	"Mussayab"	2	0	2	17261	22361	39622	56927	83674	140601
"2007.10.06"	"Somalia"	"Mogadishu"	1	4	5	17262	22365	39627	56928	83678	140606
"2007.10.06"	"Thailand"	"Pattani"	1	0	1	17263	22365	39628	56929	83678	140607
"2007.10.06"	"Dagestan"	"Makhachkala"	1	0	1	17264	22365	39629	56930	83678	140608
"2007.10.06"	"Pakistan"	"Ahmad Khel"	1	19	20	17265	22384	39649	56931	83697	140628
"2007.10.06"	"Afghanistan"	"Kabul"	6	12	18	17271	22396	39667	56937	83709	140646
"2007.10.06"	"Sudan"	"Haskanita"	86	0	86	17357	22396	39753	57023	83709	140732
"2007.10.07"	"Pakistan"	"NWFP"	2	0	2	17359	22396	39755	57025	83709	140734
"2007.10.07"	"Pal. Auth."	"Gaza"	1	0	1	17360	22396	39756	57026	83709	140735
"2007.10.07"	"Iraq"	"Baghdad"	17	18	35	17377	22414	39791	57043	83727	140770
"2007.10.07"	"Chechnya"	"Vedeno"	4	10	14	17381	22424	39805	57047	83737	140784
"2007.10.07"	"Afghanistan"	"Ghazni"	3	0	3	17384	22424	39808	57050	83737	140787
"2007.10.07"	"Ghana"	"Ashanti"	1	0	1	17385	22424	39809	57051	83737	140788
"2007.10.08"	"Iraq"	"Diljah"	13	22	35	17398	22446	39844	57064	83759	140823
"2007.10.08"	"Iraq"	"Tikrit"	3	10	13	17401	22456	39857	57067	83769	140836
"2007.10.08"	"Iraq"	"Baghdad"	6	36	42	17407	22492	39899	57073	83805	140878
"2007.10.08"	"Afghanistan"	"Ghazni"	2	0	2	17409	22492	39901	57075	83805	140880
"2007.10.08"	"India"	"Warpora-Sopore"	1	1	2	17410	22493	39903	57076	83806	140882
"2007.10.08"	"Somalia"	"Shiidleey"	1	2	3	17411	22495	39906	57077	83808	140885
"2007.10.08"	"Iraq"	"Kirkuk"	1	0	1	17412	22495	39907	57078	83808	140886
"2007.10.09"	"Pakistan"	"Peshawar"	0	25	25	17412	22520	39932	57078	83833	140911
"2007.10.09"	"Pakistan"	"North Waziristan"	4	4	8	17416	22524	39940	57082	83837	140919
"2007.10.09"	"India"	"Bandipora"	1	0	1	17417	22524	39941	57083	83837	140920
"2007.10.09"	"Iraq"	"Baghdad"	27	86	113	17444	22610	40054	57110	83923	141033
"2007.10.09"	"Iraq"	"Hawija"	2	0	2	17446	22610	40056	57112	83923	141035
"2007.10.09"	"Iraq"	"Baiji"	22	30	52	17468	22640	40108	57134	83953	141087
"2007.10.09"	"Sudan"	"Muhajiriya"	48	80	128	17516	22720	40236	57182	84033	141215
"2007.10.09"	"Somalia"	"Mogadishu"	3	0	3	17519	22720	40239	57185	84033	141218
"2007.10.09"	"India"	"Baramulla"	1	1	2	17520	22721	40241	57186	84034	141220
"2007.10.09"	"India"	"Rajouri"	1	0	1	17521	22721	40242	57187	84034	141221
"2007.10.10"	"Pakistan"	"Quetta"	1	0	1	17522	22721	40243	57188	84034	141222
"2007.10.10"	"Iraq"	"Tikrit"	6	10	16	17528	22731	40259	57194	84044	141238
"2007.10.10"	"Iraq"	"Mosul"	7	20	27	17535	22751	40286	57201	84064	141265
"2007.10.10"	"Somalia"	"Baidoa"	3	3	6	17538	22754	40292	57204	84067	141271
"2007.10.10"	"Thailand"	"Narathiwat"	1	0	1	17539	22754	40293	57205	84067	141272
"2007.10.10"	"Thailand"	"Narathiwat"	1	2	3	17540	22756	40296	57206	84069	141275
"2007.10.10"	"Austria"	"Wimpassing"	1	0	1	17541	22756	40297	57207	84069	141276
"2007.10.10"	"Somalia"	"Baidoa"	3	0	3	17544	22756	40300	57210	84069	141279
"2007.10.10"	"Afghanistan"	"Wardak"	3	10	13	17547	22766	40313	57213	84079	141292
"2007.10.10"	"Somalia"	"Kismayo"	2	10	12	17549	22776	40325	57215	84089	141304
"2007.10.11"	"India"	"Baramulla"	2	0	2	17551	22776	40327	57217	84089	141306
"2007.10.11"	"Pakistan"	"Mohmand"	6	0	6	17557	22776	40333	57223	84089	141312
"2007.10.11"	"Iraq"	"Kirkuk"	8	52	60	17565	22828	40393	57231	84141	141372
"2007.10.11"	"Iraq"	"Baghdad"	8	25	33	17573	22853	40426	57239	84166	141405
"2007.10.11"	"Iraq"	"Baghdad"	2	3	5	17575	22856	40431	57241	84169	141410
"2007.10.11"	"Iraq"	"Baquba"	5	6	11	17580	22862	40442	57246	84175	141421
"2007.10.11"	"Iraq"	"Zubaidiya"	4	0	4	17584	22862	40446	57250	84175	141425
"2007.10.11"	"India"	"Pattan"	7	8	15	17591	22870	40461	57257	84183	141440
"2007.10.11"	"Thailand"	"Narathiwat"	1	1	2	17592	22871	40463	57258	84184	141442
"2007.10.11"	"India"	"Ajmer"	3	17	20	17595	22888	40483	57261	84201	141462
"2007.10.12"	"Iraq"	"Tuz Khormato"	4	21	25	17599	22909	40508	57265	84222	141487
"2007.10.12"	"Iraq"	"Baghdad"	4	15	19	17603	22924	40527	57269	84237	141506
"2007.10.12"	"Thailand"	"Yala"	4	0	4	17607	22924	40531	57273	84237	141510
"2007.10.12"	"Afghanistan"	"Helmand"	4	7	11	17611	22931	40542	57277	84244	141521
"2007.10.12"	"Algeria"	"Tizi Ouzou"	1	0	1	17612	22931	40543	57278	84244	141522
"2007.10.13"	"Iraq"	"Samarrah"	18	27	45	17630	22958	40588	57296	84271	141567
"2007.10.13"	"Nigeria"	"Gamji Gate"	2	0	2	17632	22958	40590	57298	84271	141569
"2007.10.13"	"Pakistan"	"Swat"	4	1	5	17636	22959	40595	57302	84272	141574
"2007.10.13"	"Thailand"	"Narathiwat"	1	1	2	17637	22960	40597	57303	84273	141576
"2007.10.13"	"Afghanistan"	"Spin Boldak"	8	29	37	17645	22989	40634	57311	84302	141613
"2007.10.13"	"Nigeria"	"Bauchi"	10	0	10	17655	22989	40644	57321	84302	141623
"2007.10.14"	"Iraq"	"Ramadi"	4	8	12	17659	22997	40656	57325	84310	141635
"2007.10.14"	"Iraq"	"Baquba"	12	0	12	17671	22997	40668	57337	84310	141647
"2007.10.14"	"Iraq"	"Riyadh"	3	2	5	17674	22999	40673	57340	84312	141652
"2007.10.14"	"Iraq"	"Baghdad"	9	13	22	17683	23012	40695	57349	84325	141674
"2007.10.14"	"Ingushetia"	"Karabulak"	3	1	4	17686	23013	40699	57352	84326	141678
"2007.10.14"	"India"	"Ludhiana"	7	30	37	17693	23043	40736	57359	84356	141715
"2007.10.15"	"Somalia"	"Beledwyne"	3	0	3	17696	23043	40739	57362	84356	141718
"2007.10.15"	"Iraq"	"Balad"	6	8	14	17702	23051	40753	57368	84364	141732
"2007.10.15"	"Iraq"	"Heit"	5	8	13	17707	23059	40766	57373	84372	141745
"2007.10.15"	"Iraq"	"Diwaniya"	5	28	33	17712	23087	40799	57378	84400	141778
"2007.10.15"	"Iraq"	"Baghdad"	4	25	29	17716	23112	40828	57382	84425	141807
"2007.10.15"	"Afghanistan"	"Uruzgan"	4	2	6	17720	23114	40834	57386	84427	141813
"2007.10.15"	"India"	"Chandigam"	1	2	3	17721	23116	40837	57387	84429	141816
"2007.10.16"	"Iraq"	"Baghdad"	14	48	62	17735	23164	40899	57401	84477	141878
"2007.10.16"	"Iraq"	"Baqubah"	4	0	4	17739	23164	40903	57405	84477	141882
"2007.10.16"	"Iraq"	"Fallujah"	3	0	3	17742	23164	40906	57408	84477	141885
"2007.10.16"	"Iraq"	"Mosul"	16	80	96	17758	23244	41002	57424	84557	141981
"2007.10.16"	"Somalia"	"Mogadishu"	3	6	9	17761	23250	41011	57427	84563	141990
"2007.10.17"	"Somalia"	"Kismayo"	1	2	3	17762	23252	41014	57428	84565	141993
"2007.10.17"	"Somalia"	"Mogadishu"	3	5	8	17765	23257	41022	57431	84570	142001
"2007.10.17"	"Somalia"	"Mogadishu"	9	30	39	17774	23287	41061	57440	84600	142040
"2007.10.17"	"Somalia"	"Mogadishu"	3	0	3	17777	23287	41064	57443	84600	142043
"2007.10.17"	"Iraq"	"Diwaniya"	7	0	7	17784	23287	41071	57450	84600	142050
"2007.10.18"	"Pakistan"	"Karachi"	138	550	688	17922	23837	41759	57588	85150	142738
"2007.10.18"	"Iraq"	"Hawija"	3	11	14	17925	23848	41773	57591	85161	142752
"2007.10.18"	"Iraq"	"Basra"	1	7	8	17926	23855	41781	57592	85168	142760
"2007.10.18"	"Somalia"	"Mogadishu"	3	2	5	17929	23857	41786	57595	85170	142765
"2007.10.18"	"Afghanistan"	"Khost"	4	3	7	17933	23860	41793	57599	85173	142772
"2007.10.18"	"Ingushetia"	"Magas"	4	0	4	17937	23860	41797	57603	85173	142776
"2007.10.18"	"Pakistan"	"Khyber"	1	2	3	17938	23862	41800	57604	85175	142779
"2007.10.19"	"Philippines"	"Indanan"	2	0	2	17940	23862	41802	57606	85175	142781
"2007.10.19"	"Iraq"	"Mussayab"	4	0	4	17944	23862	41806	57610	85175	142785
"2007.10.19"	"Ingushetia"	"Chermen"	2	1	3	17946	23863	41809	57612	85176	142788
"2007.10.19"	"Thailand"	"Yala"	1	0	1	17947	23863	41810	57613	85176	142789
"2007.10.19"	"Pakistan"	"Dowayzai"	12	2	14	17959	23865	41824	57625	85178	142803
"2007.10.19"	"Thailand"	"Yala"	1	0	1	17960	23865	41825	57626	85178	142804
"2007.10.19"	"Thailand"	"Yala"	2	0	2	17962	23865	41827	57628	85178	142806
"2007.10.20"	"Pal. Auth."	"Rafah"	1	17	18	17963	23882	41845	57629	85195	142824
"2007.10.20"	"Chechnya"	"Grozny"	1	0	1	17964	23882	41846	57630	85195	142825
"2007.10.20"	"Afghanistan"	"Paktia"	3	4	7	17967	23886	41853	57633	85199	142832
"2007.10.20"	"Iraq"	"Baghdad"	10	14	24	17977	23900	41877	57643	85213	142856
"2007.10.20"	"Pakistan"	"Bajaur"	2	0	2	17979	23900	41879	57645	85213	142858
"2007.10.21"	"Iraq"	"Fallujah"	2	4	6	17981	23904	41885	57647	85217	142864
"2007.10.21"	"Nigeria"	"Sokoto"	3	5	8	17984	23909	41893	57650	85222	142872
"2007.10.21"	"Somalia"	"Mogadishu"	7	0	7	17991	23909	41900	57657	85222	142879
"2007.10.22"	"Pakistan"	"North Waziristan"	2	0	2	17993	23909	41902	57659	85222	142881
"2007.10.22"	"Somalia"	"Mogadishu"	3	3	6	17996	23912	41908	57662	85225	142887
"2007.10.22"	"Iraq"	"Mosul"	6	4	10	18002	23916	41918	57668	85229	142897
"2007.10.22"	"Iraq"	"Baqubah"	3	0	3	18005	23916	41921	57671	85229	142900
"2007.10.22"	"Iraq"	"Baghdad"	12	21	33	18017	23937	41954	57683	85250	142933
"2007.10.23"	"Thailand"	"Narathiwat"	5	3	8	18022	23940	41962	57688	85253	142941
"2007.10.23"	"Thailand"	"Narathiwat"	2	0	2	18024	23940	41964	57690	85253	142943
"2007.10.23"	"Thailand"	"Narathiwat"	2	4	6	18026	23944	41970	57692	85257	142949
"2007.10.23"	"Iraq"	"Fallujah"	15	0	15	18041	23944	41985	57707	85257	142964
"2007.10.23"	"Iraq"	"Baquba"	5	10	15	18046	23954	42000	57712	85267	142979
"2007.10.23"	"Iraq"	"Basra"	1	3	4	18047	23957	42004	57713	85270	142983
"2007.10.23"	"Dagestan"	"Kazbek"	1	8	9	18048	23965	42013	57714	85278	142992
"2007.10.23"	"England"	"Leeds"	1	0	1	18049	23965	42014	57715	85278	142993
"2007.10.24"	"Thailand"	"Yala"	2	0	2	18051	23965	42016	57717	85278	142995
"2007.10.24"	"Macedonia"	"Tanusevci"	1	2	3	18052	23967	42019	57718	85280	142998
"2007.10.24"	"Afghanistan"	"Khost"	1	4	5	18053	23971	42024	57719	85284	143003
"2007.10.24"	"Somalia"	"Mogadishu"	5	16	21	18058	23987	42045	57724	85300	143024
"2007.10.24"	"Iraq"	"Baqubah"	3	24	27	18061	24011	42072	57727	85324	143051
"2007.10.24"	"Iraq"	"Zaghanya"	3	0	3	18064	24011	42075	57730	85324	143054
"2007.10.24"	"Iraq"	"Iskandariya"	1	0	1	18065	24011	42076	57731	85324	143055
"2007.10.24"	"Iraq"	"Baghdad"	9	25	34	18074	24036	42110	57740	85349	143089
"2007.10.24"	"Pakistan"	"Miranshah"	2	2	4	18076	24038	42114	57742	85351	143093
"2007.10.25"	"Iraq"	"Diyala"	4	0	4	18080	24038	42118	57746	85351	143097
"2007.10.25"	"Somalia"	"Mogadishu"	4	7	11	18084	24045	42129	57750	85358	143108
"2007.10.25"	"Thailand"	"Narathiwat"	0	3	3	18084	24048	42132	57750	85361	143111
"2007.10.25"	"Pakistan"	"Mangora"	24	33	57	18108	24081	42189	57774	85394	143168
"2007.10.25"	"Iraq"	"Baghdad"	6	0	6	18114	24081	42195	57780	85394	143174
"2007.10.25"	"Iraq"	"Baquba"	19	26	45	18133	24107	42240	57799	85420	143219
"2007.10.25"	"Iraq"	"Khalis"	4	0	4	18137	24107	42244	57803	85420	143223
"2007.10.25"	"Thailand"	"Pattani"	2	1	3	18139	24108	42247	57805	85421	143226
"2007.10.25"	"Dagestan"	"Adil-Otar"	1	1	2	18140	24109	42249	57806	85422	143228
"2007.10.26"	"Pakistan"	"Mingora"	4	0	4	18144	24109	42253	57810	85422	143232
"2007.10.26"	"India"	"Baramulla"	1	0	1	18145	24109	42254	57811	85422	143233
"2007.10.26"	"Iraq"	"Muqdadiyah"	1	3	4	18146	24112	42258	57812	85425	143237
"2007.10.26"	"Iraq"	"Adhaim"	6	5	11	18152	24117	42269	57818	85430	143248
"2007.10.27"	"Iraq"	"Baghdad"	34	27	61	18186	24144	42330	57852	85457	143309
"2007.10.27"	"Afghanistan"	"Ghazni"	2	0	2	18188	24144	42332	57854	85457	143311
"2007.10.27"	"Thailand"	"Yala"	1	1	2	18189	24145	42334	57855	85458	143313
"2007.10.27"	"Pakistan"	"Swat"	9	0	9	18198	24145	42343	57864	85458	143322
"2007.10.27"	"Afghanistan"	"Paktika"	5	5	10	18203	24150	42353	57869	85463	143332
"2007.10.27"	"Somalia"	"Mogadishu"	3	3	6	18206	24153	42359	57872	85466	143338
"2007.10.27"	"Thailand"	"Narathiwat"	1	14	15	18207	24167	42374	57873	85480	143353
"2007.10.27"	"Thailand"	"Pattani"	1	0	1	18208	24167	42375	57874	85480	143354
"2007.10.27"	"Belgium"	"Mons"	1	0	1	18209	24167	42376	57875	85480	143355
"2007.10.28"	"Iraq"	"Baghdad"	2	13	15	18211	24180	42391	57877	85493	143370
"2007.10.28"	"Iraq"	"Kirkuk"	8	28	36	18219	24208	42427	57885	85521	143406
"2007.10.28"	"Iraq"	"Kut"	2	0	2	18221	24208	42429	57887	85521	143408
"2007.10.29"	"Thailand"	"Narathiwat"	2	0	2	18223	24208	42431	57889	85521	143410
"2007.10.29"	"Thailand"	"Pattani"	1	0	1	18224	24208	42432	57890	85521	143411
"2007.10.29"	"Thailand"	"Yala"	2	0	2	18226	24208	42434	57892	85521	143413
"2007.10.29"	"Afghanistan"	"Lashkar Gar"	5	10	15	18231	24218	42449	57897	85531	143428
"2007.10.29"	"Somalia"	"al-Baraka"	1	0	1	18232	24218	42450	57898	85531	143429
"2007.10.29"	"Iraq"	"Baiji"	8	13	21	18240	24231	42471	57906	85544	143450
"2007.10.29"	"Iraq"	"Baquba"	30	25	55	18270	24256	42526	57936	85569	143505
"2007.10.29"	"Iraq"	"Mosul"	8	0	8	18278	24256	42534	57944	85569	143513
"2007.10.30"	"Pakistan"	"Bannu"	4	4	8	18282	24260	42542	57948	85573	143521
"2007.10.30"	"Thailand"	"Pattani"	1	0	1	18283	24260	42543	57949	85573	143522
"2007.10.30"	"Thailand"	"Narathiwat"	1	0	1	18284	24260	42544	57950	85573	143523
"2007.10.30"	"Pakistan"	"Rawalpindi"	7	24	31	18291	24284	42575	57957	85597	143554
"2007.10.30"	"Thailand"	"Yala"	1	3	4	18292	24287	42579	57958	85600	143558
"2007.10.30"	"Iraq"	"Baghdad"	8	16	24	18300	24303	42603	57966	85616	143582
"2007.10.30"	"Iraq"	"Samarrah"	4	8	12	18304	24311	42615	57970	85624	143594
"2007.10.30"	"Iraq"	"al-Shahimiya"	1	0	1	18305	24311	42616	57971	85624	143595
"2007.10.31"	"Somalia"	"Mogadishu"	1	0	1	18306	24311	42617	57972	85624	143596
"2007.10.31"	"Thailand"	"Yala"	2	7	9	18308	24318	42626	57974	85631	143605
"2007.10.31"	"Iraq"	"Mosul"	9	0	9	18317	24318	42635	57983	85631	143614
"2007.10.31"	"Russia"	"Togliatti"	8	50	58	18325	24368	42693	57991	85681	143672
"2007.11.01"	"Iraq"	"Baghdad"	11	25	36	18336	24393	42729	58002	85706	143708
"2007.11.01"	"Iraq"	"Baqubah"	1	2	3	18337	24395	42732	58003	85708	143711
"2007.11.01"	"Thailand"	"Narathiwat"	3	10	13	18340	24405	42745	58006	85718	143724
"2007.11.01"	"Pakistan"	"Bajaur"	2	0	2	18342	24405	42747	58008	85718	143726
"2007.11.01"	"Pakistan"	"Sargodha"	8	40	48	18350	24445	42795	58016	85758	143774
"2007.11.01"	"Afghanistan"	"Nad Ali"	5	3	8	18355	24448	42803	58021	85761	143782
"2007.11.02"	"Thailand"	"Narathiwat"	1	0	1	18356	24448	42804	58022	85761	143783
"2007.11.02"	"Iraq"	"Tuz Khormato"	1	1	2	18357	24449	42806	58023	85762	143785
"2007.11.02"	"Somalia"	"Mogadishu"	5	0	5	18362	24449	42811	58028	85762	143790
"2007.11.02"	"Thailand"	"Pattani"	1	0	1	18363	24449	42812	58029	85762	143791
"2007.11.02"	"Saudi Arabia"	"Riyadh"	1	0	1	18364	24449	42813	58030	85762	143792
"2007.11.03"	"Iraq"	"Khalis"	7	10	17	18371	24459	42830	58037	85772	143809
"2007.11.03"	"Afghanistan"	"Rashidan"	2	0	2	18373	24459	42832	58039	85772	143811
"2007.11.04"	"Russia"	"Kabardino-Bal."	9	0	9	18382	24459	42841	58048	85772	143820
"2007.11.04"	"Afghanistan"	"Ghazni"	4	2	6	18386	24461	42847	58052	85774	143826
"2007.11.04"	"Iraq"	"Samarra"	5	15	20	18391	24476	42867	58057	85789	143846
"2007.11.04"	"Iraq"	"Tikrit"	6	13	19	18397	24489	42886	58063	85802	143865
"2007.11.04"	"Iraq"	"Baqubah"	2	1	3	18399	24490	42889	58065	85803	143868
"2007.11.04"	"Iraq"	"Baghdad"	9	7	16	18408	24497	42905	58074	85810	143884
"2007.11.04"	"Iraq"	"Ramadi"	40	0	40	18448	24497	42945	58114	85810	143924
"2007.11.04"	"Thailand"	"Yala"	2	0	2	18450	24497	42947	58116	85810	143926
"2007.11.05"	"Pakistan"	"Kharqamar"	1	1	2	18451	24498	42949	58117	85811	143928
"2007.11.05"	"Thailand"	"Narathiwat"	2	0	2	18453	24498	42951	58119	85811	143930
"2007.11.05"	"Ingushetia"	"Magas"	3	1	4	18456	24499	42955	58122	85812	143934
"2007.11.05"	"Somalia"	"Suq Bacad"	1	0	1	18457	24499	42956	58123	85812	143935
"2007.11.05"	"Iraq"	"Baghdad"	20	11	31	18477	24510	42987	58143	85823	143966
"2007.11.05"	"Thailand"	"Yala"	2	0	2	18479	24510	42989	58145	85823	143968
"2007.11.05"	"Thailand"	"Pattani"	3	0	3	18482	24510	42992	58148	85823	143971
"2007.11.06"	"Somalia"	"Baladweyn"	1	0	1	18483	24510	42993	58149	85823	143972
"2007.11.06"	"Iraq"	"Mosul"	6	0	6	18489	24510	42999	58155	85823	143978
"2007.11.06"	"Iraq"	"Latifiya"	4	0	4	18493	24510	43003	58159	85823	143982
"2007.11.06"	"Afghanistan"	"Baghlan"	75	96	171	18568	24606	43174	58234	85919	144153
"2007.11.06"	"Thailand"	"Yala"	0	27	27	18568	24633	43201	58234	85946	144180
"2007.11.06"	"Thailand"	"Narathiwat"	2	0	2	18570	24633	43203	58236	85946	144182
"2007.11.06"	"Afghanistan"	"Lashkar Gah"	1	0	1	18571	24633	43204	58237	85946	144183
"2007.11.07"	"Pakistan"	"Razmak"	3	1	4	18574	24634	43208	58240	85947	144187
"2007.11.07"	"Thailand"	"Yala"	1	5	6	18575	24639	43214	58241	85952	144193
"2007.11.07"	"Thailand"	"Pattani"	3	1	4	18578	24640	43218	58244	85953	144197
"2007.11.07"	"Iraq"	"Hashimiyat"	17	0	17	18595	24640	43235	58261	85953	144214
"2007.11.07"	"Iraq"	"Baghdad"	8	0	8	18603	24640	43243	58269	85953	144222
"2007.11.07"	"Iraq"	"Diwaniyah"	2	3	5	18605	24643	43248	58271	85956	144227
"2007.11.07"	"Iraq"	"Wassit"	2	0	2	18607	24643	43250	58273	85956	144229
"2007.11.07"	"Pal. Auth."	"Nablus"	1	2	3	18608	24645	43253	58274	85958	144232
"2007.11.08"	"Pakistan"	"Bannu"	1	0	1	18609	24645	43254	58275	85958	144233
"2007.11.08"	"Thailand"	"Yala"	1	0	1	18610	24645	43255	58276	85958	144234
"2007.11.08"	"Afghanistan"	"Zabul"	7	0	7	18617	24645	43262	58283	85958	144241
"2007.11.08"	"Pakistan"	"Tank"	1	0	1	18618	24645	43263	58284	85958	144242
"2007.11.08"	"Iraq"	"Garma"	6	4	10	18624	24649	43273	58290	85962	144252
"2007.11.08"	"Iraq"	"Tal Asquf"	1	5	6	18625	24654	43279	58291	85967	144258
"2007.11.08"	"Iraq"	"Mandali"	12	0	12	18637	24654	43291	58303	85967	144270
"2007.11.08"	"Thailand"	"Pattani"	1	0	1	18638	24654	43292	58304	85967	144271
"2007.11.09"	"Thailand"	"Narathiwat"	2	0	2	18640	24654	43294	58306	85967	144273
"2007.11.09"	"India"	"Pattan"	4	3	7	18644	24657	43301	58310	85970	144280
"2007.11.09"	"Thailand"	"Yala"	2	0	2	18646	24657	43303	58312	85970	144282
"2007.11.09"	"Iraq"	"Baghdad"	2	0	2	18648	24657	43305	58314	85970	144284
"2007.11.09"	"Afghanistan"	"Zabul"	4	2	6	18652	24659	43311	58318	85972	144290
"2007.11.09"	"Pakistan"	"Peshawar"	4	3	7	18656	24662	43318	58322	85975	144297
"2007.11.09"	"Iraq"	"Baqubah"	1	6	7	18657	24668	43325	58323	85981	144304
"2007.11.09"	"Iraq"	"Albu Ajeel"	3	3	6	18660	24671	43331	58326	85984	144310
"2007.11.09"	"Iraq"	"Khalis"	7	4	11	18667	24675	43342	58333	85988	144321
"2007.11.09"	"Iraq"	"Balad Ruz"	3	5	8	18670	24680	43350	58336	85993	144329
"2007.11.10"	"Iraq"	"Baghdad"	16	30	46	18686	24710	43396	58352	86023	144375
"2007.11.10"	"Afghanistan"	"Kunduz"	1	3	4	18687	24713	43400	58353	86026	144379
"2007.11.10"	"India"	"Baramulla"	1	6	7	18688	24719	43407	58354	86032	144386
"2007.11.11"	"Afghanistan"	"Helmand"	3	0	3	18691	24719	43410	58357	86032	144389
"2007.11.11"	"Afghanistan"	"Helmand"	3	0	3	18694	24719	43413	58360	86032	144392
"2007.11.11"	"Iraq"	"Baqubah"	1	1	2	18695	24720	43415	58361	86033	144394
"2007.11.11"	"Iraq"	"Baghdad"	8	9	17	18703	24729	43432	58369	86042	144411
"2007.11.11"	"India"	"Sopore"	1	0	1	18704	24729	43433	58370	86042	144412
"2007.11.11"	"India"	"Kishtwar"	1	0	1	18705	24729	43434	58371	86042	144413
"2007.11.11"	"Afghanistan"	"Herat"	6	1	7	18711	24730	43441	58377	86043	144420
"2007.11.11"	"Somalia"	"Mogadishu"	2	0	2	18713	24730	43443	58379	86043	144422
"2007.11.12"	"Pakistan"	"Miranshah"	1	9	10	18714	24739	43453	58380	86052	144432
"2007.11.12"	"Pal. Auth."	"Gaza"	7	50	57	18721	24789	43510	58387	86102	144489
"2007.11.12"	"Iraq"	"Baqubah"	1	0	1	18722	24789	43511	58388	86102	144490
"2007.11.13"	"Pakistan"	"Peshawar"	1	0	1	18723	24789	43512	58389	86102	144491
"2007.11.13"	"Iraq"	"Mosul"	5	0	5	18728	24789	43517	58394	86102	144496
"2007.11.13"	"Philippines"	"Manila"	4	9	13	18732	24798	43530	58398	86111	144509
"2007.11.13"	"Iraq"	"Kirkuk"	2	1	3	18734	24799	43533	58400	86112	144512
"2007.11.13"	"Iraq"	"Qadir Kam"	5	0	5	18739	24799	43538	58405	86112	144517
"2007.11.14"	"India"	"Srinagar"	1	0	1	18740	24799	43539	58406	86112	144518
"2007.11.14"	"Iraq"	"Iskandariya"	2	6	8	18742	24805	43547	58408	86118	144526
"2007.11.14"	"Iraq"	"Hilla"	2	10	12	18744	24815	43559	58410	86128	144538
"2007.11.14"	"Tajikistan"	"Dushanbe"	1	0	1	18745	24815	43560	58411	86128	144539
"2007.11.14"	"Pakistan"	"Saidu Sharif"	4	4	8	18749	24819	43568	58415	86132	144547
"2007.11.14"	"Ingushetia"	"Nazran"	1	0	1	18750	24819	43569	58416	86132	144548
"2007.11.15"	"Iraq"	"Kirkuk"	6	24	30	18756	24843	43599	58422	86156	144578
"2007.11.15"	"Thailand"	"Narathiwat"	1	1	2	18757	24844	43601	58423	86157	144580
"2007.11.15"	"Afghanistan"	"Paktia"	3	0	3	18760	24844	43604	58426	86157	144583
"2007.11.15"	"Pakistan"	"North Waziristan"	2	3	5	18762	24847	43609	58428	86160	144588
"2007.11.15"	"Iraq"	"Baghdad"	1	0	1	18763	24847	43610	58429	86160	144589
"2007.11.15"	"Iraq"	"Mahaweel"	1	0	1	18764	24847	43611	58430	86160	144590
"2007.11.15"	"Thailand"	"Pattani"	1	0	1	18765	24847	43612	58431	86160	144591
"2007.11.15"	"Jordan"	"Amman"	1	0	1	18766	24847	43613	58432	86160	144592
"2007.11.16"	"Afghanistan"	"Kabul"	13	0	13	18779	24847	43626	58445	86160	144605
"2007.11.16"	"Afghanistan"	"Kandahar"	2	1	3	18781	24848	43629	58447	86161	144608
"2007.11.16"	"Iraq"	"Sadiyah"	2	0	2	18783	24848	43631	58449	86161	144610
"2007.11.16"	"Somalia"	"Mogadishu"	1	0	1	18784	24848	43632	58450	86161	144611
"2007.11.16"	"Pakistan"	"Parachinar"	45	100	145	18829	24948	43777	58495	86261	144756
"2007.11.16"	"Thailand"	"Yala"	1	0	1	18830	24948	43778	58496	86261	144757
"2007.11.16"	"Afghanistan"	"Kandahar"	4	0	4	18834	24948	43782	58500	86261	144761
"2007.11.17"	"Thailand"	"Yala"	2	0	2	18836	24948	43784	58502	86261	144763
"2007.11.17"	"Afghanistan"	"Sangisar"	3	0	3	18839	24948	43787	58505	86261	144766
"2007.11.17"	"Somalia"	"Mogadishu"	2	6	8	18841	24954	43795	58507	86267	144774
"2007.11.17"	"Iraq"	"Mosul"	10	0	10	18851	24954	43805	58517	86267	144784
"2007.11.17"	"Iraq"	"Baghdad"	30	0	30	18881	24954	43835	58547	86267	144814
"2007.11.17"	"Pakistan"	"Parachinar"	46	80	126	18927	25034	43961	58593	86347	144940
"2007.11.17"	"Pakistan"	"Mir Ali"	1	0	1	18928	25034	43962	58594	86347	144941
"2007.11.17"	"Afghanistan"	"Nangarhar"	1	2	3	18929	25036	43965	58595	86349	144944
"2007.11.18"	"Afghanistan"	"Uruzgan"	5	0	5	18934	25036	43970	58600	86349	144949
"2007.11.18"	"Iraq"	"Mosul"	3	16	19	18937	25052	43989	58603	86365	144968
"2007.11.18"	"Iraq"	"Baghdad"	10	21	31	18947	25073	44020	58613	86386	144999
"2007.11.18"	"Afghanistan"	"Badakshan"	2	0	2	18949	25073	44022	58615	86386	145001
"2007.11.18"	"Afghanistan"	"Girishk"	2	3	5	18951	25076	44027	58617	86389	145006
"2007.11.18"	"Iraq"	"Baqubah"	6	7	13	18957	25083	44040	58623	86396	145019
"2007.11.18"	"Pakistan"	"Nowshera"	1	0	1	18958	25083	44041	58624	86396	145020
"2007.11.19"	"Pakistan"	"Darra Adamkhel"	3	0	3	18961	25083	44044	58627	86396	145023
"2007.11.19"	"Pal. Auth."	"Kedumim"	1	0	1	18962	25083	44045	58628	86396	145024
"2007.11.19"	"Afghanistan"	"Nimroz"	7	14	21	18969	25097	44066	58635	86410	145045
"2007.11.19"	"Iraq"	"Tikrit"	8	0	8	18977	25097	44074	58643	86410	145053
"2007.11.19"	"Iraq"	"Basra"	6	2	8	18983	25099	44082	58649	86412	145061
"2007.11.19"	"Russia"	"Nalchik"	1	2	3	18984	25101	44085	58650	86414	145064
"2007.11.19"	"Pakistan"	"Kurram"	8	18	26	18992	25119	44111	58658	86432	145090
"2007.11.19"	"Pakistan"	"Parachinar"	12	50	62	19004	25169	44173	58670	86482	145152
"2007.11.20"	"Afghanistan"	"Ghazni"	2	4	6	19006	25173	44179	58672	86486	145158
"2007.11.20"	"Pakistan"	"Parachinar"	28	27	55	19034	25200	44234	58700	86513	145213
"2007.11.20"	"Iraq"	"Baghdad"	37	25	62	19071	25225	44296	58737	86538	145275
"2007.11.20"	"India"	"Baramulla"	2	0	2	19073	25225	44298	58739	86538	145277
"2007.11.20"	"Pakistan"	"Parachinar"	6	4	10	19079	25229	44308	58745	86542	145287
"2007.11.20"	"Pakistan"	"North Waziristan"	1	3	4	19080	25232	44312	58746	86545	145291
"2007.11.20"	"India"	"Kulgam"	1	0	1	19081	25232	44313	58747	86545	145292
"2007.11.20"	"Australia"	"Hampton Park"	1	0	1	19082	25232	44314	58748	86545	145293
"2007.11.21"	"India"	"Rajouri"	1	0	1	19083	25232	44315	58749	86545	145294
"2007.11.21"	"Thailand"	"Pattani"	4	6	10	19087	25238	44325	58753	86551	145304
"2007.11.21"	"Pakistan"	"Swat"	4	0	4	19091	25238	44329	58757	86551	145308
"2007.11.21"	"Iraq"	"Ramadi"	6	22	28	19097	25260	44357	58763	86573	145336
"2007.11.21"	"Iraq"	"Muwaili"	40	0	40	19137	25260	44397	58803	86573	145376
"2007.11.22"	"Iraq"	"Howr Rajab"	22	8	30	19159	25268	44427	58825	86581	145406
"2007.11.22"	"Iraq"	"Mosul"	3	22	25	19162	25290	44452	58828	86603	145431
"2007.11.22"	"Philippines"	"Kidapawan"	1	7	8	19163	25297	44460	58829	86610	145439
"2007.11.22"	"Pakistan"	"FATA"	2	0	2	19165	25297	44462	58831	86610	145441
"2007.11.22"	"Thailand"	"Narathiwat"	2	0	2	19167	25297	44464	58833	86610	145443
"2007.11.22"	"Russia"	"Bratsk"	5	13	18	19172	25310	44482	58838	86623	145461
"2007.11.22"	"Somalia"	"Mogadishu"	3	5	8	19175	25315	44490	58841	86628	145469
"2007.11.22"	"Pakistan"	"Lower Kurram"	3	0	3	19178	25315	44493	58844	86628	145472
"2007.11.23"	"Pakistan"	"Parachinar"	50	0	50	19228	25315	44543	58894	86628	145522
"2007.11.23"	"Iraq"	"Jalawla"	2	0	2	19230	25315	44545	58896	86628	145524
"2007.11.23"	"Afghanistan"	"Kandahar"	7	6	13	19237	25321	44558	58903	86634	145537
"2007.11.23"	"India"	"Uttar Pradesh"	14	80	94	19251	25401	44652	58917	86714	145631
"2007.11.23"	"Iraq"	"Mosul"	21	21	42	19272	25422	44694	58938	86735	145673
"2007.11.23"	"Iraq"	"Baghdad"	15	55	70	19287	25477	44764	58953	86790	145743
"2007.11.23"	"Thailand"	"Yala"	1	0	1	19288	25477	44765	58954	86790	145744
"2007.11.24"	"Iraq"	"Fallujah"	2	0	2	19290	25477	44767	58956	86790	145746
"2007.11.24"	"Thailand"	"Yala"	1	0	1	19291	25477	44768	58957	86790	145747
"2007.11.24"	"Thailand"	"Narathiwat"	2	0	2	19293	25477	44770	58959	86790	145749
"2007.11.24"	"Afghanistan"	"Kabul"	7	9	16	19300	25486	44786	58966	86799	145765
"2007.11.24"	"Pakistan"	"Rawalpindi"	30	55	85	19330	25541	44871	58996	86854	145850
"2007.11.25"	"Thailand"	"Pattani"	1	0	1	19331	25541	44872	58997	86854	145851
"2007.11.25"	"Iraq"	"Baghdad"	11	36	47	19342	25577	44919	59008	86890	145898
"2007.11.25"	"Iraq"	"al-Zab"	1	5	6	19343	25582	44925	59009	86895	145904
"2007.11.25"	"Iraq"	"Shab"	11	0	11	19354	25582	44936	59020	86895	145915
"2007.11.25"	"Iraq"	"Baghdad"	9	0	9	19363	25582	44945	59029	86895	145924
"2007.11.26"	"Somalia"	"Mataban"	6	0	6	19369	25582	44951	59035	86895	145930
"2007.11.26"	"Afghanistan"	"Kabul"	4	0	4	19373	25582	44955	59039	86895	145934
"2007.11.26"	"Thailand"	"Yala"	1	0	1	19374	25582	44956	59040	86895	145935
"2007.11.26"	"Thailand"	"Narathiwat"	1	0	1	19375	25582	44957	59041	86895	145936
"2007.11.26"	"Iraq"	"Mosul"	4	2	6	19379	25584	44963	59045	86897	145942
"2007.11.26"	"Afghanistan"	"Paktia"	4	2	6	19383	25586	44969	59049	86899	145948
"2007.11.27"	"Afghanistan"	"Kabul"	2	7	9	19385	25593	44978	59051	86906	145957
"2007.11.27"	"Iraq"	"Baqubah"	9	15	24	19394	25608	45002	59060	86921	145981
"2007.11.27"	"Somalia"	"Mogadishu"	1	1	2	19395	25609	45004	59061	86922	145983
"2007.11.28"	"Thailand"	"Narathiwat"	1	0	1	19396	25609	45005	59062	86922	145984
"2007.11.28"	"Thailand"	"Narathiwat"	2	0	2	19398	25609	45007	59064	86922	145986
"2007.11.28"	"Pakistan"	"Punjab"	1	0	1	19399	25609	45008	59065	86922	145987
"2007.11.28"	"Chechnya"	"Grozny"	1	0	1	19400	25609	45009	59066	86922	145988
"2007.11.28"	"Iraq"	"Haditha"	5	30	35	19405	25639	45044	59071	86952	146023
"2007.11.29"	"India"	"Baramulla"	1	0	1	19406	25639	45045	59072	86952	146024
"2007.11.29"	"Afghanistan"	"Baghlan"	1	1	2	19407	25640	45047	59073	86953	146026
"2007.11.29"	"Pakistan"	"North Waziristan"	5	4	9	19412	25644	45056	59078	86957	146035
"2007.11.29"	"Iraq"	"al-Salaam"	12	25	37	19424	25669	45093	59090	86982	146072
"2007.11.29"	"Somalia"	"Mogadishu"	15	23	38	19439	25692	45131	59105	87005	146110
"2007.11.29"	"Thailand"	"Pattani"	1	0	1	19440	25692	45132	59106	87005	146111
"2007.11.30"	"Philippines"	"Sulu"	8	0	8	19448	25692	45140	59114	87005	146119
"2007.11.30"	"Somalia"	"Borbhere"	1	0	1	19449	25692	45141	59115	87005	146120
"2007.11.30"	"Iraq"	"Baghdad"	17	34	51	19466	25726	45192	59132	87039	146171
"2007.12.01"	"Somalia"	"Mogadishu"	2	4	6	19468	25730	45198	59134	87043	146177
"2007.12.01"	"Iraq"	"Dwelah"	13	14	27	19481	25744	45225	59147	87057	146204
"2007.12.01"	"Iraq"	"Madaen"	1	6	7	19482	25750	45232	59148	87063	146211
"2007.12.01"	"Afghanistan"	"Lashkar Gah"	3	0	3	19485	25750	45235	59151	87063	146214
"2007.12.01"	"Thailand"	"Yala"	1	0	1	19486	25750	45236	59152	87063	146215
"2007.12.02"	"Iraq"	"Baqubah"	4	4	8	19490	25754	45244	59156	87067	146223
"2007.12.02"	"Thailand"	"Narathiwat"	2	0	2	19492	25754	45246	59158	87067	146225
"2007.12.02"	"India"	"Sopore"	1	0	1	19493	25754	45247	59159	87067	146226
"2007.12.02"	"Pakistan"	"Charsadda"	3	5	8	19496	25759	45255	59162	87072	146234
"2007.12.02"	"Iraq"	"Iskandariya"	4	2	6	19500	25761	45261	59166	87074	146240
"2007.12.02"	"Iraq"	"Mosul"	6	0	6	19506	25761	45267	59172	87074	146246
"2007.12.02"	"Iraq"	"Garma"	20	0	20	19526	25761	45287	59192	87074	146266
"2007.12.02"	"Somalia"	"Mogadishu"	2	0	2	19528	25761	45289	59194	87074	146268
"2007.12.02"	"Somalia"	"Medina"	2	5	7	19530	25766	45296	59196	87079	146275
"2007.12.03"	"India"	"Anantnag"	1	0	1	19531	25766	45297	59197	87079	146276
"2007.12.03"	"Iraq"	"Ramadi"	3	1	4	19534	25767	45301	59200	87080	146280
"2007.12.03"	"Iraq"	"Hawija"	2	0	2	19536	25767	45303	59202	87080	146282
"2007.12.03"	"Iraq"	"Basra"	15	9	24	19551	25776	45327	59217	87089	146306
"2007.12.03"	"Afghanistan"	"Nimruz"	4	7	11	19555	25783	45338	59221	87096	146317
"2007.12.03"	"Somalia"	"Mogadishu"	5	0	5	19560	25783	45343	59226	87096	146322
"2007.12.03"	"Pakistan"	"Qila Saifullah"	6	6	12	19566	25789	45355	59232	87102	146334
"2007.12.04"	"Thailand"	"Narathiwat"	4	20	24	19570	25809	45379	59236	87122	146358
"2007.12.04"	"Iraq"	"Baghdad"	23	0	23	19593	25809	45402	59259	87122	146381
"2007.12.04"	"Iraq"	"Jalawla"	8	30	38	19601	25839	45440	59267	87152	146419
"2007.12.05"	"Afghanistan"	"Kabul"	12	14	26	19613	25853	45466	59279	87166	146445
"2007.12.05"	"Somalia"	"Hiran"	2	3	5	19615	25856	45471	59281	87169	146450
"2007.12.05"	"Iraq"	"Baqubah"	5	20	25	19620	25876	45496	59286	87189	146475
"2007.12.05"	"Iraq"	"Baghdad"	15	33	48	19635	25909	45544	59301	87222	146523
"2007.12.05"	"Russia"	"Stary Cherek"	1	0	1	19636	25909	45545	59302	87222	146524
"2007.12.06"	"Iraq"	"Kut"	1	0	1	19637	25909	45546	59303	87222	146525
"2007.12.06"	"Iraq"	"Diyala"	9	7	16	19646	25916	45562	59312	87229	146541
"2007.12.07"	"Iraq"	"Diyala"	24	25	49	19670	25941	45611	59336	87254	146590
"2007.12.07"	"Pakistan"	"Charsadda"	1	3	4	19671	25944	45615	59337	87257	146594
"2007.12.08"	"Iraq"	"Baiji"	7	15	22	19678	25959	45637	59344	87272	146616
"2007.12.08"	"Iraq"	"Mahmudiya"	1	2	3	19679	25961	45640	59345	87274	146619
"2007.12.08"	"Iraq"	"Wasit"	4	0	4	19683	25961	45644	59349	87274	146623
"2007.12.08"	"Afghanistan"	"Helmand"	1	0	1	19684	25961	45645	59350	87274	146624
"2007.12.08"	"Afghanistan"	"Farah"	8	6	14	19692	25967	45659	59358	87280	146638
"2007.12.09"	"Russia"	"Nevinnomysk"	2	4	6	19694	25971	45665	59360	87284	146644
"2007.12.09"	"Somalia"	"Mogadishu"	1	3	4	19695	25974	45669	59361	87287	146648
"2007.12.09"	"India"	"Ramban"	1	0	1	19696	25974	45670	59362	87287	146649
"2007.12.09"	"Pakistan"	"Swat"	9	8	17	19705	25982	45687	59371	87295	146666
"2007.12.09"	"Iraq"	"Hilla"	6	0	6	19711	25982	45693	59377	87295	146672
"2007.12.09"	"Iraq"	"Mosul"	1	0	1	19712	25982	45694	59378	87295	146673
"2007.12.10"	"Canada"	"Toronto"	1	0	1	19713	25982	45695	59379	87295	146674
"2007.12.10"	"Pakistan"	"Swat"	0	5	5	19713	25987	45700	59379	87300	146679
"2007.12.10"	"Iraq"	"Baghdad"	12	48	60	19725	26035	45760	59391	87348	146739
"2007.12.10"	"Somalia"	"Mogadishu"	2	5	7	19727	26040	45767	59393	87353	146746
"2007.12.11"	"Iraq"	"Baghdad"	7	13	20	19734	26053	45787	59400	87366	146766
"2007.12.11"	"Somalia"	"Hodan"	1	0	1	19735	26053	45788	59401	87366	146767
"2007.12.11"	"Thailand"	"Yala"	1	0	1	19736	26053	45789	59402	87366	146768
"2007.12.11"	"Afghanistan"	"Kandahar"	5	0	5	19741	26053	45794	59407	87366	146773
"2007.12.11"	"Afghanistan"	"Panjwayi"	2	0	2	19743	26053	45796	59409	87366	146775
"2007.12.11"	"Algeria"	"Algiers"	37	100	137	19780	26153	45933	59446	87466	146912
"2007.12.11"	"Iraq"	"Basra"	2	0	2	19782	26153	45935	59448	87466	146914
"2007.12.12"	"Iraq"	"Khanaquin"	4	10	14	19786	26163	45949	59452	87476	146928
"2007.12.12"	"Pakistan"	"North Waziristan"	6	20	26	19792	26183	45975	59458	87496	146954
"2007.12.12"	"Lebanon"	"Baabda"	2	10	12	19794	26193	45987	59460	87506	146966
"2007.12.12"	"Iraq"	"Amarah"	28	135	163	19822	26328	46150	59488	87641	147129
"2007.12.12"	"Iraq"	"Baghdad"	5	13	18	19827	26341	46168	59493	87654	147147
"2007.12.12"	"Iraq"	"Saidiya"	2	0	2	19829	26341	46170	59495	87654	147149
"2007.12.12"	"Thailand"	"Narathiwat"	1	0	1	19830	26341	46171	59496	87654	147150
"2007.12.13"	"Somalia"	"Mogadishu"	11	40	51	19841	26381	46222	59507	87694	147201
"2007.12.13"	"Afghanistan"	"Tirin Kot"	6	6	12	19847	26387	46234	59513	87700	147213
"2007.12.13"	"Pakistan"	"Quetta"	8	18	26	19855	26405	46260	59521	87718	147239
"2007.12.13"	"Afghanistan"	"Uruzgan"	2	0	2	19857	26405	46262	59523	87718	147241
"2007.12.13"	"Iraq"	"Muqdadiyah"	16	0	16	19873	26405	46278	59539	87718	147257
"2007.12.13"	"Iraq"	"Tikrit"	2	0	2	19875	26405	46280	59541	87718	147259
"2007.12.13"	"Iraq"	"Hit"	2	14	16	19877	26419	46296	59543	87732	147275
"2007.12.13"	"Iraq"	"Mosul"	1	0	1	19878	26419	46297	59544	87732	147276
"2007.12.14"	"Algeria"	"Oum El Drou"	5	0	5	19883	26419	46302	59549	87732	147281
"2007.12.14"	"Pal. Auth."	"Gaza"	3	30	33	19886	26449	46335	59552	87762	147314
"2007.12.14"	"Afghanistan"	"Balkh"	3	0	3	19889	26449	46338	59555	87762	147317
"2007.12.15"	"Afghanistan"	"Kabul"	5	2	7	19894	26451	46345	59560	87764	147324
"2007.12.15"	"Pakistan"	"Naushehra"	5	11	16	19899	26462	46361	59565	87775	147340
"2007.12.15"	"Somalia"	"Mogadishu"	2	12	14	19901	26474	46375	59567	87787	147354
"2007.12.15"	"Iraq"	"Baghdad"	6	23	29	19907	26497	46404	59573	87810	147383
"2007.12.16"	"Pakistan"	"Bajaur"	1	3	4	19908	26500	46408	59574	87813	147387
"2007.12.16"	"Thailand"	"Pattani"	1	1	2	19909	26501	46410	59575	87814	147389
"2007.12.16"	"Iraq"	"Mosul"	4	0	4	19913	26501	46414	59579	87814	147393
"2007.12.16"	"Pakistan"	"Khar"	1	0	1	19914	26501	46415	59580	87814	147394
"2007.12.16"	"Afghanistan"	"Khost"	2	0	2	19916	26501	46417	59582	87814	147396
"2007.12.16"	"Turkey"	"Barakli"	0	1	1	19916	26502	46418	59582	87815	147397
"2007.12.17"	"Thailand"	"Yala"	1	0	1	19917	26502	46419	59583	87815	147398
"2007.12.17"	"Somalia"	"Mogadishu"	12	24	36	19929	26526	46455	59595	87839	147434
"2007.12.17"	"Pakistan"	"Banda"	2	6	8	19931	26532	46463	59597	87845	147442
"2007.12.17"	"Afghanistan"	"Ghazni"	2	0	2	19933	26532	46465	59599	87845	147444
"2007.12.17"	"Pakistan"	"Kohat"	12	5	17	19945	26537	46482	59611	87850	147461
"2007.12.17"	"Somalia"	"Mogadishu"	4	4	8	19949	26541	46490	59615	87854	147469
"2007.12.17"	"Afghanistan"	"Uruzgan"	5	0	5	19954	26541	46495	59620	87854	147474
"2007.12.17"	"Iraq"	"Balad Ruz"	7	24	31	19961	26565	46526	59627	87878	147505
"2007.12.18"	"Iraq"	"Muqdadiyah"	26	0	26	19987	26565	46552	59653	87878	147531
"2007.12.18"	"Afghanistan"	"Farah"	15	9	24	20002	26574	46576	59668	87887	147555
"2007.12.18"	"Thailand"	"Yala"	4	0	4	20006	26574	46580	59672	87887	147559
"2007.12.18"	"Iraq"	"Baghdad"	7	12	19	20013	26586	46599	59679	87899	147578
"2007.12.18"	"Iraq"	"Baquba"	2	15	17	20015	26601	46616	59681	87914	147595
"2007.12.18"	"Iraq"	"Mosul"	10	2	12	20025	26603	46628	59691	87916	147607
"2007.12.18"	"Iraq"	"Abbara"	16	28	44	20041	26631	46672	59707	87944	147651
"2007.12.18"	"Philippines"	"Basilan"	2	5	7	20043	26636	46679	59709	87949	147658
"2007.12.19"	"Thailand"	"Pattani"	1	0	1	20044	26636	46680	59710	87949	147659
"2007.12.19"	"Thailand"	"Narathiwat"	3	1	4	20047	26637	46684	59713	87950	147663
"2007.12.20"	"Iraq"	"Kanaan"	12	28	40	20059	26665	46724	59725	87978	147703
"2007.12.20"	"Iraq"	"Baghdad"	3	27	30	20062	26692	46754	59728	88005	147733
"2007.12.21"	"Thailand"	"Yala"	1	0	1	20063	26692	46755	59729	88005	147734
"2007.12.21"	"Pakistan"	"Kanaan"	56	100	156	20119	26792	46911	59785	88105	147890
"2007.12.21"	"Iraq"	"Yusufiya"	5	8	13	20124	26800	46924	59790	88113	147903
"2007.12.21"	"Iraq"	"al-Salam"	1	2	3	20125	26802	46927	59791	88115	147906
"2007.12.21"	"Afghanistan"	"Kandahar"	3	2	5	20128	26804	46932	59794	88117	147911
"2007.12.22"	"Somalia"	"Mogadishu"	5	8	13	20133	26812	46945	59799	88125	147924
"2007.12.22"	"Somalia"	"Baidoa"	1	0	1	20134	26812	46946	59800	88125	147925
"2007.12.22"	"Iraq"	"Baghdad"	4	6	10	20138	26818	46956	59804	88131	147935
"2007.12.23"	"Pakistan"	"Mingora"	14	30	44	20152	26848	47000	59818	88161	147979
"2007.12.23"	"Pakistan"	"Kurrum"	3	0	3	20155	26848	47003	59821	88161	147982
"2007.12.23"	"Iraq"	"Mahmudiya"	6	0	6	20161	26848	47009	59827	88161	147988
"2007.12.23"	"Chechnya"	"Grozny"	1	4	5	20162	26852	47014	59828	88165	147993
"2007.12.23"	"India"	"Kayamkulam"	1	0	1	20163	26852	47015	59829	88165	147994
"2007.12.24"	"Thailand"	"Yala"	1	0	1	20164	26852	47016	59830	88165	147995
"2007.12.24"	"Thailand"	"Yala"	2	0	2	20166	26852	47018	59832	88165	147997
"2007.12.24"	"Iraq"	"Samarra"	2	4	6	20168	26856	47024	59834	88169	148003
"2007.12.24"	"Pakistan"	"Parachinar"	3	24	27	20171	26880	47051	59837	88193	148030
"2007.12.24"	"Somalia"	"Baidoa"	3	7	10	20174	26887	47061	59840	88200	148040
"2007.12.24"	"Mauritania"	"Nouakchott"	4	1	5	20178	26888	47066	59844	88201	148045
"2007.12.25"	"Iraq"	"Baqubah"	10	21	31	20188	26909	47097	59854	88222	148076
"2007.12.25"	"Iraq"	"Baiji"	29	80	109	20217	26989	47206	59883	88302	148185
"2007.12.25"	"Afghanistan"	"Kandahar"	1	4	5	20218	26993	47211	59884	88306	148190
"2007.12.26"	"Thailand"	"Pattani"	3	0	3	20221	26993	47214	59887	88306	148193
"2007.12.26"	"Thailand"	"Narathiwat"	1	0	1	20222	26993	47215	59888	88306	148194
"2007.12.26"	"Pakistan"	"Sadda"	25	26	51	20247	27019	47266	59913	88332	148245
"2007.12.26"	"Iraq"	"Diyala"	17	0	17	20264	27019	47283	59930	88332	148262
"2007.12.26"	"Iraq"	"Mosul"	3	2	5	20267	27021	47288	59933	88334	148267
"2007.12.26"	"Pakistan"	"Kurrum"	32	40	72	20299	27061	47360	59965	88374	148339
"2007.12.27"	"Pakistan"	"Kurram"	27	42	69	20326	27103	47429	59992	88416	148408
"2007.12.27"	"Mauritania"	"El Ghallawiya"	3	0	3	20329	27103	47432	59995	88416	148411
"2007.12.27"	"Somalia"	"Bakara"	1	4	5	20330	27107	47437	59996	88420	148416
"2007.12.27"	"Pakistan"	"Rawalpindi"	23	50	73	20353	27157	47510	60019	88470	148489
"2007.12.27"	"Iraq"	"Baghdad"	2	12	14	20355	27169	47524	60021	88482	148503
"2007.12.28"	"Iraq"	"Baghdad"	14	64	78	20369	27233	47602	60035	88546	148581
"2007.12.28"	"India"	"Poonch"	1	0	1	20370	27233	47603	60036	88546	148582
"2007.12.28"	"Thailand"	"Narathiwat"	1	0	1	20371	27233	47604	60037	88546	148583
"2007.12.28"	"Pakistan"	"Manglore"	4	4	8	20375	27237	47612	60041	88550	148591
"2007.12.28"	"Somalia"	"Siinka Dheer"	2	0	2	20377	27237	47614	60043	88550	148593
"2007.12.28"	"Israel"	"Hebron"	2	1	3	20379	27238	47617	60045	88551	148596
"2007.12.29"	"Somalia"	"Mogadishu"	1	0	1	20380	27238	47618	60046	88551	148597
"2007.12.29"	"Iraq"	"Baghdad"	1	0	1	20381	27238	47619	60047	88551	148598
"2007.12.29"	"Iraq"	"Mosul"	4	11	15	20385	27249	47634	60051	88562	148613
"2007.12.29"	"Afghanistan"	"Wardak"	8	0	8	20393	27249	47642	60059	88562	148621
"2007.12.29"	"Afghanistan"	"Helmand"	2	0	2	20395	27249	47644	60061	88562	148623
"2007.12.29"	"Pakistan"	"Parachinar"	13	9	22	20408	27258	47666	60074	88571	148645
"2007.12.29"	"Afghanistan"	"Kandahar"	16	0	16	20424	27258	47682	60090	88571	148661
"2007.12.30"	"Thailand"	"Yala"	1	0	1	20425	27258	47683	60091	88571	148662
"2007.12.30"	"Iraq"	"Baquba"	3	0	3	20428	27258	47686	60094	88571	148665
"2007.12.30"	"Afghanistan"	"Uruzgan"	4	0	4	20432	27258	47690	60098	88571	148669
"2007.12.30"	"Somalia"	"Mogadishu"	6	1	7	20438	27259	47697	60104	88572	148676
"2007.12.30"	"Somalia"	"Mogadishu"	10	9	19	20448	27268	47716	60114	88581	148695
"2007.12.31"	"Thailand"	"Yala"	1	27	28	20449	27295	47744	60115	88608	148723
"2007.12.31"	"Iraq"	"Maysan"	3	0	3	20452	27295	47747	60118	88608	148726
"2007.12.31"	"Iraq"	"Tarmiya"	12	7	19	20464	27302	47766	60130	88615	148745
"2007.12.31"	"Chechnya"	"Grozny"	2	0	2	20466	27302	47768	60132	88615	148747
"2007.12.31"	"Dagestan"	"Derbent"	1	0	1	20467	27302	47769	60133	88615	148748
"2007.12.31"	"Pakistan"	"Kurram"	11	15	26	20478	27317	47795	60144	88630	148774
"2008.01.01"	"Sudan"	"Khartoum"	2	0	2	2	0	2	60146	88630	148776
"2008.01.01"	"Iraq"	"Tahwelah"	2	0	2	4	0	4	60148	88630	148778
"2008.01.01"	"Iraq"	"Jalawla"	5	0	5	9	0	9	60153	88630	148783
"2008.01.01"	"Iraq"	"Baghdad"	36	38	74	45	38	83	60189	88668	148857
"2008.01.01"	"India"	"Rampur"	7	3	10	52	41	93	60196	88671	148867
"2008.01.01"	"Pakistan"	"Kurram"	2	5	7	54	46	100	60198	88676	148874
"2008.01.01"	"Pakistan"	"Kahna"	2	0	2	56	46	102	60200	88676	148876
"2008.01.01"	"USA"	"Irving"	2	0	2	58	46	104	60202	88676	148878
"2008.01.02"	"Algeria"	"Naciria"	5	20	25	63	66	129	60207	88696	148903
"2008.01.02"	"Iraq"	"Muqdadiyah"	6	3	9	69	69	138	60213	88699	148912
"2008.01.02"	"Afghanistan"	"Kandahar"	2	0	2	71	69	140	60215	88699	148914
"2008.01.02"	"Afghanistan"	"Helmand"	1	1	2	72	70	142	60216	88700	148916
"2008.01.02"	"Iraq"	"Baqubah"	10	28	38	82	98	180	60226	88728	148954
"2008.01.02"	"Pakistan"	"Kurram"	11	13	24	93	111	204	60237	88741	148978
"2008.01.02"	"Somalia"	"Mogadishu"	1	0	1	94	111	205	60238	88741	148979
"2008.01.02"	"Somalia"	"Afgoye"	3	24	27	97	135	232	60241	88765	149006
"2008.01.02"	"Iraq"	"Baghdad"	6	0	6	103	135	238	60247	88765	149012
"2008.01.03"	"Afghanistan"	"Nimroz"	7	12	19	110	147	257	60254	88777	149031
"2008.01.03"	"Iraq"	"Baghdad"	6	11	17	116	158	274	60260	88788	149048
"2008.01.03"	"Iraq"	"Khalis"	6	3	9	122	161	283	60266	88791	149057
"2008.01.03"	"Iraq"	"Basra"	1	0	1	123	161	284	60267	88791	149058
"2008.01.03"	"Thailand"	"Yala"	1	0	1	124	161	285	60268	88791	149059
"2008.01.03"	"Thailand"	"Pattani"	1	3	4	125	164	289	60269	88794	149063
"2008.01.03"	"Thailand"	"Yala"	1	0	1	126	164	290	60270	88794	149064
"2008.01.03"	"Pakistan"	"Kurram"	6	11	17	132	175	307	60276	88805	149081
"2008.01.03"	"India"	"Shopian"	1	0	1	133	175	308	60277	88805	149082
"2008.01.04"	"Thailand"	"Yala"	1	2	3	134	177	311	60278	88807	149085
"2008.01.04"	"Pakistan"	"Kurram"	3	0	3	137	177	314	60281	88807	149088
"2008.01.05"	"Iraq"	"Muqdadiyah"	6	3	9	143	180	323	60287	88810	149097
"2008.01.06"	"Pakistan"	"Wana"	9	8	17	152	188	340	60296	88818	149114
"2008.01.06"	"Pakistan"	"Peshawar"	1	0	1	153	188	341	60297	88818	149115
"2008.01.06"	"Iraq"	"Baghdad"	3	16	19	156	204	360	60300	88834	149134
"2008.01.06"	"Iraq"	"Muqdadiya"	4	0	4	160	204	364	60304	88834	149138
"2008.01.06"	"Iraq"	"Baghdad"	11	17	28	171	221	392	60315	88851	149166
"2008.01.07"	"Iraq"	"Khanaqeen"	6	0	6	177	221	398	60321	88851	149172
"2008.01.07"	"Iraq"	"Baghdad"	18	63	81	195	284	479	60339	88914	149253
"2008.01.07"	"Iraq"	"Hawija"	3	0	3	198	284	482	60342	88914	149256
"2008.01.07"	"Pakistan"	"Chugmalai"	1	3	4	199	287	486	60343	88917	149260
"2008.01.07"	"Afghanistan"	"Helmand"	4	4	8	203	291	494	60347	88921	149268
"2008.01.07"	"Afghanistan"	"Spin Boldak"	1	4	5	204	295	499	60348	88925	149273
"2008.01.08"	"Somalia"	"Dibiyada"	4	7	11	208	302	510	60352	88932	149284
"2008.01.08"	"Iraq"	"Madaen"	2	5	7	210	307	517	60354	88937	149291
"2008.01.09"	"Thailand"	"Yala"	1	0	1	211	307	518	60355	88937	149292
"2008.01.09"	"Philippines"	"Jolo"	2	0	2	213	307	520	60357	88937	149294
"2008.01.09"	"Algeria"	"Ait Yahia"	4	2	6	217	309	526	60361	88939	149300
"2008.01.09"	"Yemen"	"Haidan"	1	0	1	218	309	527	60362	88939	149301
"2008.01.10"	"Yemen"	"Sa'ada"	6	6	12	224	315	539	60368	88945	149313
"2008.01.10"	"Thailand"	"Yala"	3	7	10	227	322	549	60371	88952	149323
"2008.01.10"	"Thailand"	"Narathiwat"	1	0	1	228	322	550	60372	88952	149324
"2008.01.10"	"Pakistan"	"Lahore"	24	80	104	252	402	654	60396	89032	149428
"2008.01.10"	"Iraq"	"Baghdad"	5	13	18	257	415	672	60401	89045	149446
"2008.01.11"	"Iraq"	"Baghdad"	4	8	12	261	423	684	60405	89053	149458
"2008.01.11"	"Somalia"	"Baidoa"	1	0	1	262	423	685	60406	89053	149459
"2008.01.11"	"Pakistan"	"Sheikhupura"	1	0	1	263	423	686	60407	89053	149460
"2008.01.12"	"Somalia"	"Baidoa"	2	0	2	265	423	688	60409	89053	149462
"2008.01.12"	"Thailand"	"Narathiwat"	1	0	1	266	423	689	60410	89053	149463
"2008.01.12"	"Iraq"	"Dhuluiya"	6	0	6	272	423	695	60416	89053	149469
"2008.01.12"	"Iraq"	"Sulaimaniyah"	1	0	1	273	423	696	60417	89053	149470
"2008.01.12"	"Afghanistan"	"Kandahar"	8	0	8	281	423	704	60425	89053	149478
"2008.01.12"	"Afghanistan"	"Helmand"	1	8	9	282	431	713	60426	89061	149487
"2008.01.13"	"Pakistan"	"Mingora"	1	0	1	283	431	714	60427	89061	149488
"2008.01.13"	"Algeria"	"Medea"	3	0	3	286	431	717	60430	89061	149491
"2008.01.13"	"Thailand"	"Yala"	1	0	1	287	431	718	60431	89061	149492
"2008.01.14"	"Afghanistan"	"Kabul"	8	6	14	295	437	732	60439	89067	149506
"2008.01.14"	"Thailand"	"Narathiwat"	8	7	15	303	444	747	60447	89074	149521
"2008.01.14"	"Pakistan"	"Karachi"	11	52	63	314	496	810	60458	89126	149584
"2008.01.14"	"Pakistan"	"Mohmand"	7	12	19	321	508	829	60465	89138	149603
"2008.01.14"	"Iraq"	"Buhriz"	7	3	10	328	511	839	60472	89141	149613
"2008.01.15"	"Israel"	"Ein Hashlosha"	1	0	1	329	511	840	60473	89141	149614
"2008.01.15"	"Lebanon"	"Beirut"	3	21	24	332	532	864	60476	89162	149638
"2008.01.15"	"Philippines"	"Mindanao"	1	0	1	333	532	865	60477	89162	149639
"2008.01.15"	"Somalia"	"Aymiska"	2	0	2	335	532	867	60479	89162	149641
"2008.01.15"	"Somalia"	"Afar-Darjin"	2	4	6	337	536	873	60481	89166	149647
"2008.01.15"	"Thailand"	"Yala"	0	44	44	337	580	917	60481	89210	149691
"2008.01.15"	"Pakistan"	"Sararogha"	22	0	22	359	580	939	60503	89210	149713
"2008.01.16"	"Chechnya"	"Chechnya"	1	6	7	360	586	946	60504	89216	149720
"2008.01.16"	"Somalia"	"Mogadishu"	7	7	14	367	593	960	60511	89223	149734
"2008.01.16"	"Iraq"	"Baghdad"	4	15	19	371	608	979	60515	89238	149753
"2008.01.16"	"Iraq"	"Tuz Khurmato"	2	0	2	373	608	981	60517	89238	149755
"2008.01.16"	"Iraq"	"Baquba"	8	7	15	381	615	996	60525	89245	149770
"2008.01.17"	"Pakistan"	"Peshawar"	10	25	35	391	640	1031	60535	89270	149805
"2008.01.17"	"Pakistan"	"Peshawar"	1	0	1	392	640	1032	60536	89270	149806
"2008.01.17"	"Iraq"	"Mosul"	2	0	2	394	640	1034	60538	89270	149808
"2008.01.17"	"Iraq"	"Baquba"	11	15	26	405	655	1060	60549	89285	149834
"2008.01.18"	"Yemen"	"Hadramout"	4	2	6	409	657	1066	60553	89287	149840
"2008.01.18"	"Thailand"	"Pattani"	1	2	3	410	659	1069	60554	89289	149843
"2008.01.18"	"Iraq"	"Mo'alimeen"	2	4	6	412	663	1075	60556	89293	149849
"2008.01.18"	"Iraq"	"Nassiriya"	80	120	200	492	783	1275	60636	89413	150049
"2008.01.18"	"Iraq"	"Baghdad"	3	2	5	495	785	1280	60639	89415	150054
"2008.01.18"	"Afghanistan"	"Musa Qala"	1	0	1	496	785	1281	60640	89415	150055
"2008.01.19"	"Afghanistan"	"Kandahar"	5	0	5	501	785	1286	60645	89415	150060
"2008.01.19"	"Iraq"	"Ramadi"	7	14	21	508	799	1307	60652	89429	150081
"2008.01.19"	"Iraq"	"Tal Afar"	7	20	27	515	819	1334	60659	89449	150108
"2008.01.19"	"Thailand"	"Yala"	1	0	1	516	819	1335	60660	89449	150109
"2008.01.19"	"Thailand"	"Pattani"	1	0	1	517	819	1336	60661	89449	150110
"2008.01.19"	"Thailand"	"Yala"	1	0	1	518	819	1337	60662	89449	150111
"2008.01.19"	"India"	"Budgam"	1	20	21	519	839	1358	60663	89469	150132
"2008.01.20"	"Thailand"	"Narathiwat"	1	0	1	520	839	1359	60664	89469	150133
"2008.01.20"	"Iraq"	"Balad"	5	20	25	525	859	1384	60669	89489	150158
"2008.01.20"	"Iraq"	"Fallujah"	6	10	16	531	869	1400	60675	89499	150174
"2008.01.20"	"Afghanistan"	"Zabul"	3	0	3	534	869	1403	60678	89499	150177
"2008.01.20"	"Afghanistan"	"Helmand"	6	3	9	540	872	1412	60684	89502	150186
"2008.01.20"	"Chechnya"	"Niki-Khita"	2	0	2	542	872	1414	60686	89502	150188
"2008.01.21"	"Pakistan"	"Seerikh"	1	0	1	543	872	1415	60687	89502	150189
"2008.01.21"	"Thailand"	"Pattani"	2	0	2	545	872	1417	60689	89502	150191
"2008.01.21"	"Thailand"	"Narathiwat"	1	0	1	546	872	1418	60690	89502	150192
"2008.01.21"	"Iraq"	"Qahira"	2	9	11	548	881	1429	60692	89511	150203
"2008.01.21"	"Iraq"	"Kalar"	2	0	2	550	881	1431	60694	89511	150205
"2008.01.21"	"Iraq"	"Tikrit"	18	22	40	568	903	1471	60712	89533	150245
"2008.01.22"	"Pakistan"	"Razmak"	2	10	12	570	913	1483	60714	89543	150257
"2008.01.22"	"Philippines"	"Tawi-Tawi"	1	0	1	571	913	1484	60715	89543	150258
"2008.01.22"	"Pakistan"	"Ladha"	5	7	12	576	920	1496	60720	89550	150270
"2008.01.22"	"Thailand"	"Pattani"	1	0	1	577	920	1497	60721	89550	150271
"2008.01.22"	"Ingushetia"	"Nazran"	2	3	5	579	923	1502	60723	89553	150276
"2008.01.22"	"Somalia"	"Mogadishu"	2	1	3	581	924	1505	60725	89554	150279
"2008.01.22"	"Pakistan"	"Nawaz Kot"	1	2	3	582	926	1508	60726	89556	150282
"2008.01.22"	"Sudan"	"Sureif Judad"	21	0	21	603	926	1529	60747	89556	150303
"2008.01.23"	"India"	"Doda"	1	0	1	604	926	1530	60748	89556	150304
"2008.01.23"	"Chechnya"	"Grozny"	1	1	2	605	927	1532	60749	89557	150306
"2008.01.23"	"Thailand"	"Yala"	3	0	3	608	927	1535	60752	89557	150309
"2008.01.23"	"Iraq"	"Kirkuk"	7	16	23	615	943	1558	60759	89573	150332
"2008.01.23"	"Iraq"	"Mosul"	60	224	284	675	1167	1842	60819	89797	150616
"2008.01.23"	"Iraq"	"Buhriz"	7	0	7	682	1167	1849	60826	89797	150623
"2008.01.23"	"Iraq"	"Baquba"	1	21	22	683	1188	1871	60827	89818	150645
"2008.01.23"	"Somalia"	"Mogadishu"	1	2	3	684	1190	1874	60828	89820	150648
"2008.01.23"	"Pakistan"	"Karkhano"	1	1	2	685	1191	1876	60829	89821	150650
"2008.01.24"	"Turkey"	"Gaziantep"	1	0	1	686	1191	1877	60830	89821	150651
"2008.01.24"	"Somalia"	"Baidoa"	2	1	3	688	1192	1880	60832	89822	150654
"2008.01.24"	"Iraq"	"Mosul"	3	10	13	691	1202	1893	60835	89832	150667
"2008.01.24"	"Pakistan"	"Swat"	3	2	5	694	1204	1898	60838	89834	150672
"2008.01.24"	"Thailand"	"Pattani"	1	0	1	695	1204	1899	60839	89834	150673
"2008.01.25"	"Pakistan"	"South Waziristan"	2	7	9	697	1211	1908	60841	89841	150682
"2008.01.25"	"Thailand"	"Pattani"	3	0	3	700	1211	1911	60844	89841	150685
"2008.01.25"	"Israel"	"Jerusalem"	1	6	7	701	1217	1918	60845	89847	150692
"2008.01.25"	"Somalia"	"Mogadishu"	3	9	12	704	1226	1930	60848	89856	150704
"2008.01.25"	"Lebanon"	"Beirut"	4	38	42	708	1264	1972	60852	89894	150746
"2008.01.25"	"Thailand"	"Pattani"	1	0	1	709	1264	1973	60853	89894	150747
"2008.01.26"	"Thailand"	"Yala"	1	0	1	710	1264	1974	60854	89894	150748
"2008.01.26"	"Thailand"	"Narathiwat"	1	1	2	711	1265	1976	60855	89895	150750
"2008.01.26"	"Pakistan"	"Khwezai"	1	0	1	712	1265	1977	60856	89895	150751
"2008.01.26"	"Somalia"	"Mogadishu"	3	0	3	715	1265	1980	60859	89895	150754
"2008.01.26"	"Jordan"	"Jerash"	1	0	1	716	1265	1981	60860	89895	150755
"2008.01.27"	"Pakistan"	"Orakzai"	3	2	5	719	1267	1986	60863	89897	150760
"2008.01.27"	"Pakistan"	"Makin"	3	0	3	722	1267	1989	60866	89897	150763
"2008.01.27"	"Somalia"	"Mogadishu"	2	3	5	724	1270	1994	60868	89900	150768
"2008.01.27"	"Thailand"	"Pattani"	1	0	1	725	1270	1995	60869	89900	150769
"2008.01.27"	"Thailand"	"Pattani"	1	1	2	726	1271	1997	60870	89901	150771
"2008.01.27"	"Afghanistan"	"Helmand"	2	3	5	728	1274	2002	60872	89904	150776
"2008.01.27"	"Iraq"	"Talibiya"	4	0	4	732	1274	2006	60876	89904	150780
"2008.01.27"	"Somalia"	"Mogadishu"	2	2	4	734	1276	2010	60878	89906	150784
"2008.01.28"	"Somalia"	"Mogadishu"	2	9	11	736	1285	2021	60880	89915	150795
"2008.01.28"	"India"	"Handwara"	1	0	1	737	1285	2022	60881	89915	150796
"2008.01.28"	"Somalia"	"Kismayu"	4	0	4	741	1285	2026	60885	89915	150800
"2008.01.28"	"Pakistan"	"Swat"	1	0	1	742	1285	2027	60886	89915	150801
"2008.01.28"	"India"	"Tenkasi"	1	0	1	743	1285	2028	60887	89915	150802
"2008.01.28"	"Iraq"	"Baghdad"	3	10	13	746	1295	2041	60890	89925	150815
"2008.01.29"	"Pakistan"	"Punjab"	1	0	1	747	1295	2042	60891	89925	150816
"2008.01.29"	"Iraq"	"Baghdad"	2	5	7	749	1300	2049	60893	89930	150823
"2008.01.29"	"Pakistan"	"Razmak"	3	4	7	752	1304	2056	60896	89934	150830
"2008.01.29"	"Iraq"	"Muqdadiyah"	19	0	19	771	1304	2075	60915	89934	150849
"2008.01.29"	"Iraq"	"Duluiya"	3	2	5	774	1306	2080	60918	89936	150854
"2008.01.29"	"Afghanistan"	"Kandahar"	3	5	8	777	1311	2088	60921	89941	150862
"2008.01.29"	"Iraq"	"Saidiyah"	5	2	7	782	1313	2095	60926	89943	150869
"2008.01.29"	"Pakistan"	"FATA"	1	0	1	783	1313	2096	60927	89943	150870
"2008.01.29"	"Algeria"	"Thenia"	4	20	24	787	1333	2120	60931	89963	150894
"2008.01.30"	"Thailand"	"Pattani"	1	0	1	788	1333	2121	60932	89963	150895
"2008.01.30"	"Iraq"	"Baghdad"	1	3	4	789	1336	2125	60933	89966	150899
"2008.01.30"	"Pakistan"	"NWFP"	13	0	13	802	1336	2138	60946	89966	150912
"2008.01.30"	"Thailand"	"Yala"	2	0	2	804	1336	2140	60948	89966	150914
"2008.01.30"	"Philippines"	"Zamboanga"	1	1	2	805	1337	2142	60949	89967	150916
"2008.01.30"	"Iraq"	"Tuz Khormatu"	2	0	2	807	1337	2144	60951	89967	150918
"2008.01.31"	"Somalia"	"Mogadishu"	3	1	4	810	1338	2148	60954	89968	150922
"2008.01.31"	"Iraq"	"Baghdad"	11	18	29	821	1356	2177	60965	89986	150951
"2008.01.31"	"Afghanistan"	"Lashkar Gah"	5	18	23	826	1374	2200	60970	90004	150974
"2008.01.31"	"Afghanistan"	"Kabul"	1	4	5	827	1378	2205	60971	90008	150979
"2008.01.31"	"Afghanistan"	"Nuristan"	4	0	4	831	1378	2209	60975	90008	150983
"2008.01.31"	"Somalia"	"Mogadishu"	1	0	1	832	1378	2210	60976	90008	150984
"2008.02.01"	"Iraq"	"Baghdad"	99	196	295	931	1574	2505	61075	90204	151279
"2008.02.01"	"Thailand"	"Narathiwat"	2	0	2	933	1574	2507	61077	90204	151281
"2008.02.01"	"Iraq"	"Kut"	2	4	6	935	1578	2513	61079	90208	151287
"2008.02.01"	"Iraq"	"Mosul"	1	0	1	936	1578	2514	61080	90208	151288
"2008.02.01"	"Pakistan"	"Mir Ali"	5	8	13	941	1586	2527	61085	90216	151301
"2008.02.01"	"Mauritania"	"Nouakchott"	0	3	3	941	1589	2530	61085	90219	151304
"2008.02.01"	"Bangladesh"	"Cinatuly"	1	0	1	942	1589	2531	61086	90219	151305
"2008.02.02"	"India"	"Poonch"	2	1	3	944	1590	2534	61088	90220	151308
"2008.02.02"	"Iraq"	"Mosul"	4	9	13	948	1599	2547	61092	90229	151321
"2008.02.02"	"Thailand"	"Yala"	1	0	1	949	1599	2548	61093	90229	151322
"2008.02.03"	"Somalia"	"Mogadishu"	8	9	17	957	1608	2565	61101	90238	151339
"2008.02.03"	"Iraq"	"Baquba"	4	0	4	961	1608	2569	61105	90238	151343
"2008.02.03"	"Sweden"	"Malmo"	1	0	1	962	1608	2570	61106	90238	151344
"2008.02.04"	"Afghanistan"	"Helmand"	5	1	6	967	1609	2576	61111	90239	151350
"2008.02.04"	"Iraq"	"Abu Saida"	2	1	3	969	1610	2579	61113	90240	151353
"2008.02.04"	"Thailand"	"Yala"	1	0	1	970	1610	2580	61114	90240	151354
"2008.02.04"	"Pakistan"	"Sukkur"	1	0	1	971	1610	2581	61115	90240	151355
"2008.02.04"	"Pakistan"	"Rawalpindi"	8	25	33	979	1635	2614	61123	90265	151388
"2008.02.04"	"Israel"	"Dimona"	1	11	12	980	1646	2626	61124	90276	151400
"2008.02.04"	"Thailand"	"Pattani"	1	12	13	981	1658	2639	61125	90288	151413
"2008.02.05"	"Somalia"	"Bossaso"	25	90	115	1006	1748	2754	61150	90378	151528
"2008.02.05"	"Somalia"	"Mogadishu"	4	9	13	1010	1757	2767	61154	90387	151541
"2008.02.05"	"Afghanistan"	"Kandahar"	2	0	2	1012	1757	2769	61156	90387	151543
"2008.02.05"	"Bangladesh"	"Rangpur"	1	0	1	1013	1757	2770	61157	90387	151544
"2008.02.05"	"Iraq"	"Samarrah"	55	0	55	1068	1757	2825	61212	90387	151599
"2008.02.05"	"Iraq"	"Hillah"	1	0	1	1069	1757	2826	61213	90387	151600
"2008.02.05"	"Iraq"	"Samarrah"	1	0	1	1070	1757	2827	61214	90387	151601
"2008.02.05"	"Iraq"	"Fallujah"	5	4	9	1075	1761	2836	61219	90391	151610
"2008.02.06"	"Pakistan"	"Khyber"	1	2	3	1076	1763	2839	61220	90393	151613
"2008.02.06"	"Iraq"	"Diwaniya"	4	9	13	1080	1772	2852	61224	90402	151626
"2008.02.06"	"Iraq"	"Muqdadiyah"	10	0	10	1090	1772	2862	61234	90402	151636
"2008.02.06"	"Iraq"	"Kirkuk"	2	9	11	1092	1781	2873	61236	90411	151647
"2008.02.06"	"Thailand"	"Yala"	1	0	1	1093	1781	2874	61237	90411	151648
"2008.02.07"	"Thailand"	"Narathiwat"	1	0	1	1094	1781	2875	61238	90411	151649
"2008.02.07"	"Iraq"	"Baghdad"	11	18	29	1105	1799	2904	61249	90429	151678
"2008.02.07"	"Iraq"	"Muradiyah"	4	9	13	1109	1808	2917	61253	90438	151691
"2008.02.08"	"India"	"Poonch"	1	0	1	1110	1808	2918	61254	90438	151692
"2008.02.08"	"Sudan"	"Abu Surouj"	200	0	200	1310	1808	3118	61454	90438	151892
"2008.02.08"	"Afghanistan"	"Ghazni"	2	7	9	1312	1815	3127	61456	90445	151901
"2008.02.08"	"Iraq"	"Baquba"	13	0	13	1325	1815	3140	61469	90445	151914
"2008.02.08"	"Algeria"	"Boukalfa"	1	1	2	1326	1816	3142	61470	90446	151916
"2008.02.08"	"Algeria"	"Ain R'Ghiya"	8	0	8	1334	1816	3150	61478	90446	151924
"2008.02.09"	"Afghanistan"	"Nawa"	4	0	4	1338	1816	3154	61482	90446	151928
"2008.02.09"	"Somalia"	"Mogadishu"	2	0	2	1340	1816	3156	61484	90446	151930
"2008.02.09"	"Thailand"	"Yala"	2	0	2	1342	1816	3158	61486	90446	151932
"2008.02.09"	"Thailand"	"Yala"	1	0	1	1343	1816	3159	61487	90446	151933
"2008.02.09"	"Nigeria"	"Kano"	3	20	23	1346	1836	3182	61490	90466	151956
"2008.02.09"	"Pakistan"	"Charsadda"	27	50	77	1373	1886	3259	61517	90516	152033
"2008.02.09"	"Iraq"	"Baghdad"	26	0	26	1399	1886	3285	61543	90516	152059
"2008.02.09"	"Somalia"	"Hiiraan"	5	9	14	1404	1895	3299	61548	90525	152073
"2008.02.10"	"Thailand"	"Narathiwat"	1	1	2	1405	1896	3301	61549	90526	152075
"2008.02.10"	"Afghanistan"	"Herat"	1	2	3	1406	1898	3304	61550	90528	152078
"2008.02.10"	"Somalia"	"Baidoa"	1	0	1	1407	1898	3305	61551	90528	152079
"2008.02.10"	"Iraq"	"Tal Abta"	12	7	19	1419	1905	3324	61563	90535	152098
"2008.02.10"	"Iraq"	"Albo Efan"	3	7	10	1422	1912	3334	61566	90542	152108
"2008.02.10"	"Iraq"	"Yathrib"	33	51	84	1455	1963	3418	61599	90593	152192
"2008.02.11"	"Iraq"	"Baghdad"	19	45	64	1474	2008	3482	61618	90638	152256
"2008.02.11"	"Pakistan"	"Mir Ali"	10	13	23	1484	2021	3505	61628	90651	152279
"2008.02.12"	"Thailand"	"Narathiwat"	2	0	2	1486	2021	3507	61630	90651	152281
"2008.02.12"	"Iraq"	"Muqdadiyah"	20	0	20	1506	2021	3527	61650	90651	152301
"2008.02.12"	"Iraq"	"Baquba"	4	3	7	1510	2024	3534	61654	90654	152308
"2008.02.13"	"Afghanistan"	"Helmand"	3	4	7	1513	2028	3541	61657	90658	152315
"2008.02.13"	"Afghanistan"	"Khost"	4	1	5	1517	2029	3546	61661	90659	152320
"2008.02.13"	"Pakistan"	"Swat"	2	3	5	1519	2032	3551	61663	90662	152325
"2008.02.13"	"Iraq"	"Saadiya"	5	2	7	1524	2034	3558	61668	90664	152332
"2008.02.13"	"Iraq"	"Zafariyah"	1	1	2	1525	2035	3560	61669	90665	152334
"2008.02.13"	"Somalia"	"Hegan"	1	0	1	1526	2035	3561	61670	90665	152335
"2008.02.14"	"Algeria"	"Boumerdes"	1	0	1	1527	2035	3562	61671	90665	152336
"2008.02.14"	"Pakistan"	"Bajaur"	3	3	6	1530	2038	3568	61674	90668	152342
"2008.02.14"	"Thailand"	"Narathiwat"	2	1	3	1532	2039	3571	61676	90669	152345
"2008.02.14"	"Thailand"	"Yala"	1	0	1	1533	2039	3572	61677	90669	152346
"2008.02.14"	"Somalia"	"Mogadishu"	1	4	5	1534	2043	3577	61678	90673	152351
"2008.02.14"	"Iraq"	"Awja"	9	0	9	1543	2043	3586	61687	90673	152360
"2008.02.14"	"Iraq"	"Baghdad"	7	36	43	1550	2079	3629	61694	90709	152403
"2008.02.15"	"Pakistan"	"Peshawar"	1	1	2	1551	2080	3631	61695	90710	152405
"2008.02.15"	"Afghanistan"	"Nimroz"	4	2	6	1555	2082	3637	61699	90712	152411
"2008.02.15"	"Iraq"	"Tal Afar"	4	17	21	1559	2099	3658	61703	90729	152432
"2008.02.15"	"Algeria"	"Bouyara"	3	5	8	1562	2104	3666	61706	90734	152440
"2008.02.16"	"Algeria"	"Tadmait"	3	0	3	1565	2104	3669	61709	90734	152443
"2008.02.16"	"Iraq"	"Ramadi"	5	0	5	1570	2104	3674	61714	90734	152448
"2008.02.16"	"Somalia"	"Yaqshid"	1	0	1	1571	2104	3675	61715	90734	152449
"2008.02.16"	"Algeria"	"Tizi Ouzou"	1	4	5	1572	2108	3680	61716	90738	152454
"2008.02.16"	"Pakistan"	"Swat"	2	14	16	1574	2122	3696	61718	90752	152470
"2008.02.16"	"Afghanistan"	"Arghandab"	101	75	176	1675	2197	3872	61819	90827	152646
"2008.02.16"	"Thailand"	"Narathiwat"	1	0	1	1676	2197	3873	61820	90827	152647
"2008.02.16"	"Thailand"	"Pattani"	1	0	1	1677	2197	3874	61821	90827	152648
"2008.02.16"	"Thailand"	"Pattani"	1	2	3	1678	2199	3877	61822	90829	152651
"2008.02.16"	"Pakistan"	"Parachinar"	47	110	157	1725	2309	4034	61869	90939	152808
"2008.02.17"	"Iran"	"Zahedan"	1	0	1	1726	2309	4035	61870	90939	152809
"2008.02.17"	"Somalia"	"Mogadishu"	1	0	1	1727	2309	4036	61871	90939	152810
"2008.02.17"	"Iraq"	"Mosul"	4	2	6	1731	2311	4042	61875	90941	152816
"2008.02.17"	"Iraq"	"Baghdad"	3	12	15	1734	2323	4057	61878	90953	152831
"2008.02.18"	"Afghanistan"	"Spin Boldak"	38	36	74	1772	2359	4131	61916	90989	152905
"2008.02.18"	"Iraq"	"Hit"	2	1	3	1774	2360	4134	61918	90990	152908
"2008.02.18"	"Iraq"	"Mosul"	3	4	7	1777	2364	4141	61921	90994	152915
"2008.02.18"	"Iraq"	"Baghdad"	5	14	19	1782	2378	4160	61926	91008	152934
"2008.02.18"	"Iraq"	"Sheikh"	4	0	4	1786	2378	4164	61930	91008	152938
"2008.02.18"	"Somalia"	"Dhobley"	3	5	8	1789	2383	4172	61933	91013	152946
"2008.02.18"	"Sudan"	"Jebel Moon"	11	0	11	1800	2383	4183	61944	91013	152957
"2008.02.19"	"Iraq"	"Baghdad"	6	3	9	1806	2386	4192	61950	91016	152966
"2008.02.19"	"Iraq"	"Baquba"	4	0	4	1810	2386	4196	61954	91016	152970
"2008.02.19"	"Pal. Auth."	"Khan Yunis"	1	2	3	1811	2388	4199	61955	91018	152973
"2008.02.19"	"Somalia"	"Mogadishu"	6	0	6	1817	2388	4205	61961	91018	152979
"2008.02.19"	"Afghanistan"	"Kandahar"	1	1	2	1818	2389	4207	61962	91019	152981
"2008.02.19"	"Thailand"	"Pattani"	1	1	2	1819	2390	4209	61963	91020	152983
"2008.02.20"	"Somalia"	"Baidoa"	2	0	2	1821	2390	4211	61965	91020	152985
"2008.02.20"	"Iraq"	"Mosul"	5	4	9	1826	2394	4220	61970	91024	152994
"2008.02.20"	"Iraq"	"Muqdadiyah"	7	20	27	1833	2414	4247	61977	91044	153021
"2008.02.20"	"Iraq"	"Balad"	3	7	10	1836	2421	4257	61980	91051	153031
"2008.02.20"	"Iraq"	"Tal Afar"	2	8	10	1838	2429	4267	61982	91059	153041
"2008.02.21"	"Afghanistan"	"Helmand"	1	4	5	1839	2433	4272	61983	91063	153046
"2008.02.21"	"Somalia"	"Afgoi"	1	0	1	1840	2433	4273	61984	91063	153047
"2008.02.21"	"Iraq"	"Baquba"	24	0	24	1864	2433	4297	62008	91063	153071
"2008.02.22"	"Afghanistan"	"Khost"	3	0	3	1867	2433	4300	62011	91063	153074
"2008.02.22"	"Pakistan"	"Swat"	13	14	27	1880	2447	4327	62024	91077	153101
"2008.02.22"	"Thailand"	"Narathiwat"	0	22	22	1880	2469	4349	62024	91099	153123
"2008.02.22"	"Iraq"	"Garma"	2	3	5	1882	2472	4354	62026	91102	153128
"2008.02.22"	"Iraq"	"Tikrit"	3	8	11	1885	2480	4365	62029	91110	153139
"2008.02.22"	"Iraq"	"Baghdad"	8	15	23	1893	2495	4388	62037	91125	153162
"2008.02.22"	"Iraq"	"Fallujah"	6	9	15	1899	2504	4403	62043	91134	153177
"2008.02.23"	"Somalia"	"Mogadishu"	4	0	4	1903	2504	4407	62047	91134	153181
"2008.02.23"	"Afghanistan"	"Kunar"	7	0	7	1910	2504	4414	62054	91134	153188
"2008.02.23"	"Afghanistan"	"Zabul"	1	0	1	1911	2504	4415	62055	91134	153189
"2008.02.23"	"Somalia"	"Mogadishu"	3	5	8	1914	2509	4423	62058	91139	153197
"2008.02.23"	"Iraq"	"al-Saqlawiyah"	6	2	8	1920	2511	4431	62064	91141	153205
"2008.02.23"	"Iraq"	"Baiji"	1	1	2	1921	2512	4433	62065	91142	153207
"2008.02.24"	"Algeria"	"Tablat"	1	2	3	1922	2514	4436	62066	91144	153210
"2008.02.24"	"Iraq"	"Iskandariyah"	63	68	131	1985	2582	4567	62129	91212	153341
"2008.02.24"	"Pakistan"	"Qadirabad"	3	5	8	1988	2587	4575	62132	91217	153349
"2008.02.24"	"Afghanistan"	"Garmabak"	3	2	5	1991	2589	4580	62135	91219	153354
"2008.02.24"	"Iraq"	"Baghdad"	3	49	52	1994	2638	4632	62138	91268	153406
"2008.02.24"	"Iraq"	"Mosul"	2	3	5	1996	2641	4637	62140	91271	153411
"2008.02.24"	"Somalia"	"Dinsoor"	18	8	26	2014	2649	4663	62158	91279	153437
"2008.02.25"	"Pakistan"	"Mingora"	1	0	1	2015	2649	4664	62159	91279	153438
"2008.02.25"	"Somalia"	"Mogadishu"	1	0	1	2016	2649	4665	62160	91279	153439
"2008.02.25"	"Pakistan"	"Mansehra"	5	10	15	2021	2659	4680	62165	91289	153454
"2008.02.25"	"Pakistan"	"Rawalpindi"	8	35	43	2029	2694	4723	62173	91324	153497
"2008.02.25"	"Iraq"	"Mosul"	7	7	14	2036	2701	4737	62180	91331	153511
"2008.02.25"	"Iraq"	"Haruja"	8	0	8	2044	2701	4745	62188	91331	153519
"2008.02.25"	"Iraq"	"Samarra"	3	8	11	2047	2709	4756	62191	91339	153530
"2008.02.25"	"Iraq"	"Baghdad"	4	15	19	2051	2724	4775	62195	91354	153549
"2008.02.25"	"Afghanistan"	"Helmand"	5	1	6	2056	2725	4781	62200	91355	153555
"2008.02.26"	"Somalia"	"Dusamareb"	1	0	1	2057	2725	4782	62201	91355	153556
"2008.02.26"	"Iraq"	"Mosul"	8	8	16	2065	2733	4798	62209	91363	153572
"2008.02.26"	"Afghanistan"	"Khost"	6	0	6	2071	2733	4804	62215	91363	153578
"2008.02.26"	"Pakistan"	"Peshawar"	1	0	1	2072	2733	4805	62216	91363	153579
"2008.02.26"	"Afghanistan"	"Kandahar"	2	0	2	2074	2733	4807	62218	91363	153581
"2008.02.27"	"Iraq"	"Hamdaniyah"	1	0	1	2075	2733	4808	62219	91363	153582
"2008.02.27"	"Iraq"	"Mosul"	2	1	3	2077	2734	4811	62221	91364	153585
"2008.02.27"	"India"	"Pulwama"	2	1	3	2079	2735	4814	62223	91365	153588
"2008.02.27"	"Afghanistan"	"Kandahar"	2	6	8	2081	2741	4822	62225	91371	153596
"2008.02.27"	"Thailand"	"Yala"	1	4	5	2082	2745	4827	62226	91375	153601
"2008.02.27"	"Thailand"	"Narathiwat"	1	0	1	2083	2745	4828	62227	91375	153602
"2008.02.27"	"Israel"	"Sderot"	1	1	2	2084	2746	4830	62228	91376	153604
"2008.02.28"	"Iraq"	"Mosul"	2	0	2	2086	2746	4832	62230	91376	153606
"2008.02.28"	"Germany"	"Odenwald"	3	0	3	2089	2746	4835	62233	91376	153609
"2008.02.29"	"Pakistan"	"Lahore"	1	0	1	2090	2746	4836	62234	91376	153610
"2008.02.29"	"Somalia"	"Mogadishu"	13	40	53	2103	2786	4889	62247	91416	153663
"2008.02.29"	"Pakistan"	"Lakky Marwat"	4	2	6	2107	2788	4895	62251	91418	153669
"2008.02.29"	"Thailand"	"Narathiwat"	2	0	2	2109	2788	4897	62253	91418	153671
"2008.02.29"	"Pakistan"	"Swat"	42	50	92	2151	2838	4989	62295	91468	153763
"2008.02.29"	"Iraq"	"Mosul"	2	0	2	2153	2838	4991	62297	91468	153765
"2008.02.29"	"Iraq"	"Mosul"	3	0	3	2156	2838	4994	62300	91468	153768
"2008.03.01"	"Pakistan"	"Khar"	2	21	23	2158	2859	5017	62302	91489	153791
"2008.03.01"	"Afghanistan"	"Khost"	3	4	7	2161	2863	5024	62305	91493	153798
"2008.03.01"	"Iraq"	"Baghdad"	5	12	17	2166	2875	5041	62310	91505	153815
"2008.03.01"	"Pakistan"	"Langnar"	1	0	1	2167	2875	5042	62311	91505	153816
"2008.03.01"	"Somalia"	"Mogadishu"	2	0	2	2169	2875	5044	62313	91505	153818
"2008.03.02"	"Algeria"	"Tizi Ouzou"	1	0	1	2170	2875	5045	62314	91505	153819
"2008.03.02"	"Thailand"	"Yala"	1	0	1	2171	2875	5046	62315	91505	153820
"2008.03.02"	"Afghanistan"	"Zhob"	4	11	15	2175	2886	5061	62319	91516	153835
"2008.03.02"	"Pakistan"	"Peshawar"	42	58	100	2217	2944	5161	62361	91574	153935
"2008.03.02"	"Iraq"	"Samarra"	8	30	38	2225	2974	5199	62369	91604	153973
"2008.03.02"	"Iraq"	"Baquba"	6	4	10	2231	2978	5209	62375	91608	153983
"2008.03.02"	"India"	"Warpora"	1	0	1	2232	2978	5210	62376	91608	153984
"2008.03.02"	"Jordan"	"al-Azraq"	2	0	2	2234	2978	5212	62378	91608	153986
"2008.03.03"	"Afghanistan"	"Khost"	4	4	8	2238	2982	5220	62382	91612	153994
"2008.03.03"	"Pakistan"	"Bara"	13	15	28	2251	2997	5248	62395	91627	154022
"2008.03.03"	"Iraq"	"Sammara"	14	0	14	2265	2997	5262	62409	91627	154036
"2008.03.03"	"Iraq"	"Ghadeer"	4	10	14	2269	3007	5276	62413	91637	154050
"2008.03.03"	"Iraq"	"Samarra"	7	9	16	2276	3016	5292	62420	91646	154066
"2008.03.03"	"Iraq"	"Baghdad"	22	43	65	2298	3059	5357	62442	91689	154131
"2008.03.04"	"India"	"Shopian"	2	5	7	2300	3064	5364	62444	91694	154138
"2008.03.04"	"Afghanistan"	"Tani"	1	5	6	2301	3069	5370	62445	91699	154144
"2008.03.04"	"Iraq"	"Huwaish"	6	10	16	2307	3079	5386	62451	91709	154160
"2008.03.04"	"Pakistan"	"Khankhel"	1	0	1	2308	3079	5387	62452	91709	154161
"2008.03.04"	"Pakistan"	"Lahore"	6	24	30	2314	3103	5417	62458	91733	154191
"2008.03.05"	"Algeria"	"Jijel"	3	0	3	2317	3103	5420	62461	91733	154194
"2008.03.05"	"Thailand"	"Pattani"	1	4	5	2318	3107	5425	62462	91737	154199
"2008.03.05"	"Iraq"	"Kirkuk"	1	0	1	2319	3107	5426	62463	91737	154200
"2008.03.06"	"Iraq"	"Mosul"	4	0	4	2323	3107	5430	62467	91737	154204
"2008.03.06"	"Iraq"	"Iskandariya"	2	0	2	2325	3107	5432	62469	91737	154206
"2008.03.06"	"Somalia"	"Gobale"	4	3	7	2329	3110	5439	62473	91740	154213
"2008.03.06"	"India"	"Reasi"	3	8	11	2332	3118	5450	62476	91748	154224
"2008.03.06"	"Israel"	"Jerusalem"	8	10	18	2340	3128	5468	62484	91758	154242
"2008.03.06"	"Iraq"	"Baghdad"	68	131	199	2408	3259	5667	62552	91889	154441
"2008.03.06"	"Somalia"	"Mogadishu"	5	5	10	2413	3264	5677	62557	91894	154451
"2008.03.06"	"Israel"	"Garara"	2	2	4	2415	3266	5681	62559	91896	154455
"2008.03.07"	"Iraq"	"Mosul"	4	19	23	2419	3285	5704	62563	91915	154478
"2008.03.07"	"Thailand"	"Yala"	2	0	2	2421	3285	5706	62565	91915	154480
"2008.03.08"	"Afghanistan"	"Helmand"	3	1	4	2424	3286	5710	62568	91916	154484
"2008.03.08"	"Iraq"	"Wajihiya"	3	2	5	2427	3288	5715	62571	91918	154489
"2008.03.09"	"Chechnya"	"Troitskaya"	1	0	1	2428	3288	5716	62572	91918	154490
"2008.03.09"	"Somalia"	"Hiiraan"	10	8	18	2438	3296	5734	62582	91926	154508
"2008.03.10"	"Afghanistan"	"Badghis"	1	0	1	2439	3296	5735	62583	91926	154509
"2008.03.10"	"Iraq"	"Baghdad"	6	9	15	2445	3305	5750	62589	91935	154524
"2008.03.10"	"Iraq"	"Suleimaniyah"	3	30	33	2448	3335	5783	62592	91965	154557
"2008.03.10"	"Iraq"	"Kanaan"	3	2	5	2451	3337	5788	62595	91967	154562
"2008.03.10"	"England"	"Liverpool"	1	0	1	2452	3337	5789	62596	91967	154563
"2008.03.11"	"Thailand"	"Yala"	1	0	1	2453	3337	5790	62597	91967	154564
"2008.03.11"	"Somalia"	"Mogadishu"	2	0	2	2455	3337	5792	62599	91967	154566
"2008.03.11"	"Thailand"	"Pattani"	1	1	2	2456	3338	5794	62600	91968	154568
"2008.03.11"	"Pakistan"	"Lahore"	35	150	185	2491	3488	5979	62635	92118	154753
"2008.03.11"	"Iraq"	"Duluiya"	7	33	40	2498	3521	6019	62642	92151	154793
"2008.03.11"	"Iraq"	"Nasariya"	16	13	29	2514	3534	6048	62658	92164	154822
"2008.03.11"	"Pakistan"	"Bajaur"	11	13	24	2525	3547	6072	62669	92177	154846
"2008.03.11"	"Afghanistan"	"Kandahar"	4	11	15	2529	3558	6087	62673	92188	154861
"2008.03.12"	"Afghanistan"	"Kandahar"	1	4	5	2530	3562	6092	62674	92192	154866
"2008.03.12"	"Iraq"	"Benazid"	5	0	5	2535	3562	6097	62679	92192	154871
"2008.03.12"	"Iraq"	"Baghdad"	2	10	12	2537	3572	6109	62681	92202	154883
"2008.03.12"	"Pakistan"	"Swat"	2	2	4	2539	3574	6113	62683	92204	154887
"2008.03.13"	"Pakistan"	"Terak"	1	0	1	2540	3574	6114	62684	92204	154888
"2008.03.13"	"Iraq"	"Zab"	3	9	12	2543	3583	6126	62687	92213	154900
"2008.03.13"	"Iraq"	"Baghdad"	11	57	68	2554	3640	6194	62698	92270	154968
"2008.03.13"	"Somalia"	"Bossaso"	1	0	1	2555	3640	6195	62699	92270	154969
"2008.03.13"	"Afghanistan"	"Saydabad"	1	4	5	2556	3644	6200	62700	92274	154974
"2008.03.13"	"Afghanistan"	"Kabul"	6	20	26	2562	3664	6226	62706	92294	155000
"2008.03.13"	"Iraq"	"Mosul"	1	0	1	2563	3664	6227	62707	92294	155001
"2008.03.13"	"Somalia"	"Bur Haqaba"	3	0	3	2566	3664	6230	62710	92294	155004
"2008.03.13"	"Somalia"	"Mogadishu"	2	2	4	2568	3666	6234	62712	92296	155008
"2008.03.14"	"Pakistan"	"Swat"	1	0	1	2569	3666	6235	62713	92296	155009
"2008.03.14"	"Somalia"	"Mogadishu"	3	4	7	2572	3670	6242	62716	92300	155016
"2008.03.14"	"Pakistan"	"Sham"	1	0	1	2573	3670	6243	62717	92300	155017
"2008.03.14"	"Somalia"	"Mogadishu"	2	5	7	2575	3675	6250	62719	92305	155024
"2008.03.14"	"Iraq"	"Baghdad"	8	24	32	2583	3699	6282	62727	92329	155056
"2008.03.15"	"Afghanistan"	"Khost"	2	3	5	2585	3702	6287	62729	92332	155061
"2008.03.15"	"Thailand"	"Pattani"	2	14	16	2587	3716	6303	62731	92346	155077
"2008.03.15"	"Iraq"	"Hilla"	1	8	9	2588	3724	6312	62732	92354	155086
"2008.03.15"	"Pakistan"	"Islamabad"	1	15	16	2589	3739	6328	62733	92369	155102
"2008.03.15"	"Thailand"	"Pattani"	1	4	5	2590	3743	6333	62734	92373	155107
"2008.03.16"	"Algeria"	"Jijel"	3	17	20	2593	3760	6353	62737	92390	155127
"2008.03.16"	"Pakistan"	"Mardan"	1	8	9	2594	3768	6362	62738	92398	155136
"2008.03.16"	"Algeria"	"Kadiria"	1	2	3	2595	3770	6365	62739	92400	155139
"2008.03.16"	"Algeria"	"al-Wadi"	2	0	2	2597	3770	6367	62741	92400	155141
"2008.03.16"	"Philippines"	"Jolo"	1	0	1	2598	3770	6368	62742	92400	155142
"2008.03.16"	"Iraq"	"Basra"	1	0	1	2599	3770	6369	62743	92400	155143
"2008.03.17"	"Kosovo"	"Mitrovica"	2	130	132	2601	3900	6501	62745	92530	155275
"2008.03.17"	"Afghanistan"	"Girishk"	7	11	18	2608	3911	6519	62752	92541	155293
"2008.03.17"	"Iraq"	"Baghdad"	3	11	14	2611	3922	6533	62755	92552	155307
"2008.03.17"	"Iraq"	"Baghdad"	5	11	16	2616	3933	6549	62760	92563	155323
"2008.03.17"	"Pakistan"	"Swat"	2	3	5	2618	3936	6554	62762	92566	155328
"2008.03.17"	"Iraq"	"Karbala"	43	73	116	2661	4009	6670	62805	92639	155444
"2008.03.17"	"Thailand"	"Yala"	2	0	2	2663	4009	6672	62807	92639	155446
"2008.03.17"	"Thailand"	"Yala"	0	8	8	2663	4017	6680	62807	92647	155454
"2008.03.18"	"Yemen"	"Sanaa"	2	19	21	2665	4036	6701	62809	92666	155475
"2008.03.18"	"Israel"	"Jerusalem"	0	1	1	2665	4037	6702	62809	92667	155476
"2008.03.18"	"Iraq"	"Baghdad"	10	74	84	2675	4111	6786	62819	92741	155560
"2008.03.18"	"Canada"	"Toronto"	1	0	1	2676	4111	6787	62820	92741	155561
"2008.03.19"	"India"	"Srinagar"	1	16	17	2677	4127	6804	62821	92757	155578
"2008.03.19"	"Thailand"	"Yala"	2	0	2	2679	4127	6806	62823	92757	155580
"2008.03.19"	"Thailand"	"Yala"	1	0	1	2680	4127	6807	62824	92757	155581
"2008.03.19"	"Thailand"	"Yala"	1	0	1	2681	4127	6808	62825	92757	155582
"2008.03.19"	"Iraq"	"Balad Ruz"	5	16	21	2686	4143	6829	62830	92773	155603
"2008.03.20"	"Iraq"	"Mosul"	2	7	9	2688	4150	6838	62832	92780	155612
"2008.03.20"	"Thailand"	"Pattani"	1	0	1	2689	4150	6839	62833	92780	155613
"2008.03.20"	"India"	"Gawari"	2	0	2	2691	4150	6841	62835	92780	155615
"2008.03.20"	"Pakistan"	"Wana"	5	9	14	2696	4159	6855	62840	92789	155629
"2008.03.20"	"Somalia"	"Mogadishu"	7	20	27	2703	4179	6882	62847	92809	155656
"2008.03.21"	"India"	"Kupwara"	1	0	1	2704	4179	6883	62848	92809	155657
"2008.03.21"	"Afghanistan"	"Kabul"	2	4	6	2706	4183	6889	62850	92813	155663
"2008.03.21"	"Iraq"	"Mosul"	1	0	1	2707	4183	6890	62851	92813	155664
"2008.03.21"	"Afghanistan"	"Kanduz"	1	0	1	2708	4183	6891	62852	92813	155665
"2008.03.22"	"Iraq"	"Latifiya"	1	0	1	2709	4183	6892	62853	92813	155666
"2008.03.22"	"India"	"Bakhna"	1	0	1	2710	4183	6893	62854	92813	155667
"2008.03.22"	"Afghanistan"	"Jawzjan"	1	0	1	2711	4183	6894	62855	92813	155668
"2008.03.22"	"Afghanistan"	"Kunar"	1	0	1	2712	4183	6895	62856	92813	155669
"2008.03.22"	"Pakistan"	"Hangu"	4	25	29	2716	4208	6924	62860	92838	155698
"2008.03.23"	"Iraq"	"Baqubah"	2	2	4	2718	4210	6928	62862	92840	155702
"2008.03.23"	"India"	"Srinagar"	4	3	7	2722	4213	6935	62866	92843	155709
"2008.03.23"	"Pakistan"	"Torkham"	2	50	52	2724	4263	6987	62868	92893	155761
"2008.03.23"	"Somalia"	"Mogadishu"	1	0	1	2725	4263	6988	62869	92893	155762
"2008.03.23"	"Iraq"	"Samarra"	5	11	16	2730	4274	7004	62874	92904	155778
"2008.03.23"	"Iraq"	"Mosul"	15	45	60	2745	4319	7064	62889	92949	155838
"2008.03.23"	"Iraq"	"Baghdad"	22	34	56	2767	4353	7120	62911	92983	155894
"2008.03.23"	"Afghanistan"	"Jawzjan"	5	7	12	2772	4360	7132	62916	92990	155906
"2008.03.24"	"Somalia"	"Mogadishu"	4	0	4	2776	4360	7136	62920	92990	155910
"2008.03.24"	"Thailand"	"Yala"	1	0	1	2777	4360	7137	62921	92990	155911
"2008.03.24"	"Iraq"	"Baghdad"	2	0	2	2779	4360	7139	62923	92990	155913
"2008.03.24"	"Afghanistan"	"Herat"	6	0	6	2785	4360	7145	62929	92990	155919
"2008.03.24"	"Chechnya"	"Alleroi"	2	0	2	2787	4360	7147	62931	92990	155921
"2008.03.24"	"Pakistan"	"North Waziristan"	1	0	1	2788	4360	7148	62932	92990	155922
"2008.03.24"	"Afghanistan"	"Kunduz"	2	0	2	2790	4360	7150	62934	92990	155924
"2008.03.25"	"Pakistan"	"Bajaur"	1	0	1	2791	4360	7151	62935	92990	155925
"2008.03.25"	"Pakistan"	"Swat"	2	0	2	2793	4360	7153	62937	92990	155927
"2008.03.25"	"Pakistan"	"Swat"	2	1	3	2795	4361	7156	62939	92991	155930
"2008.03.25"	"Iraq"	"Basra"	31	88	119	2826	4449	7275	62970	93079	156049
"2008.03.26"	"Somalia"	"Jowhar"	7	0	7	2833	4449	7282	62977	93079	156056
"2008.03.26"	"Afghanistan"	"Helmand"	8	17	25	2841	4466	7307	62985	93096	156081
"2008.03.26"	"Afghanistan"	"Helmand"	1	2	3	2842	4468	7310	62986	93098	156084
"2008.03.27"	"Pakistan"	"Karachi"	2	0	2	2844	4468	7312	62988	93098	156086
"2008.03.27"	"Pakistan"	"Kohat"	50	0	50	2894	4468	7362	63038	93098	156136
"2008.03.27"	"Thailand"	"Yala"	0	8	8	2894	4476	7370	63038	93106	156144
"2008.03.27"	"Pakistan"	"Kurram"	7	1	8	2901	4477	7378	63045	93107	156152
"2008.03.27"	"Iraq"	"Baghdad"	5	21	26	2906	4498	7404	63050	93128	156178
"2008.03.27"	"Iraq"	"Baiji"	1	5	6	2907	4503	7410	63051	93133	156184
"2008.03.27"	"Iraq"	"Diyala"	37	0	37	2944	4503	7447	63088	93133	156221
"2008.03.27"	"Iraq"	"Samarra"	2	2	4	2946	4505	7451	63090	93135	156225
"2008.03.27"	"Iran"	"Ahwazi"	7	0	7	2953	4505	7458	63097	93135	156232
"2008.03.28"	"Iraq"	"Baghdad"	2	6	8	2955	4511	7466	63099	93141	156240
"2008.03.28"	"Thailand"	"Pattani"	1	0	1	2956	4511	7467	63100	93141	156241
"2008.03.28"	"Afghanistan"	"Nimroz"	2	2	4	2958	4513	7471	63102	93143	156245
"2008.03.28"	"Iraq"	"Basra"	1	0	1	2959	4513	7472	63103	93143	156246
"2008.03.29"	"Afghanistan"	"Girishk"	2	8	10	2961	4521	7482	63105	93151	156256
"2008.03.29"	"Iraq"	"Bani Saad"	3	0	3	2964	4521	7485	63108	93151	156259
"2008.03.30"	"Iraq"	"Baghdad"	1	0	1	2965	4521	7486	63109	93151	156260
"2008.03.30"	"Thailand"	"Yala"	2	0	2	2967	4521	7488	63111	93151	156262
"2008.03.30"	"Iraq"	"Muqdadiyah"	14	0	14	2981	4521	7502	63125	93151	156276
"2008.03.30"	"Iraq"	"Baghdad"	6	21	27	2987	4542	7529	63131	93172	156303
"2008.03.30"	"Iraq"	"Baiji"	7	8	15	2994	4550	7544	63138	93180	156318
"2008.03.31"	"Pakistan"	"Nowshera"	2	0	2	2996	4550	7546	63140	93180	156320
"2008.03.31"	"Somalia"	"Mogadishu"	1	0	1	2997	4550	7547	63141	93180	156321
"2008.03.31"	"Somalia"	"Bule Burte"	12	0	12	3009	4550	7559	63153	93180	156333
"2008.03.31"	"Iraq"	"Latifiya"	6	0	6	3015	4550	7565	63159	93180	156339
"2008.04.01"	"Pakistan"	"Matta"	2	6	8	3017	4556	7573	63161	93186	156347
"2008.04.01"	"Iraq"	"Sammara"	12	0	12	3029	4556	7585	63173	93186	156359
"2008.04.01"	"Afghanistan"	"Nimroz"	2	5	7	3031	4561	7592	63175	93191	156366
"2008.04.02"	"Iraq"	"Muqdadiyah"	11	5	16	3042	4566	7608	63186	93196	156382
"2008.04.02"	"Iraq"	"Mahmudiya"	1	1	2	3043	4567	7610	63187	93197	156384
"2008.04.02"	"Iraq"	"Baghdad"	6	24	30	3049	4591	7640	63193	93221	156414
"2008.04.02"	"Somalia"	"Qansah Dhere"	3	8	11	3052	4599	7651	63196	93229	156425
"2008.04.02"	"India"	"Kupwara"	1	0	1	3053	4599	7652	63197	93229	156426
"2008.04.03"	"Afghanistan"	"Kunar"	1	0	1	3054	4599	7653	63198	93229	156427
"2008.04.03"	"Thailand"	"Songkhla"	1	0	1	3055	4599	7654	63199	93229	156428
"2008.04.03"	"Iraq"	"Samarra"	5	0	5	3060	4599	7659	63204	93229	156433
"2008.04.03"	"Iraq"	"Mosul"	5	17	22	3065	4616	7681	63209	93246	156455
"2008.04.04"	"India"	"Kupwara"	2	0	2	3067	4616	7683	63211	93246	156457
"2008.04.04"	"Somalia"	"Mogadishu"	5	4	9	3072	4620	7692	63216	93250	156466
"2008.04.04"	"Afghanistan"	"Lashkar Gah"	4	8	12	3076	4628	7704	63220	93258	156478
"2008.04.04"	"Iraq"	"Hilla"	7	3	10	3083	4631	7714	63227	93261	156488
"2008.04.04"	"Iraq"	"Hamrin"	9	30	39	3092	4661	7753	63236	93291	156527
"2008.04.05"	"Somalia"	"Mogadishu"	3	3	6	3095	4664	7759	63239	93294	156533
"2008.04.05"	"Pakistan"	"Kurrum"	2	26	28	3097	4690	7787	63241	93320	156561
"2008.04.05"	"Iraq"	"Karradah"	1	0	1	3098	4690	7788	63242	93320	156562
"2008.04.05"	"Yemen"	"Sanaa"	1	7	8	3099	4697	7796	63243	93327	156570
"2008.04.05"	"Iraq"	"Baghdad"	3	16	19	3102	4713	7815	63246	93343	156589
"2008.04.05"	"Iraq"	"Khaneqin"	8	1	9	3110	4714	7824	63254	93344	156598
"2008.04.05"	"Pal. Auth."	"Gaza"	1	1	2	3111	4715	7826	63255	93345	156600
"2008.04.05"	"Algeria"	"Djebel Sbaa"	1	1	2	3112	4716	7828	63256	93346	156602
"2008.04.06"	"Thailand"	"Narathiwat"	1	0	1	3113	4716	7829	63257	93346	156603
"2008.04.06"	"Somalia"	"Mogadishu"	7	14	21	3120	4730	7850	63264	93360	156624
"2008.04.06"	"Somalia"	"Afgoye"	2	3	5	3122	4733	7855	63266	93363	156629
"2008.04.06"	"Pakistan"	"Peshawar"	3	18	21	3125	4751	7876	63269	93381	156650
"2008.04.06"	"Iraq"	"Samarra"	7	0	7	3132	4751	7883	63276	93381	156657
"2008.04.06"	"Iraq"	"Kirkuk"	1	0	1	3133	4751	7884	63277	93381	156658
"2008.04.07"	"Sudan"	"Darfur"	14	38	52	3147	4789	7936	63291	93419	156710
"2008.04.07"	"Afghanistan"	"Helmand"	2	6	8	3149	4795	7944	63293	93425	156718
"2008.04.07"	"Afghanistan"	"Herat"	2	1	3	3151	4796	7947	63295	93426	156721
"2008.04.07"	"Somalia"	"Baidoa"	13	12	25	3164	4808	7972	63308	93438	156746
"2008.04.07"	"Afghanistan"	"Kandahar"	7	2	9	3171	4810	7981	63315	93440	156755
"2008.04.08"	"Somalia"	"Mogadishu"	2	9	11	3173	4819	7992	63317	93449	156766
"2008.04.08"	"Pakistan"	"Karachi"	1	0	1	3174	4819	7993	63318	93449	156767
"2008.04.08"	"Iraq"	"Balad Ruz"	7	10	17	3181	4829	8010	63325	93459	156784
"2008.04.08"	"Iraq"	"Baquba"	4	0	4	3185	4829	8014	63329	93459	156788
"2008.04.08"	"Afghanistan"	"Helmand"	1	2	3	3186	4831	8017	63330	93461	156791
"2008.04.08"	"Pakistan"	"Hangu"	2	4	6	3188	4835	8023	63332	93465	156797
"2008.04.08"	"Afghanistan"	"Zabul"	17	16	33	3205	4851	8056	63349	93481	156830
"2008.04.09"	"Somalia"	"Mogadishu"	5	4	9	3210	4855	8065	63354	93485	156839
"2008.04.09"	"Turkey"	"Ankara"	3	0	3	3213	4855	8068	63357	93485	156842
"2008.04.09"	"Pakistan"	"Kurram"	1	6	7	3214	4861	8075	63358	93491	156849
"2008.04.09"	"Thailand"	"Pattani"	1	0	1	3215	4861	8076	63359	93491	156850
"2008.04.09"	"Israel"	"Nahal Oz"	2	2	4	3217	4863	8080	63361	93493	156854
"2008.04.09"	"Iraq"	"Baghdad"	7	27	34	3224	4890	8114	63368	93520	156888
"2008.04.09"	"Iraq"	"Mosul"	4	18	22	3228	4908	8136	63372	93538	156910
"2008.04.09"	"Iraq"	"Dhuluiya"	5	0	5	3233	4908	8141	63377	93538	156915
"2008.04.10"	"Afghanistan"	"Kandahar"	8	20	28	3241	4928	8169	63385	93558	156943
"2008.04.10"	"Iraq"	"Mahmoudiya"	33	0	33	3274	4928	8202	63418	93558	156976
"2008.04.10"	"Iraq"	"Mosul"	4	25	29	3278	4953	8231	63422	93583	157005
"2008.04.11"	"Pakistan"	"Charsadda"	1	0	1	3279	4953	8232	63423	93583	157006
"2008.04.11"	"Iraq"	"Ramadi"	3	5	8	3282	4958	8240	63426	93588	157014
"2008.04.11"	"Iraq"	"Baiji"	2	13	15	3284	4971	8255	63428	93601	157029
"2008.04.11"	"Pakistan"	"Chinar Chowk"	2	3	5	3286	4974	8260	63430	93604	157034
"2008.04.11"	"Pakistan"	"Kurram"	2	2	4	3288	4976	8264	63432	93606	157038
"2008.04.12"	"Pakistan"	"Kurram"	8	10	18	3296	4986	8282	63440	93616	157056
"2008.04.12"	"Afghanistan"	"Helmand"	4	7	11	3300	4993	8293	63444	93623	157067
"2008.04.12"	"Afghanistan"	"Maiwand"	4	0	4	3304	4993	8297	63448	93623	157071
"2008.04.12"	"Afghanistan"	"Nimroz"	4	3	7	3308	4996	8304	63452	93626	157078
"2008.04.13"	"Iraq"	"Mosul"	3	10	13	3311	5006	8317	63455	93636	157091
"2008.04.13"	"Ingushetia"	"Karabulak"	1	0	1	3312	5006	8318	63456	93636	157092
"2008.04.13"	"Afghanistan"	"Khost"	3	4	7	3315	5010	8325	63459	93640	157099
"2008.04.14"	"Pakistan"	"Parachinar"	7	68	75	3322	5078	8400	63466	93708	157174
"2008.04.14"	"Afghanistan"	"Arghandab"	11	1	12	3333	5079	8412	63477	93709	157186
"2008.04.14"	"Somalia"	"Merka"	4	12	16	3337	5091	8428	63481	93721	157202
"2008.04.14"	"Somalia"	"Belet Weyne"	4	0	4	3341	5091	8432	63485	93721	157206
"2008.04.14"	"Iraq"	"Sinjar"	12	15	27	3353	5106	8459	63497	93736	157233
"2008.04.14"	"Iraq"	"Baghdad"	7	17	24	3360	5123	8483	63504	93753	157257
"2008.04.14"	"Iraq"	"Tal Afar"	4	14	18	3364	5137	8501	63508	93767	157275
"2008.04.15"	"India"	"Ramban"	1	0	1	3365	5137	8502	63509	93767	157276
"2008.04.15"	"Pakistan"	"Parachinar"	1	6	7	3366	5143	8509	63510	93773	157283
"2008.04.15"	"Iraq"	"Karbala"	5	2	7	3371	5145	8516	63515	93775	157290
"2008.04.15"	"Iraq"	"Al-Doum"	5	6	11	3376	5151	8527	63520	93781	157301
"2008.04.15"	"Iraq"	"Baghdad"	11	19	30	3387	5170	8557	63531	93800	157331
"2008.04.15"	"Iraq"	"Mosul"	9	20	29	3396	5190	8586	63540	93820	157360
"2008.04.15"	"Iraq"	"Baqubah"	40	80	120	3436	5270	8706	63580	93900	157480
"2008.04.15"	"Iraq"	"Ramadi"	13	20	33	3449	5290	8739	63593	93920	157513
"2008.04.15"	"Afghanistan"	"Spin Boldak"	2	3	5	3451	5293	8744	63595	93923	157518
"2008.04.16"	"Pakistan"	"Khyber"	20	15	35	3471	5308	8779	63615	93938	157553
"2008.04.16"	"Thailand"	"Pattani"	1	0	1	3472	5308	8780	63616	93938	157554
"2008.04.16"	"Yemen"	"Marib"	4	3	7	3476	5311	8787	63620	93941	157561
"2008.04.16"	"Afghanistan"	"Zabul"	1	0	1	3477	5311	8788	63621	93941	157562
"2008.04.16"	"Iraq"	"Muqdadiyah"	2	5	7	3479	5316	8795	63623	93946	157569
"2008.04.17"	"India"	"Doda"	1	0	1	3480	5316	8796	63624	93946	157570
"2008.04.17"	"Afghanistan"	"Zarang"	23	31	54	3503	5347	8850	63647	93977	157624
"2008.04.17"	"Thailand"	"Yala"	1	0	1	3504	5347	8851	63648	93977	157625
"2008.04.17"	"Somalia"	"Mogadishu"	3	0	3	3507	5347	8854	63651	93977	157628
"2008.04.17"	"Thailand"	"Yala"	1	0	1	3508	5347	8855	63652	93977	157629
"2008.04.17"	"Thailand"	"Pattani"	1	0	1	3509	5347	8856	63653	93977	157630
"2008.04.17"	"Iraq"	"Mahmudiya"	51	0	51	3560	5347	8907	63704	93977	157681
"2008.04.17"	"Iraq"	"Tuz Khormato"	51	55	106	3611	5402	9013	63755	94032	157787
"2008.04.17"	"Pakistan"	"Baytha"	1	0	1	3612	5402	9014	63756	94032	157788
"2008.04.18"	"Afghanistan"	"Uruzgan"	2	2	4	3614	5404	9018	63758	94034	157792
"2008.04.18"	"Pakistan"	"Parachinar"	4	0	4	3618	5404	9022	63762	94034	157796
"2008.04.18"	"Afghanistan"	"Logar"	3	1	4	3621	5405	9026	63765	94035	157800
"2008.04.18"	"Yemen"	"Saada"	3	6	9	3624	5411	9035	63768	94041	157809
"2008.04.19"	"Iraq"	"Diwaniyah"	16	0	16	3640	5411	9051	63784	94041	157825
"2008.04.19"	"Iraq"	"Baqubah"	1	3	4	3641	5414	9055	63785	94044	157829
"2008.04.19"	"Afghanistan"	"Zabul"	3	1	4	3644	5415	9059	63788	94045	157833
"2008.04.19"	"Somalia"	"Mogadishu"	8	12	20	3652	5427	9079	63796	94057	157853
"2008.04.19"	"Thailand"	"Narathiwat"	1	1	2	3653	5428	9081	63797	94058	157855
"2008.04.20"	"Afghanistan"	"Kunar"	1	5	6	3654	5433	9087	63798	94063	157861
"2008.04.20"	"Somalia"	"Mogadishu"	1	4	5	3655	5437	9092	63799	94067	157866
"2008.04.20"	"Thailand"	"Narathiwat"	2	1	3	3657	5438	9095	63801	94068	157869
"2008.04.20"	"Iraq"	"Diyala"	47	0	47	3704	5438	9142	63848	94068	157916
"2008.04.20"	"Iraq"	"Rashad"	2	0	2	3706	5438	9144	63850	94068	157918
"2008.04.20"	"Iraq"	"Sinjar"	2	0	2	3708	5438	9146	63852	94068	157920
"2008.04.20"	"Pakistan"	"Hub"	3	1	4	3711	5439	9150	63855	94069	157924
"2008.04.20"	"Lebanon"	"Zahle"	2	0	2	3713	5439	9152	63857	94069	157926
"2008.04.20"	"Thailand"	"Narathiwat"	1	5	6	3714	5444	9158	63858	94074	157932
"2008.04.21"	"Somalia"	"Baidoa"	1	0	1	3715	5444	9159	63859	94074	157933
"2008.04.21"	"Somalia"	"Guda"	4	7	11	3719	5451	9170	63863	94081	157944
"2008.04.21"	"Pakistan"	"Jamrud"	2	5	7	3721	5456	9177	63865	94086	157951
"2008.04.21"	"Iraq"	"Baqubah"	4	5	9	3725	5461	9186	63869	94091	157960
"2008.04.21"	"Iraq"	"Mosul"	3	0	3	3728	5461	9189	63872	94091	157963
"2008.04.21"	"Afghanistan"	"Kandahar"	6	0	6	3734	5461	9195	63878	94091	157969
"2008.04.22"	"Iraq"	"Ramadi"	2	29	31	3736	5490	9226	63880	94120	158000
"2008.04.22"	"Iraq"	"Baghdad"	6	10	16	3742	5500	9242	63886	94130	158016
"2008.04.22"	"Iraq"	"Jalawla"	8	17	25	3750	5517	9267	63894	94147	158041
"2008.04.22"	"Thailand"	"Yala"	1	0	1	3751	5517	9268	63895	94147	158042
"2008.04.23"	"Afghanistan"	"Kunar"	5	7	12	3756	5524	9280	63900	94154	158054
"2008.04.23"	"Afghanistan"	"Helmand"	2	3	5	3758	5527	9285	63902	94157	158059
"2008.04.23"	"Afghanistan"	"Spin Boldak"	3	14	17	3761	5541	9302	63905	94171	158076
"2008.04.23"	"Thailand"	"Pattani"	1	0	1	3762	5541	9303	63906	94171	158077
"2008.04.23"	"Iraq"	"Mosul"	4	9	13	3766	5550	9316	63910	94180	158090
"2008.04.23"	"Iraq"	"Tikrit"	2	0	2	3768	5550	9318	63912	94180	158092
"2008.04.24"	"Pakistan"	"Miranshah"	1	0	1	3769	5550	9319	63913	94180	158093
"2008.04.24"	"Thailand"	"Pattani"	5	1	6	3774	5551	9325	63918	94181	158099
"2008.04.24"	"Iraq"	"Baghdad"	3	15	18	3777	5566	9343	63921	94196	158117
"2008.04.24"	"Iraq"	"Kirkuk"	3	0	3	3780	5566	9346	63924	94196	158120
"2008.04.25"	"Israel"	"Nitzanei Oz"	2	0	2	3782	5566	9348	63926	94196	158122
"2008.04.25"	"Pakistan"	"Mardan"	5	30	35	3787	5596	9383	63931	94226	158157
"2008.04.25"	"Iraq"	"Basra"	12	31	43	3799	5627	9426	63943	94257	158200
"2008.04.25"	"Afghanistan"	"Kabul"	3	4	7	3802	5631	9433	63946	94261	158207
"2008.04.25"	"Pakistan"	"Hub"	3	8	11	3805	5639	9444	63949	94269	158218
"2008.04.26"	"Pakistan"	"Dadukhel"	4	10	14	3809	5649	9458	63953	94279	158232
"2008.04.26"	"Iraq"	"Baghdad"	3	18	21	3812	5667	9479	63956	94297	158253
"2008.04.26"	"Iraq"	"Mosul"	9	11	20	3821	5678	9499	63965	94308	158273
"2008.04.27"	"Thailand"	"Narathiwat"	2	0	2	3823	5678	9501	63967	94308	158275
"2008.04.27"	"Iraq"	"al-Guba"	50	0	50	3873	5678	9551	64017	94308	158325
"2008.04.27"	"Iraq"	"Baghdad"	3	9	12	3876	5687	9563	64020	94317	158337
"2008.04.27"	"Iraq"	"Samarra"	1	4	5	3877	5691	9568	64021	94321	158342
"2008.04.27"	"Afghanistan"	"Kabul"	3	10	13	3880	5701	9581	64024	94331	158355
"2008.04.27"	"Somalia"	"Mogadishu"	7	2	9	3887	5703	9590	64031	94333	158364
"2008.04.27"	"Somalia"	"Mogadishu"	3	0	3	3890	5703	9593	64034	94333	158367
"2008.04.28"	"Somalia"	"Baidoa"	6	2	8	3896	5705	9601	64040	94335	158375
"2008.04.28"	"Iraq"	"Baghdad"	2	4	6	3898	5709	9607	64042	94339	158381
"2008.04.28"	"Pakistan"	"Waziristan"	1	0	1	3899	5709	9608	64043	94339	158382
"2008.04.29"	"Pakistan"	"Kohat"	3	3	6	3902	5712	9614	64046	94342	158388
"2008.04.29"	"Iraq"	"Kirkuk"	4	15	19	3906	5727	9633	64050	94357	158407
"2008.04.29"	"Iraq"	"Diyala"	6	0	6	3912	5727	9639	64056	94357	158413
"2008.04.29"	"Iraq"	"Baquba"	3	16	19	3915	5743	9658	64059	94373	158432
"2008.04.29"	"Afghanistan"	"Khogyani"	18	14	32	3933	5757	9690	64077	94387	158464
"2008.04.29"	"Somalia"	"Hiraan"	1	0	1	3934	5757	9691	64078	94387	158465
"2008.04.29"	"Sudan"	"Helf"	1	1	2	3935	5758	9693	64079	94388	158467
"2008.04.30"	"Somalia"	"Mogadishu"	17	9	26	3952	5767	9719	64096	94397	158493
"2008.04.30"	"Iraq"	"Tikrit"	2	0	2	3954	5767	9721	64098	94397	158495
"2008.04.30"	"Thailand"	"Pattani"	1	1	2	3955	5768	9723	64099	94398	158497
"2008.04.30"	"Thailand"	"Pattani"	3	5	8	3958	5773	9731	64102	94403	158505
"2008.05.01"	"Iraq"	"Balad Ruz"	35	76	111	3993	5849	9842	64137	94479	158616
"2008.05.01"	"Afghanistan"	"Spin Boldak"	8	6	14	4001	5855	9856	64145	94485	158630
"2008.05.01"	"Iraq"	"Baghdad"	9	23	32	4010	5878	9888	64154	94508	158662
"2008.05.01"	"Pakistan"	"Bara"	0	31	31	4010	5909	9919	64154	94539	158693
"2008.05.02"	"Indonesia"	"Horale"	3	0	3	4013	5909	9922	64157	94539	158696
"2008.05.02"	"Yemen"	"Saada"	9	38	47	4022	5947	9969	64166	94577	158743
"2008.05.02"	"Yemen"	"Saada"	3	0	3	4025	5947	9972	64169	94577	158746
"2008.05.02"	"Thailand"	"Pattani"	1	1	2	4026	5948	9974	64170	94578	158748
"2008.05.03"	"Thailand"	"Yala"	1	0	1	4027	5948	9975	64171	94578	158749
"2008.05.03"	"Iraq"	"Shirqat"	1	2	3	4028	5950	9978	64172	94580	158752
"2008.05.03"	"Iraq"	"Baghdad"	2	7	9	4030	5957	9987	64174	94587	158761
"2008.05.04"	"India"	"Kishtwar"	2	0	2	4032	5957	9989	64176	94587	158763
"2008.05.04"	"Iraq"	"Balad"	2	0	2	4034	5957	9991	64178	94587	158765
"2008.05.04"	"Iraq"	"Mosul"	5	4	9	4039	5961	10000	64183	94591	158774
"2008.05.04"	"Chechnya"	"Grozny"	6	2	8	4045	5963	10008	64189	94593	158782
"2008.05.04"	"Sudan"	"Shugag Karo"	11	5	16	4056	5968	10024	64200	94598	158798
"2008.05.04"	"Sudan"	"Al-Ain"	3	0	3	4059	5968	10027	64203	94598	158801
"2008.05.04"	"Pakistan"	"Hafizabad"	1	0	1	4060	5968	10028	64204	94598	158802
"2008.05.05"	"Iraq"	"Balad Ruz"	10	13	23	4070	5981	10051	64214	94611	158825
"2008.05.05"	"Iraq"	"Mosul"	3	2	5	4073	5983	10056	64217	94613	158830
"2008.05.05"	"Pakistan"	"Matta"	2	0	2	4075	5983	10058	64219	94613	158832
"2008.05.05"	"Thailand"	"Narathiwat"	0	12	12	4075	5995	10070	64219	94625	158844
"2008.05.06"	"Pakistan"	"Bannu"	3	4	7	4078	5999	10077	64222	94629	158851
"2008.05.06"	"Iraq"	"Tikrit"	4	27	31	4082	6026	10108	64226	94656	158882
"2008.05.07"	"Jordan"	"Amman"	1	0	1	4083	6026	10109	64227	94656	158883
"2008.05.07"	"Afghanistan"	"Khost"	4	2	6	4087	6028	10115	64231	94658	158889
"2008.05.07"	"Thailand"	"Yala"	1	0	1	4088	6028	10116	64232	94658	158890
"2008.05.07"	"Somalia"	"Mogadishu"	5	1	6	4093	6029	10122	64237	94659	158896
"2008.05.07"	"Iraq"	"Yusufiya"	1	0	1	4094	6029	10123	64238	94659	158897
"2008.05.07"	"Somalia"	"Mogadishu"	13	0	13	4107	6029	10136	64251	94659	158910
"2008.05.07"	"Philippines"	"Midsayap"	3	10	13	4110	6039	10149	64254	94669	158923
"2008.05.08"	"Iraq"	"Ramadi"	4	8	12	4114	6047	10161	64258	94677	158935
"2008.05.08"	"Pakistan"	"Swat"	1	1	2	4115	6048	10163	64259	94678	158937
"2008.05.08"	"Iraq"	"Baghdad"	10	25	35	4125	6073	10198	64269	94703	158972
"2008.05.09"	"Pakistan"	"Kabbal"	1	2	3	4126	6075	10201	64270	94705	158975
"2008.05.09"	"Somalia"	"Mogadishu"	2	13	15	4128	6088	10216	64272	94718	158990
"2008.05.09"	"Israel"	"Kfar Aza"	1	1	2	4129	6089	10218	64273	94719	158992
"2008.05.10"	"Pakistan"	"Dera Ismail Khan"	3	0	3	4132	6089	10221	64276	94719	158995
"2008.05.10"	"Lebanon"	"Beirut"	2	0	2	4134	6089	10223	64278	94719	158997
"2008.05.10"	"Iraq"	"Basra"	2	5	7	4136	6094	10230	64280	94724	159004
"2008.05.11"	"Dagestan"	"Makhachkala"	1	0	1	4137	6094	10231	64281	94724	159005
"2008.05.11"	"Algeria"	"Medea"	6	0	6	4143	6094	10237	64287	94724	159011
"2008.05.11"	"India"	"Samba"	6	5	11	4149	6099	10248	64293	94729	159022
"2008.05.12"	"Israel"	"Moshav Yesha"	1	0	1	4150	6099	10249	64294	94729	159023
"2008.05.12"	"Thailand"	"Narathiwat"	2	0	2	4152	6099	10251	64296	94729	159025
"2008.05.12"	"Thailand"	"Pattani"	3	0	3	4155	6099	10254	64299	94729	159028
"2008.05.12"	"Algeria"	"Bouira"	3	0	3	4158	6099	10257	64302	94729	159031
"2008.05.13"	"India"	"Jaipur"	63	216	279	4221	6315	10536	64365	94945	159310
"2008.05.13"	"Iraq"	"Mosul"	5	4	9	4226	6319	10545	64370	94949	159319
"2008.05.13"	"Iraq"	"Nassiriya"	1	3	4	4227	6322	10549	64371	94952	159323
"2008.05.13"	"Afghanistan"	"Helmand"	2	6	8	4229	6328	10557	64373	94958	159331
"2008.05.13"	"Afghanistan"	"Kunduz"	1	0	1	4230	6328	10558	64374	94958	159332
"2008.05.13"	"Pakistan"	"Bajur"	1	1	2	4231	6329	10560	64375	94959	159334
"2008.05.13"	"Thailand"	"Pattani"	2	0	2	4233	6329	10562	64377	94959	159336
"2008.05.14"	"Pakistan"	"Peshawar"	1	1	2	4234	6330	10564	64378	94960	159338
"2008.05.14"	"Israel"	"Ashkelon"	0	15	15	4234	6345	10579	64378	94975	159353
"2008.05.14"	"Thailand"	"Narathiwat"	1	0	1	4235	6345	10580	64379	94975	159354
"2008.05.14"	"Pakistan"	"Khar"	1	0	1	4236	6345	10581	64380	94975	159355
"2008.05.14"	"Pakistan"	"Naurak"	1	0	1	4237	6345	10582	64381	94975	159356
"2008.05.14"	"Iraq"	"Yusufiya"	1	7	8	4238	6352	10590	64382	94982	159364
"2008.05.14"	"Iraq"	"Abu Minasir"	25	48	73	4263	6400	10663	64407	95030	159437
"2008.05.15"	"Dagestan"	"Gubden"	2	1	3	4265	6401	10666	64409	95031	159440
"2008.05.15"	"Germany"	"Hamburg"	1	0	1	4266	6401	10667	64410	95031	159441
"2008.05.15"	"Pakistan"	"Spinka Raghda"	1	1	2	4267	6402	10669	64411	95032	159443
"2008.05.15"	"Iraq"	"Jalawla"	2	4	6	4269	6406	10675	64413	95036	159449
"2008.05.15"	"Afghanistan"	"Kandahar"	1	3	4	4270	6409	10679	64414	95039	159453
"2008.05.15"	"Afghanistan"	"Farah"	16	28	44	4286	6437	10723	64430	95067	159497
"2008.05.15"	"Iraq"	"al-Anbar"	11	0	11	4297	6437	10734	64441	95067	159508
"2008.05.15"	"Pakistan"	"Kohat Cantt"	2	1	3	4299	6438	10737	64443	95068	159511
"2008.05.16"	"Iraq"	"Fallujah"	4	9	13	4303	6447	10750	64447	95077	159524
"2008.05.16"	"Pakistan"	"Khar"	1	0	1	4304	6447	10751	64448	95077	159525
"2008.05.16"	"Somalia"	"Mogadishu"	20	25	45	4324	6472	10796	64468	95102	159570
"2008.05.17"	"Afghanistan"	"Paktia"	3	0	3	4327	6472	10799	64471	95102	159573
"2008.05.17"	"Afghanistan"	"Kandahar"	1	4	5	4328	6476	10804	64472	95106	159578
"2008.05.17"	"Afghanistan"	"Helmand"	2	4	6	4330	6480	10810	64474	95110	159584
"2008.05.17"	"Iraq"	"Baghdad"	7	19	26	4337	6499	10836	64481	95129	159610
"2008.05.17"	"Afghanistan"	"Ghazni"	2	4	6	4339	6503	10842	64483	95133	159616
"2008.05.17"	"Iraq"	"Baqubah"	3	15	18	4342	6518	10860	64486	95148	159634
"2008.05.18"	"Pakistan"	"Mamirogha"	1	1	2	4343	6519	10862	64487	95149	159636
"2008.05.18"	"Thailand"	"Pattani"	1	13	14	4344	6532	10876	64488	95162	159650
"2008.05.18"	"Pakistan"	"Mardan"	14	22	36	4358	6554	10912	64502	95184	159686
"2008.05.18"	"Afghanistan"	"Helmand"	4	8	12	4362	6562	10924	64506	95192	159698
"2008.05.18"	"Afghanistan"	"Zabul"	1	0	1	4363	6562	10925	64507	95192	159699
"2008.05.18"	"Iraq"	"Baghdad"	2	6	8	4365	6568	10933	64509	95198	159707
"2008.05.19"	"Iraq"	"Suwayra"	2	0	2	4367	6568	10935	64511	95198	159709
"2008.05.19"	"Iraq"	"al-Baaj"	11	0	11	4378	6568	10946	64522	95198	159720
"2008.05.19"	"Afghanistan"	"Farah"	1	0	1	4379	6568	10947	64523	95198	159721
"2008.05.19"	"Afghanistan"	"Kabul"	1	0	1	4380	6568	10948	64524	95198	159722
"2008.05.19"	"Afghanistan"	"Wardak"	7	0	7	4387	6568	10955	64531	95198	159729
"2008.05.20"	"Philippines"	"Patikul"	1	4	5	4388	6572	10960	64532	95202	159734
"2008.05.20"	"Iraq"	"Balad Ruz"	3	9	12	4391	6581	10972	64535	95211	159746
"2008.05.20"	"Iraq"	"Baghdad"	2	5	7	4393	6586	10979	64537	95216	159753
"2008.05.20"	"Iraq"	"Mandali"	1	9	10	4394	6595	10989	64538	95225	159763
"2008.05.20"	"Afghanistan"	"Ghazni"	1	0	1	4395	6595	10990	64539	95225	159764
"2008.05.20"	"Thailand"	"Narathiwat"	1	0	1	4396	6595	10991	64540	95225	159765
"2008.05.21"	"Afghanistan"	"Kunar"	1	0	1	4397	6595	10992	64541	95225	159766
"2008.05.21"	"Iraq"	"Baghdad"	11	3	14	4408	6598	11006	64552	95228	159780
"2008.05.21"	"Iraq"	"Rutba"	4	3	7	4412	6601	11013	64556	95231	159787
"2008.05.21"	"Pakistan"	"Khyber"	4	0	4	4416	6601	11017	64560	95231	159791
"2008.05.21"	"Afghanistan"	"Paktika"	1	4	5	4417	6605	11022	64561	95235	159796
"2008.05.21"	"Afghanistan"	"Kunar"	1	3	4	4418	6608	11026	64562	95238	159800
"2008.05.21"	"Pakistan"	"Swat"	1	0	1	4419	6608	11027	64563	95238	159801
"2008.05.21"	"China"	"Shanghai"	3	12	15	4422	6620	11042	64566	95250	159816
"2008.05.22"	"India"	"Meerut"	3	0	3	4425	6620	11045	64569	95250	159819
"2008.05.22"	"Afghanistan"	"Ghazni"	3	0	3	4428	6620	11048	64572	95250	159822
"2008.05.22"	"Afghanistan"	"Kandahar"	1	1	2	4429	6621	11050	64573	95251	159824
"2008.05.23"	"Pakistan"	"Tall-Mirali"	1	0	1	4430	6621	11051	64574	95251	159825
"2008.05.23"	"Afghanistan"	"Khost"	5	6	11	4435	6627	11062	64579	95257	159836
"2008.05.23"	"Somalia"	"Mogadishu"	4	6	10	4439	6633	11072	64583	95263	159846
"2008.05.23"	"India"	"Doda"	1	0	1	4440	6633	11073	64584	95263	159847
"2008.05.24"	"Pakistan"	"Peshawar"	1	3	4	4441	6636	11077	64585	95266	159851
"2008.05.24"	"Iraq"	"Shohada"	3	0	3	4444	6636	11080	64588	95266	159854
"2008.05.24"	"Iraq"	"Baghdad"	3	6	9	4447	6642	11089	64591	95272	159863
"2008.05.24"	"Somalia"	"Mogadishu"	5	1	6	4452	6643	11095	64596	95273	159869
"2008.05.25"	"Thailand"	"Pattani"	1	0	1	4453	6643	11096	64597	95273	159870
"2008.05.25"	"Pakistan"	"Peshawar"	2	0	2	4455	6643	11098	64599	95273	159872
"2008.05.26"	"India"	"Kupwara"	1	0	1	4456	6643	11099	64600	95273	159873
"2008.05.26"	"Iraq"	"Baghdad"	3	12	15	4459	6655	11114	64603	95285	159888
"2008.05.26"	"Pakistan"	"Dera Ismail Khan"	4	2	6	4463	6657	11120	64607	95287	159894
"2008.05.26"	"Thailand"	"Pattani"	1	0	1	4464	6657	11121	64608	95287	159895
"2008.05.26"	"Somalia"	"Mogadishu"	13	8	21	4477	6665	11142	64621	95295	159916
"2008.05.26"	"Pakistan"	"Dera Ismail Khan"	2	0	2	4479	6665	11144	64623	95295	159918
"2008.05.26"	"Iraq"	"Tarmiyah"	6	16	22	4485	6681	11166	64629	95311	159940
"2008.05.26"	"Iraq"	"Khan Bani Saad"	2	0	2	4487	6681	11168	64631	95311	159942
"2008.05.27"	"Pakistan"	"Khyber"	8	13	21	4495	6694	11189	64639	95324	159963
"2008.05.27"	"Afghanistan"	"Shorabak"	9	3	12	4504	6697	11201	64648	95327	159975
"2008.05.27"	"Afghanistan"	"Kandahar"	3	0	3	4507	6697	11204	64651	95327	159978
"2008.05.27"	"Iraq"	"Baiji"	3	0	3	4510	6697	11207	64654	95327	159981
"2008.05.27"	"Iraq"	"Tal Afar"	4	41	45	4514	6738	11252	64658	95368	160026
"2008.05.27"	"Lebanon"	"Aramoun"	1	0	1	4515	6738	11253	64659	95368	160027
"2008.05.27"	"Somalia"	"Mogadishu"	9	11	20	4524	6749	11273	64668	95379	160047
"2008.05.27"	"Afghanistan"	"Logar"	4	0	4	4528	6749	11277	64672	95379	160051
"2008.05.27"	"Afghanistan"	"Farah"	8	1	9	4536	6750	11286	64680	95380	160060
"2008.05.28"	"Iraq"	"Qara Tara"	2	1	3	4538	6751	11289	64682	95381	160063
"2008.05.28"	"Thailand"	"Yala"	3	11	14	4541	6762	11303	64685	95392	160077
"2008.05.29"	"Ethiopia"	"Nagele"	3	5	8	4544	6767	11311	64688	95397	160085
"2008.05.29"	"Afghanistan"	"Kabul"	3	2	5	4547	6769	11316	64691	95399	160090
"2008.05.29"	"Thailand"	"Pattani"	1	0	1	4548	6769	11317	64692	95399	160091
"2008.05.29"	"Philippines"	"Zamboanga"	3	17	20	4551	6786	11337	64695	95416	160111
"2008.05.29"	"Iraq"	"Mosul"	3	9	12	4554	6795	11349	64698	95425	160123
"2008.05.29"	"Iraq"	"Sinjar"	16	14	30	4570	6809	11379	64714	95439	160153
"2008.05.29"	"Afghanistan"	"Ghazni"	9	0	9	4579	6809	11388	64723	95439	160162
"2008.05.30"	"Afghanistan"	"Kandahar"	1	2	3	4580	6811	11391	64724	95441	160165
"2008.05.30"	"Yemen"	"Amran"	10	26	36	4590	6837	11427	64734	95467	160201
"2008.05.30"	"Pakistan"	"Kurram"	2	0	2	4592	6837	11429	64736	95467	160203
"2008.05.30"	"Iraq"	"Diyala"	6	8	14	4598	6845	11443	64742	95475	160217
"2008.05.31"	"Pakistan"	"Mamad Ghat"	1	0	1	4599	6845	11444	64743	95475	160218
"2008.05.31"	"Somalia"	"Mogadishu"	1	5	6	4600	6850	11450	64744	95480	160224
"2008.05.31"	"Afghanistan"	"Zabul"	2	0	2	4602	6850	11452	64746	95480	160226
"2008.05.31"	"Lebanon"	"al-Abedeh"	1	0	1	4603	6850	11453	64747	95480	160227
"2008.05.31"	"Thailand"	"Narathiwat"	1	0	1	4604	6850	11454	64748	95480	160228
"2008.05.31"	"Iraq"	"Hit"	13	18	31	4617	6868	11485	64761	95498	160259
"2008.06.01"	"Afghanistan"	"Kabul"	1	5	6	4618	6873	11491	64762	95503	160265
"2008.06.01"	"Thailand"	"Narathiwat"	1	0	1	4619	6873	11492	64763	95503	160266
"2008.06.01"	"Iraq"	"Baghdad"	2	5	7	4621	6878	11499	64765	95508	160273
"2008.06.01"	"Iraq"	"Jalula"	2	4	6	4623	6882	11505	64767	95512	160279
"2008.06.02"	"Pakistan"	"Islamabad"	8	17	25	4631	6899	11530	64775	95529	160304
"2008.06.02"	"Iraq"	"Mosul"	11	45	56	4642	6944	11586	64786	95574	160360
"2008.06.03"	"Indonesia"	"Jakarta"	0	12	12	4642	6956	11598	64786	95586	160372
"2008.06.03"	"Pakistan"	"Kurram"	4	7	11	4646	6963	11609	64790	95593	160383
"2008.06.03"	"Thailand"	"Yala"	1	4	5	4647	6967	11614	64791	95597	160388
"2008.06.03"	"Somalia"	"Kismayo"	1	1	2	4648	6968	11616	64792	95598	160390
"2008.06.03"	"Thailand"	"Narathiwat"	3	0	3	4651	6968	11619	64795	95598	160393
"2008.06.03"	"Thailand"	"Pattani"	1	0	1	4652	6968	11620	64796	95598	160394
"2008.06.03"	"Thailand"	"Yala"	1	1	2	4653	6969	11622	64797	95599	160396
"2008.06.03"	"Iraq"	"Baquba"	1	0	1	4654	6969	11623	64798	95599	160397
"2008.06.03"	"Iraq"	"al-Katoun"	1	0	1	4655	6969	11624	64799	95599	160398
"2008.06.03"	"Afghanistan"	"Helmand"	1	23	24	4656	6992	11648	64800	95622	160422
"2008.06.04"	"Afghanistan"	"Ghanzi"	2	0	2	4658	6992	11650	64802	95622	160424
"2008.06.04"	"Afghanistan"	"Qarabagh"	2	3	5	4660	6995	11655	64804	95625	160429
"2008.06.04"	"Iraq"	"Fallujah"	8	12	20	4668	7007	11675	64812	95637	160449
"2008.06.04"	"Iraq"	"Baghdad"	25	86	111	4693	7093	11786	64837	95723	160560
"2008.06.04"	"Afghanistan"	"Khost"	1	19	20	4694	7112	11806	64838	95742	160580
"2008.06.04"	"Pakistan"	"Kohat"	3	3	6	4697	7115	11812	64841	95745	160586
"2008.06.04"	"Thailand"	"Yala"	1	0	1	4698	7115	11813	64842	95745	160587
"2008.06.04"	"Thailand"	"Narathiwat"	2	0	2	4700	7115	11815	64844	95745	160589
"2008.06.04"	"Algeria"	"Bordj El Kiffan"	2	0	2	4702	7115	11817	64846	95745	160591
"2008.06.05"	"Algeria"	"Bordj El Kiffan"	6	4	10	4708	7119	11827	64852	95749	160601
"2008.06.05"	"Israel"	"Nir-Oz"	1	3	4	4709	7122	11831	64853	95752	160605
"2008.06.05"	"Afghanistan"	"Ghazni"	2	0	2	4711	7122	11833	64855	95752	160607
"2008.06.05"	"Pakistan"	"Bajaur"	1	0	1	4712	7122	11834	64856	95752	160608
"2008.06.06"	"Afghanistan"	"Nimroz"	1	5	6	4713	7127	11840	64857	95757	160614
"2008.06.06"	"Iraq"	"Ramadi"	4	6	10	4717	7133	11850	64861	95763	160624
"2008.06.06"	"Thailand"	"Narathiwat"	1	0	1	4718	7133	11851	64862	95763	160625
"2008.06.06"	"Somalia"	"Huriwa"	5	5	10	4723	7138	11861	64867	95768	160635
"2008.06.06"	"Thailand"	"Yala"	1	0	1	4724	7138	11862	64868	95768	160636
"2008.06.06"	"Thailand"	"Songkhla"	2	0	2	4726	7138	11864	64870	95768	160638
"2008.06.06"	"Pakistan"	"Dera Ismail Khan"	5	7	12	4731	7145	11876	64875	95775	160650
"2008.06.07"	"Somalia"	"Kismayo"	1	0	1	4732	7145	11877	64876	95775	160651
"2008.06.07"	"Thailand"	"Narathiwat"	1	0	1	4733	7145	11878	64877	95775	160652
"2008.06.07"	"Iraq"	"Baghdad"	4	18	22	4737	7163	11900	64881	95793	160674
"2008.06.07"	"Iraq"	"Baghdad"	2	7	9	4739	7170	11909	64883	95800	160683
"2008.06.07"	"Iraq"	"Wihda"	8	0	8	4747	7170	11917	64891	95800	160691
"2008.06.07"	"Iraq"	"Kanaan"	1	3	4	4748	7173	11921	64892	95803	160695
"2008.06.07"	"Afghanistan"	"Helmand"	1	0	1	4749	7173	11922	64893	95803	160696
"2008.06.08"	"Somalia"	"Baidoa"	1	0	1	4750	7173	11923	64894	95803	160697
"2008.06.08"	"Ingushetia"	"Nazran"	1	0	1	4751	7173	11924	64895	95803	160698
"2008.06.08"	"Afghanistan"	"Ghazni"	8	0	8	4759	7173	11932	64903	95803	160706
"2008.06.08"	"Iraq"	"Baghdad"	8	38	46	4767	7211	11978	64911	95841	160752
"2008.06.08"	"Iraq"	"Khanaqin"	5	0	5	4772	7211	11983	64916	95841	160757
"2008.06.08"	"Iraq"	"Aziziya"	6	0	6	4778	7211	11989	64922	95841	160763
"2008.06.08"	"Pakistan"	"Matani"	4	1	5	4782	7212	11994	64926	95842	160768
"2008.06.08"	"Pakistan"	"Chitral"	4	0	4	4786	7212	11998	64930	95842	160772
"2008.06.08"	"Somalia"	"Mogadishu"	20	44	64	4806	7256	12062	64950	95886	160836
"2008.06.08"	"Afghanistan"	"Khost"	4	0	4	4810	7256	12066	64954	95886	160840
"2008.06.08"	"Algeria"	"Lakhdaria"	13	8	21	4823	7264	12087	64967	95894	160861
"2008.06.09"	"Pakistan"	"Kurram"	1	6	7	4824	7270	12094	64968	95900	160868
"2008.06.09"	"Thailand"	"Yala"	1	0	1	4825	7270	12095	64969	95900	160869
"2008.06.09"	"Iraq"	"Baghdad"	4	12	16	4829	7282	12111	64973	95912	160885
"2008.06.09"	"Afghanistan"	"Ghazni"	5	0	5	4834	7282	12116	64978	95912	160890
"2008.06.09"	"Algeria"	"Bouira"	20	0	20	4854	7282	12136	64998	95912	160910
"2008.06.10"	"Somalia"	"Mogadishu"	6	2	8	4860	7284	12144	65004	95914	160918
"2008.06.10"	"Somalia"	"Mogadishu"	1	0	1	4861	7284	12145	65005	95914	160919
"2008.06.10"	"Somalia"	"Baidoa"	2	0	2	4863	7284	12147	65007	95914	160921
"2008.06.10"	"Thailand"	"Narathiwat"	2	0	2	4865	7284	12149	65009	95914	160923
"2008.06.10"	"India"	"Kangan"	1	0	1	4866	7284	12150	65010	95914	160924
"2008.06.11"	"Thailand"	"Pattani"	1	2	3	4867	7286	12153	65011	95916	160927
"2008.06.11"	"Pakistan"	"Bajaur"	1	0	1	4868	7286	12154	65012	95916	160928
"2008.06.11"	"Iraq"	"Fallujah"	5	0	5	4873	7286	12159	65017	95916	160933
"2008.06.11"	"Iraq"	"Baghdad"	5	10	15	4878	7296	12174	65022	95926	160948
"2008.06.11"	"Pakistan"	"Bajaur"	1	0	1	4879	7296	12175	65023	95926	160949
"2008.06.11"	"Somalia"	"Mogadishu"	2	0	2	4881	7296	12177	65025	95926	160951
"2008.06.12"	"Somalia"	"Leego"	1	0	1	4882	7296	12178	65026	95926	160952
"2008.06.12"	"Somalia"	"Mogadishu"	5	5	10	4887	7301	12188	65031	95931	160962
"2008.06.12"	"Pal. Auth."	"Beit Lahiya"	4	0	4	4891	7301	12192	65035	95931	160966
"2008.06.12"	"Pakistan"	"Dattakhel"	5	0	5	4896	7301	12197	65040	95931	160971
"2008.06.12"	"England"	"Forest Gate"	0	1	1	4896	7302	12198	65040	95932	160972
"2008.06.12"	"Bangladesh"	"West Bengal"	0	15	15	4896	7317	12213	65040	95947	160987
"2008.06.13"	"Chechnya"	"Benoi-Vedeno"	3	0	3	4899	7317	12216	65043	95947	160990
"2008.06.13"	"Dagestan"	"Makhchkala"	1	0	1	4900	7317	12217	65044	95947	160991
"2008.06.13"	"Afghanistan"	"Kandahar"	15	0	15	4915	7317	12232	65059	95947	161006
"2008.06.13"	"Iraq"	"Tuz Khormato"	3	0	3	4918	7317	12235	65062	95947	161009
"2008.06.13"	"India"	"Watsar"	5	0	5	4923	7317	12240	65067	95947	161014
"2008.06.13"	"Ingushetia"	"Naran"	4	4	8	4927	7321	12248	65071	95951	161022
"2008.06.14"	"Pakistan"	"Sanghar"	1	16	17	4928	7337	12265	65072	95967	161039
"2008.06.14"	"Somalia"	"Mogadishu"	4	0	4	4932	7337	12269	65076	95967	161043
"2008.06.14"	"Afghanistan"	"Helmand"	4	1	5	4936	7338	12274	65080	95968	161048
"2008.06.14"	"Iraq"	"Baghdad"	2	7	9	4938	7345	12283	65082	95975	161057
"2008.06.14"	"Iraq"	"Mosul"	2	0	2	4940	7345	12285	65084	95975	161059
"2008.06.15"	"Pakistan"	"FATA"	5	7	12	4945	7352	12297	65089	95982	161071
"2008.06.15"	"Iraq"	"Baghdad"	0	34	34	4945	7386	12331	65089	96016	161105
"2008.06.15"	"Afghanistan"	"Khost"	1	0	1	4946	7386	12332	65090	96016	161106
"2008.06.15"	"Afghanistan"	"Helmand"	1	1	2	4947	7387	12334	65091	96017	161108
"2008.06.15"	"Iraq"	"Baghdad"	3	1	4	4950	7388	12338	65094	96018	161112
"2008.06.15"	"Iraq"	"Mosul"	2	1	3	4952	7389	12341	65096	96019	161115
"2008.06.16"	"Pakistan"	"Torchapar"	1	0	1	4953	7389	12342	65097	96019	161116
"2008.06.16"	"Lebanon"	"Bekaa"	3	4	7	4956	7393	12349	65100	96023	161123
"2008.06.16"	"Iraq"	"Baghdad"	4	31	35	4960	7424	12384	65104	96054	161158
"2008.06.16"	"Chechnya"	"Grozny"	3	5	8	4963	7429	12392	65107	96059	161166
"2008.06.16"	"Pakistan"	"Dera Ismail Khan"	4	5	9	4967	7434	12401	65111	96064	161175
"2008.06.17"	"Somalia"	"Mogadishu"	3	2	5	4970	7436	12406	65114	96066	161180
"2008.06.17"	"Iraq"	"al-Saba Abkar"	4	2	6	4974	7438	12412	65118	96068	161186
"2008.06.17"	"Somalia"	"Mogadishu"	3	17	20	4977	7455	12432	65121	96085	161206
"2008.06.17"	"Iraq"	"Baghdad"	63	78	141	5040	7533	12573	65184	96163	161347
"2008.06.17"	"Iraq"	"Mosul"	1	0	1	5041	7533	12574	65185	96163	161348
"2008.06.17"	"Pakistan"	"Hangu"	4	0	4	5045	7533	12578	65189	96163	161352
"2008.06.17"	"Thailand"	"Narathiwat"	1	0	1	5046	7533	12579	65190	96163	161353
"2008.06.18"	"Somalia"	"Mogadishu"	4	3	7	5050	7536	12586	65194	96166	161360
"2008.06.18"	"Afghanistan"	"Khost"	4	3	7	5054	7539	12593	65198	96169	161367
"2008.06.18"	"Thailand"	"Pattani"	2	5	7	5056	7544	12600	65200	96174	161374
"2008.06.18"	"Iraq"	"Nineveh"	12	0	12	5068	7544	12612	65212	96174	161386
"2008.06.19"	"Pakistan"	"Hajira"	4	3	7	5072	7547	12619	65216	96177	161393
"2008.06.19"	"Iraq"	"Tuz Khormato"	1	0	1	5073	7547	12620	65217	96177	161394
"2008.06.19"	"Pakistan"	"Kurram"	4	0	4	5077	7547	12624	65221	96177	161398
"2008.06.19"	"Pakistan"	"Kurram"	7	10	17	5084	7557	12641	65228	96187	161415
"2008.06.19"	"Thailand"	"Yala"	2	0	2	5086	7557	12643	65230	96187	161417
"2008.06.19"	"Pakistan"	"Kharian"	1	0	1	5087	7557	12644	65231	96187	161418
"2008.06.20"	"Afghanistan"	"Zabul"	2	3	5	5089	7560	12649	65233	96190	161423
"2008.06.20"	"Iraq"	"Baghdad"	3	8	11	5092	7568	12660	65236	96198	161434
"2008.06.20"	"France"	"Paris"	0	1	1	5092	7569	12661	65236	96199	161435
"2008.06.20"	"Afghanistan"	"Helmand"	7	10	17	5099	7579	12678	65243	96209	161452
"2008.06.20"	"Israel"	"Neveh Tzuf"	0	2	2	5099	7581	12680	65243	96211	161454
"2008.06.20"	"Somalia"	"Mogadishu"	13	30	43	5112	7611	12723	65256	96241	161497
"2008.06.20"	"Thailand"	"Yala"	1	4	5	5113	7615	12728	65257	96245	161502
"2008.06.21"	"Afghanistan"	"Khost"	4	8	12	5117	7623	12740	65261	96253	161514
"2008.06.21"	"Thailand"	"Narathiwat"	4	0	4	5121	7623	12744	65265	96253	161518
"2008.06.21"	"Iraq"	"Baquba"	2	0	2	5123	7623	12746	65267	96253	161520
"2008.06.21"	"Afghanistan"	"Kunar"	1	2	3	5124	7625	12749	65268	96255	161523
"2008.06.21"	"Pakistan"	"Khyber"	29	50	79	5153	7675	12828	65297	96305	161602
"2008.06.22"	"Somalia"	"Dharkenley"	3	4	7	5156	7679	12835	65300	96309	161609
"2008.06.22"	"Iraq"	"Baqubah"	17	42	59	5173	7721	12894	65317	96351	161668
"2008.06.22"	"India"	"Srinagar"	1	0	1	5174	7721	12895	65318	96351	161669
"2008.06.22"	"Iraq"	"Khalis"	7	12	19	5181	7733	12914	65325	96363	161688
"2008.06.22"	"Iraq"	"Kirkuk"	3	2	5	5184	7735	12919	65328	96365	161693
"2008.06.22"	"Lebanon"	"Tripoli"	9	35	44	5193	7770	12963	65337	96400	161737
"2008.06.23"	"Afghanistan"	"Kandahar"	3	0	3	5196	7770	12966	65340	96400	161740
"2008.06.23"	"Afghanistan"	"Shindand"	5	19	24	5201	7789	12990	65345	96419	161764
"2008.06.23"	"Pakistan"	"Kurram"	11	0	11	5212	7789	13001	65356	96419	161775
"2008.06.23"	"Lebanon"	"Tripoli"	2	0	2	5214	7789	13003	65358	96419	161777
"2008.06.23"	"Iraq"	"Mosul"	4	2	6	5218	7791	13009	65362	96421	161783
"2008.06.23"	"Pakistan"	"Jandola"	16	10	26	5234	7801	13035	65378	96431	161809
"2008.06.23"	"Dagestan"	"Buinaksk"	1	0	1	5235	7801	13036	65379	96431	161810
"2008.06.24"	"Somalia"	"Kismayo"	1	2	3	5236	7803	13039	65380	96433	161813
"2008.06.24"	"Lebanon"	"Tripoli"	1	0	1	5237	7803	13040	65381	96433	161814
"2008.06.24"	"Afghanistan"	"Herat"	1	0	1	5238	7803	13041	65382	96433	161815
"2008.06.24"	"Iraq"	"Baghdad"	11	11	22	5249	7814	13063	65393	96444	161837
"2008.06.24"	"Iraq"	"Mosul"	2	75	77	5251	7889	13140	65395	96519	161914
"2008.06.25"	"Somalia"	"Deynile"	9	0	9	5260	7889	13149	65404	96519	161923
"2008.06.25"	"Pakistan"	"Jandola"	28	0	28	5288	7889	13177	65432	96519	161951
"2008.06.25"	"Iraq"	"Baghdad"	5	25	30	5293	7914	13207	65437	96544	161981
"2008.06.26"	"Iraq"	"Mosul"	17	62	79	5310	7976	13286	65454	96606	162060
"2008.06.26"	"Iraq"	"Karma"	20	24	44	5330	8000	13330	65474	96630	162104
"2008.06.26"	"Pakistan"	"Barikot"	7	0	7	5337	8000	13337	65481	96630	162111
"2008.06.27"	"Thailand"	"Narathiwat"	1	1	2	5338	8001	13339	65482	96631	162113
"2008.06.27"	"Thailand"	"Pattani"	1	0	1	5339	8001	13340	65483	96631	162114
"2008.06.27"	"Pakistan"	"Damadola"	2	0	2	5341	8001	13342	65485	96631	162116
"2008.06.27"	"Iraq"	"Shurqat"	2	3	5	5343	8004	13347	65487	96634	162121
"2008.06.27"	"Iraq"	"Khanaqin"	1	2	3	5344	8006	13350	65488	96636	162124
"2008.06.27"	"Chechnya"	"Vedeno"	4	0	4	5348	8006	13354	65492	96636	162128
"2008.06.27"	"Algeria"	"Jijel"	6	14	20	5354	8020	13374	65498	96650	162148
"2008.06.28"	"Afghanistan"	"Faryab"	8	0	8	5362	8020	13382	65506	96650	162156
"2008.06.28"	"Pakistan"	"Khyber"	8	5	13	5370	8025	13395	65514	96655	162169
"2008.06.28"	"Iraq"	"Samarrah"	50	0	50	5420	8025	13445	65564	96655	162219
"2008.06.28"	"Lebanon"	"Tripoli"	2	25	27	5422	8050	13472	65566	96680	162246
"2008.06.28"	"Iraq"	"Samarrah"	7	0	7	5429	8050	13479	65573	96680	162253
"2008.06.29"	"Pakistan"	"Swat"	1	0	1	5430	8050	13480	65574	96680	162254
"2008.06.29"	"Iraq"	"Duluiya"	7	3	10	5437	8053	13490	65581	96683	162264
"2008.06.29"	"Iraq"	"Udhaim"	3	0	3	5440	8053	13493	65584	96683	162267
"2008.06.29"	"Pakistan"	"Swat"	6	5	11	5446	8058	13504	65590	96688	162278
"2008.06.29"	"Afghanistan"	"Farah"	4	5	9	5450	8063	13513	65594	96693	162287
"2008.06.30"	"Somalia"	"Mogadishu"	1	0	1	5451	8063	13514	65595	96693	162288
"2008.06.30"	"Thailand"	"Yala"	1	0	1	5452	8063	13515	65596	96693	162289
"2008.07.01"	"Afghanistan"	"Lashkar Gah"	2	7	9	5454	8070	13524	65598	96700	162298
"2008.07.01"	"Iraq"	"Mosul"	2	32	34	5456	8102	13558	65600	96732	162332
"2008.07.01"	"Iraq"	"Mandali"	4	16	20	5460	8118	13578	65604	96748	162352
"2008.07.01"	"Iraq"	"Buhriz"	3	1	4	5463	8119	13582	65607	96749	162356
"2008.07.01"	"Somalia"	"Mataban"	53	40	93	5516	8159	13675	65660	96789	162449
"2008.07.01"	"Pakistan"	"Swat"	5	3	8	5521	8162	13683	65665	96792	162457
"2008.07.01"	"Philippines"	"Aleosan"	1	0	1	5522	8162	13684	65666	96792	162458
"2008.07.02"	"Afghanistan"	"Nimroz"	5	2	7	5527	8164	13691	65671	96794	162465
"2008.07.02"	"India"	"Bhaderwah"	1	20	21	5528	8184	13712	65672	96814	162486
"2008.07.02"	"Afghanistan"	"Logar"	5	0	5	5533	8184	13717	65677	96814	162491
"2008.07.02"	"Thailand"	"Narathiwat"	1	0	1	5534	8184	13718	65678	96814	162492
"2008.07.02"	"Israel"	"Jerusalem"	3	57	60	5537	8241	13778	65681	96871	162552
"2008.07.02"	"Iraq"	"Baghdad"	3	6	9	5540	8247	13787	65684	96877	162561
"2008.07.03"	"Somalia"	"Hiiran"	10	0	10	5550	8247	13797	65694	96877	162571
"2008.07.03"	"Thailand"	"Yala"	1	0	1	5551	8247	13798	65695	96877	162572
"2008.07.03"	"Afghanistan"	"Kandahar"	8	3	11	5559	8250	13809	65703	96880	162583
"2008.07.03"	"Iraq"	"Baghdad"	4	8	12	5563	8258	13821	65707	96888	162595
"2008.07.03"	"Pakistan"	"Khyber"	5	4	9	5568	8262	13830	65712	96892	162604
"2008.07.03"	"Iraq"	"Samarra"	14	0	14	5582	8262	13844	65726	96892	162618
"2008.07.04"	"Afghanistan"	"Kandahar"	1	0	1	5583	8262	13845	65727	96892	162619
"2008.07.04"	"Afghanistan"	"Maidan-Wardak"	2	5	7	5585	8267	13852	65729	96897	162626
"2008.07.04"	"India"	"Kupwara"	5	0	5	5590	8267	13857	65734	96897	162631
"2008.07.04"	"Thailand"	"Yala"	1	0	1	5591	8267	13858	65735	96897	162632
"2008.07.04"	"Thailand"	"Pattani"	1	0	1	5592	8267	13859	65736	96897	162633
"2008.07.04"	"Thailand"	"Yala"	1	1	2	5593	8268	13861	65737	96898	162635
"2008.07.05"	"Thailand"	"Yala"	4	4	8	5597	8272	13869	65741	96902	162643
"2008.07.05"	"Iraq"	"Mosul"	3	6	9	5600	8278	13878	65744	96908	162652
"2008.07.05"	"Somalia"	"Mogadishu"	6	0	6	5606	8278	13884	65750	96908	162658
"2008.07.06"	"Pakistan"	"Quetta"	1	1	2	5607	8279	13886	65751	96909	162660
"2008.07.06"	"USA"	"Atlanta"	1	0	1	5608	8279	13887	65752	96909	162661
"2008.07.06"	"Somalia"	"Mogadishu"	1	0	1	5609	8279	13888	65753	96909	162662
"2008.07.06"	"Pakistan"	"Islamabad"	19	23	42	5628	8302	13930	65772	96932	162704
"2008.07.06"	"Iraq"	"Baghdad"	6	14	20	5634	8316	13950	65778	96946	162724
"2008.07.06"	"Iraq"	"Jalawla"	7	12	19	5641	8328	13969	65785	96958	162743
"2008.07.06"	"Iraq"	"Mussayab"	1	0	1	5642	8328	13970	65786	96958	162744
"2008.07.06"	"Philippines"	"Kauswagan"	5	0	5	5647	8328	13975	65791	96958	162749
"2008.07.07"	"Pakistan"	"Quetta"	1	0	1	5648	8328	13976	65792	96958	162750
"2008.07.07"	"Pakistan"	"Swat"	1	0	1	5649	8328	13977	65793	96958	162751
"2008.07.07"	"Iraq"	"Baghdad"	17	40	57	5666	8368	14034	65810	96998	162808
"2008.07.07"	"Somalia"	"Baidoa"	2	7	9	5668	8375	14043	65812	97005	162817
"2008.07.07"	"Afghanistan"	"Kabul"	65	147	212	5733	8522	14255	65877	97152	163029
"2008.07.07"	"Thailand"	"Pattani"	2	3	5	5735	8525	14260	65879	97155	163034
"2008.07.08"	"Philippines"	"Pagangan"	1	0	1	5736	8525	14261	65880	97155	163035
"2008.07.08"	"Pakistan"	"Bara"	5	3	8	5741	8528	14269	65885	97158	163043
"2008.07.08"	"Pakistan"	"Karachi"	1	37	38	5742	8565	14307	65886	97195	163081
"2008.07.08"	"Thailand"	"Pattani"	2	0	2	5744	8565	14309	65888	97195	163083
"2008.07.08"	"Iraq"	"Mosul"	4	8	12	5748	8573	14321	65892	97203	163095
"2008.07.08"	"Iraq"	"Ramadi"	22	0	22	5770	8573	14343	65914	97203	163117
"2008.07.08"	"India"	"Joynagar"	1	0	1	5771	8573	14344	65915	97203	163118
"2008.07.09"	"Pakistan"	"Kurram"	1	1	2	5772	8574	14346	65916	97204	163120
"2008.07.09"	"Lebanon"	"Tripoli"	4	54	58	5776	8628	14404	65920	97258	163178
"2008.07.09"	"Iraq"	"Baqubah"	4	11	15	5780	8639	14419	65924	97269	163193
"2008.07.09"	"Iraq"	"Baghdad"	6	8	14	5786	8647	14433	65930	97277	163207
"2008.07.09"	"Iraq"	"Fallujah"	6	18	24	5792	8665	14457	65936	97295	163231
"2008.07.09"	"Iraq"	"Mosul"	8	41	49	5800	8706	14506	65944	97336	163280
"2008.07.09"	"Pakistan"	"Mardan"	2	1	3	5802	8707	14509	65946	97337	163283
"2008.07.09"	"Ingushetia"	"Muzhichi"	3	0	3	5805	8707	14512	65949	97337	163286
"2008.07.09"	"Sudan"	"Umm Hakibah"	7	22	29	5812	8729	14541	65956	97359	163315
"2008.07.09"	"Jordan"	"Mafraq"	1	0	1	5813	8729	14542	65957	97359	163316
"2008.07.09"	"Turkey"	"Istanbul"	3	0	3	5816	8729	14545	65960	97359	163319
"2008.07.10"	"Pakistan"	"Bajaur"	1	2	3	5817	8731	14548	65961	97361	163322
"2008.07.10"	"Somalia"	"Baidoa"	2	4	6	5819	8735	14554	65963	97365	163328
"2008.07.10"	"Iraq"	"Baghdad"	2	13	15	5821	8748	14569	65965	97378	163343
"2008.07.10"	"Pakistan"	"Tirah"	5	15	20	5826	8763	14589	65970	97393	163363
"2008.07.10"	"Pakistan"	"Khyber"	8	0	8	5834	8763	14597	65978	97393	163371
"2008.07.10"	"Pakistan"	"Dosli"	1	0	1	5835	8763	14598	65979	97393	163372
"2008.07.10"	"Pakistan"	"Kurram"	7	12	19	5842	8775	14617	65986	97405	163391
"2008.07.10"	"India"	"Kupwara"	1	1	2	5843	8776	14619	65987	97406	163393
"2008.07.10"	"Somalia"	"Afgyoye"	1	0	1	5844	8776	14620	65988	97406	163394
"2008.07.11"	"Pakistan"	"Karachi"	1	0	1	5845	8776	14621	65989	97406	163395
"2008.07.11"	"Somalia"	"Taredishe"	1	0	1	5846	8776	14622	65990	97406	163396
"2008.07.12"	"Algeria"	"Beni Djemaa"	1	0	1	5847	8776	14623	65991	97406	163397
"2008.07.12"	"Afghanistan"	"Ghazi"	2	0	2	5849	8776	14625	65993	97406	163399
"2008.07.12"	"Pakistan"	"Tirah"	7	5	12	5856	8781	14637	66000	97411	163411
"2008.07.12"	"Afghanistan"	"Helmand"	4	5	9	5860	8786	14646	66004	97416	163420
"2008.07.12"	"Iraq"	"Mosul"	3	4	7	5863	8790	14653	66007	97420	163427
"2008.07.12"	"Iraq"	"Tal Afar"	7	0	7	5870	8790	14660	66014	97420	163434
"2008.07.12"	"Pakistan"	"Hangu"	16	0	16	5886	8790	14676	66030	97420	163450
"2008.07.12"	"Afghanistan"	"Bargi Matal"	1	0	1	5887	8790	14677	66031	97420	163451
"2008.07.12"	"Chechnya"	"Grozny"	1	2	3	5888	8792	14680	66032	97422	163454
"2008.07.13"	"Afghanistan"	"Oruzgan"	25	30	55	5913	8822	14735	66057	97452	163509
"2008.07.13"	"Pakistan"	"Khyber"	6	10	16	5919	8832	14751	66063	97462	163525
"2008.07.13"	"Pakistan"	"Kharqamar"	1	0	1	5920	8832	14752	66064	97462	163526
"2008.07.13"	"Iraq"	"Baghdad"	11	18	29	5931	8850	14781	66075	97480	163555
"2008.07.14"	"Somalia"	"Mogadishu"	4	4	8	5935	8854	14789	66079	97484	163563
"2008.07.14"	"Afghanistan"	"Paktika"	7	2	9	5942	8856	14798	66086	97486	163572
"2008.07.14"	"India"	"Doda"	1	2	3	5943	8858	14801	66087	97488	163575
"2008.07.14"	"Thailand"	"Songkhla"	1	1	2	5944	8859	14803	66088	97489	163577
"2008.07.14"	"Iraq"	"Baghdad"	3	14	17	5947	8873	14820	66091	97503	163594
"2008.07.14"	"Somalia"	"Mogadishu"	1	0	1	5948	8873	14821	66092	97503	163595
"2008.07.14"	"Somalia"	"Mogadishu"	2	2	4	5950	8875	14825	66094	97505	163599
"2008.07.14"	"Pakistan"	"Balochistan"	5	0	5	5955	8875	14830	66099	97505	163604
"2008.07.15"	"Iraq"	"Mosul"	12	6	18	5967	8881	14848	66111	97511	163622
"2008.07.15"	"Pakistan"	"Khyber"	7	5	12	5974	8886	14860	66118	97516	163634
"2008.07.15"	"Chechnya"	"Grozny"	1	3	4	5975	8889	14864	66119	97519	163638
"2008.07.15"	"Iraq"	"Baqubah"	35	69	104	6010	8958	14968	66154	97588	163742
"2008.07.16"	"Iraq"	"Tal Afar"	18	90	108	6028	9048	15076	66172	97678	163850
"2008.07.16"	"Iraq"	"Mosul"	2	9	11	6030	9057	15087	66174	97687	163861
"2008.07.16"	"Iraq"	"Baghdad"	3	7	10	6033	9064	15097	66177	97694	163871
"2008.07.16"	"India"	"Doda"	1	0	1	6034	9064	15098	66178	97694	163872
"2008.07.16"	"Pakistan"	"Lahore"	1	0	1	6035	9064	15099	66179	97694	163873
"2008.07.16"	"Somalia"	"Anjel"	1	0	1	6036	9064	15100	66180	97694	163874
"2008.07.17"	"Pakistan"	"Mohmand"	3	0	3	6039	9064	15103	66183	97694	163877
"2008.07.17"	"Afghanistan"	"Zabul"	1	5	6	6040	9069	15109	66184	97699	163883
"2008.07.17"	"India"	"Murshidabad"	1	0	1	6041	9069	15110	66185	97699	163884
"2008.07.17"	"Somalia"	"Huriwa"	5	3	8	6046	9072	15118	66190	97702	163892
"2008.07.18"	"Pakistan"	"North Waziristan"	1	0	1	6047	9072	15119	66191	97702	163893
"2008.07.18"	"Pakistan"	"South Waziristan"	3	0	3	6050	9072	15122	66194	97702	163896
"2008.07.18"	"India"	"Banihal"	0	36	36	6050	9108	15158	66194	97738	163932
"2008.07.18"	"Somalia"	"Mogadishu"	3	0	3	6053	9108	15161	66197	97738	163935
"2008.07.18"	"Iraq"	"Mosul"	4	7	11	6057	9115	15172	66201	97745	163946
"2008.07.18"	"Afghanistan"	"Helmand"	3	4	7	6060	9119	15179	66204	97749	163953
"2008.07.18"	"India"	"Udhampur"	1	0	1	6061	9119	15180	66205	97749	163954
"2008.07.19"	"Pakistan"	"Mohmand"	4	0	4	6065	9119	15184	66209	97749	163958
"2008.07.19"	"India"	"Srinagar"	10	16	26	6075	9135	15210	66219	97765	163984
"2008.07.19"	"Iraq"	"Tikrit"	3	0	3	6078	9135	15213	66222	97765	163987
"2008.07.19"	"Lebanon"	"Ain el-Helweh"	1	0	1	6079	9135	15214	66223	97765	163988
"2008.07.19"	"Afghanistan"	"Kandahar"	4	1	5	6083	9136	15219	66227	97766	163993
"2008.07.19"	"Pakistan"	"Tirah"	9	10	19	6092	9146	15238	66236	97776	164012
"2008.07.19"	"Pal. Auth."	"Jabaliya"	1	0	1	6093	9146	15239	66237	97776	164013
"2008.07.19"	"Turkey"	"Bosphorus"	1	0	1	6094	9146	15240	66238	97776	164014
"2008.07.19"	"Ethiopia"	"Jijiga"	0	2	2	6094	9148	15242	66238	97778	164016
"2008.07.20"	"Thailand"	"Pattani"	3	0	3	6097	9148	15245	66241	97778	164019
"2008.07.20"	"Somalia"	"Mogadishu"	6	11	17	6103	9159	15262	66247	97789	164036
"2008.07.20"	"Chechnya"	"Grozny"	3	0	3	6106	9159	15265	66250	97789	164039
"2008.07.20"	"Iraq"	"Basra"	1	0	1	6107	9159	15266	66251	97789	164040
"2008.07.20"	"India"	"Reasi"	1	0	1	6108	9159	15267	66252	97789	164041
"2008.07.20"	"India"	"Gulmarg"	2	5	7	6110	9164	15274	66254	97794	164048
"2008.07.20"	"Afghanistan"	"Laghman"	6	0	6	6116	9164	15280	66260	97794	164054
"2008.07.21"	"China"	"Kunming"	2	10	12	6118	9174	15292	66262	97804	164066
"2008.07.21"	"Afghanistan"	"North Waziristan"	2	0	2	6120	9174	15294	66264	97804	164068
"2008.07.21"	"Somalia"	"Mogadishu"	7	12	19	6127	9186	15313	66271	97816	164087
"2008.07.21"	"Iraq"	"Mosul"	6	8	14	6133	9194	15327	66277	97824	164101
"2008.07.21"	"Iraq"	"Saidiya"	7	8	15	6140	9202	15342	66284	97832	164116
"2008.07.21"	"Afghanistan"	"Paktika"	1	3	4	6141	9205	15346	66285	97835	164120
"2008.07.21"	"Pakistan"	"Bajur"	1	2	3	6142	9207	15349	66286	97837	164123
"2008.07.22"	"Philippines"	"Aleosan"	1	1	2	6143	9208	15351	66287	97838	164125
"2008.07.22"	"Afghanistan"	"Ghazni"	4	1	5	6147	9209	15356	66291	97839	164130
"2008.07.22"	"Afghanistan"	"Khost"	4	3	7	6151	9212	15363	66295	97842	164137
"2008.07.22"	"Thailand"	"Narathiwat"	1	0	1	6152	9212	15364	66296	97842	164138
"2008.07.22"	"Thailand"	"Narathiwat"	1	5	6	6153	9217	15370	66297	97847	164144
"2008.07.22"	"Israel"	"Jerusalem"	0	11	11	6153	9228	15381	66297	97858	164155
"2008.07.23"	"Thailand"	"Pattani"	1	0	1	6154	9228	15382	66298	97858	164156
"2008.07.23"	"Iraq"	"Muqdadiyah"	1	0	1	6155	9228	15383	66299	97858	164157
"2008.07.23"	"Somalia"	"Jowhar"	1	0	1	6156	9228	15384	66300	97858	164158
"2008.07.23"	"Algeria"	"Lakhdaria"	0	13	13	6156	9241	15397	66300	97871	164171
"2008.07.23"	"Afghanistan"	"Nangarhar"	1	2	3	6157	9243	15400	66301	97873	164174
"2008.07.24"	"Yemen"	"Sayoun"	4	12	16	6161	9255	15416	66305	97885	164190
"2008.07.24"	"Afghanistan"	"Paktia"	3	4	7	6164	9259	15423	66308	97889	164197
"2008.07.24"	"Philippines"	"Digos"	2	10	12	6166	9269	15435	66310	97899	164209
"2008.07.24"	"India"	"Srinagar"	5	28	33	6171	9297	15468	66315	97927	164242
"2008.07.24"	"Iraq"	"Baqubah"	8	25	33	6179	9322	15501	66323	97952	164275
"2008.07.24"	"India"	"Doda"	4	0	4	6183	9322	15505	66327	97952	164279
"2008.07.24"	"Thailand"	"Pattani"	1	0	1	6184	9322	15506	66328	97952	164280
"2008.07.24"	"Thailand"	"Pattani"	1	0	1	6185	9322	15507	66329	97952	164281
"2008.07.25"	"Pal. Auth."	"Gaza"	1	15	16	6186	9337	15523	66330	97967	164297
"2008.07.25"	"Bangladesh"	"Sadar"	1	0	1	6187	9337	15524	66331	97967	164298
"2008.07.25"	"India"	"Bangalore"	2	10	12	6189	9347	15536	66333	97977	164310
"2008.07.25"	"Pal. Auth."	"Gaza"	1	3	4	6190	9350	15540	66334	97980	164314
"2008.07.26"	"Indonesia"	"Jakarata"	0	265	265	6190	9615	15805	66334	98245	164579
"2008.07.26"	"Pakistan"	"Dera Bugti"	3	0	3	6193	9615	15808	66337	98245	164582
"2008.07.26"	"Somalia"	"Gedo"	3	0	3	6196	9615	15811	66340	98245	164585
"2008.07.26"	"Iraq"	"Hilla"	1	0	1	6197	9615	15812	66341	98245	164586
"2008.07.26"	"Lebanon"	"Tripoli"	9	50	59	6206	9665	15871	66350	98295	164645
"2008.07.26"	"India"	"Ahmedabad"	57	161	218	6263	9826	16089	66407	98456	164863
"2008.07.27"	"Iraq"	"Baghdad"	7	0	7	6270	9826	16096	66414	98456	164870
"2008.07.27"	"Pakistan"	"Charbagh"	1	5	6	6271	9831	16102	66415	98461	164876
"2008.07.27"	"Iraq"	"Buhriz"	2	0	2	6273	9831	16104	66417	98461	164878
"2008.07.27"	"Iraq"	"Fallujah"	2	2	4	6275	9833	16108	66419	98463	164882
"2008.07.28"	"Iraq"	"Mussayab"	1	0	1	6276	9833	16109	66420	98463	164883
"2008.07.28"	"Iraq"	"Kirkuk"	38	178	216	6314	10011	16325	66458	98641	165099
"2008.07.28"	"Iraq"	"Baghdad"	32	102	134	6346	10113	16459	66490	98743	165233
"2008.07.28"	"Pakistan"	"Matta"	3	2	5	6349	10115	16464	66493	98745	165238
"2008.07.28"	"Pakistan"	"Mohmand"	1	0	1	6350	10115	16465	66494	98745	165239
"2008.07.28"	"Afghanistan"	"Nuristan"	3	0	3	6353	10115	16468	66497	98745	165242
"2008.07.28"	"Pakistan"	"Kohat"	2	12	14	6355	10127	16482	66499	98757	165256
"2008.07.29"	"Pakistan"	"Akhun Killay"	2	0	2	6357	10127	16484	66501	98757	165258
"2008.07.29"	"Philippines"	"Mindanao"	4	1	5	6361	10128	16489	66505	98758	165263
"2008.07.29"	"Pakistan"	"Degan"	1	0	1	6362	10128	16490	66506	98758	165264
"2008.07.30"	"Ingushetia"	"Nazran"	5	5	10	6367	10133	16500	66511	98763	165274
"2008.07.30"	"Pakistan"	"Dera Ismail Khan"	1	3	4	6368	10136	16504	66512	98766	165278
"2008.07.30"	"Pakistan"	"Rabanpur"	3	0	3	6371	10136	16507	66515	98766	165281
"2008.07.31"	"Pakistan"	"Deolai"	7	0	7	6378	10136	16514	66522	98766	165288
"2008.07.31"	"Iraq"	"Mosul"	3	0	3	6381	10136	16517	66525	98766	165291
"2008.07.31"	"Iraq"	"Shaheed"	3	4	7	6384	10140	16524	66528	98770	165298
"2008.07.31"	"Iraq"	"Mosul"	2	0	2	6386	10140	16526	66530	98770	165300
"2008.07.31"	"Jordan"	"Nqeira"	1	0	1	6387	10140	16527	66531	98770	165301
"2008.07.31"	"Thailand"	"Pattani"	1	0	1	6388	10140	16528	66532	98770	165302
"2008.07.31"	"Somalia"	"Hodan"	2	0	2	6390	10140	16530	66534	98770	165304
"2008.08.01"	"Afghanistan"	"Nimroz"	3	5	8	6393	10145	16538	66537	98775	165312
"2008.08.01"	"Somalia"	"Mogadishu"	1	0	1	6394	10145	16539	66538	98775	165313
"2008.08.01"	"Afghanistan"	"Kunar"	1	0	1	6395	10145	16540	66539	98775	165314
"2008.08.01"	"India"	"Reasi"	1	0	1	6396	10145	16541	66540	98775	165315
"2008.08.01"	"Iraq"	"Rashad"	3	1	4	6399	10146	16545	66543	98776	165319
"2008.08.02"	"Iraq"	"Baqubah"	5	3	8	6404	10149	16553	66548	98779	165327
"2008.08.02"	"India"	"Ramban"	1	0	1	6405	10149	16554	66549	98779	165328
"2008.08.02"	"Ingushetia"	"Nazran"	1	1	2	6406	10150	16556	66550	98780	165330
"2008.08.02"	"Pal. Auth."	"Gaza"	1	16	17	6407	10166	16573	66551	98796	165347
"2008.08.02"	"Thailand"	"Yala"	1	0	1	6408	10166	16574	66552	98796	165348
"2008.08.02"	"Afghanistan"	"Kandahar"	13	6	19	6421	10172	16593	66565	98802	165367
"2008.08.02"	"Pakistan"	"Kabal"	8	5	13	6429	10177	16606	66573	98807	165380
"2008.08.03"	"Pakistan"	"Bajaur"	1	0	1	6430	10177	16607	66574	98807	165381
"2008.08.03"	"Sudan"	"Nyala"	6	28	34	6436	10205	16641	66580	98835	165415
"2008.08.03"	"Somalia"	"Mogadishu"	20	47	67	6456	10252	16708	66600	98882	165482
"2008.08.03"	"Algeria"	"Kabylie"	0	25	25	6456	10277	16733	66600	98907	165507
"2008.08.03"	"Afghanistan"	"Helmand"	1	0	1	6457	10277	16734	66601	98907	165508
"2008.08.03"	"Iraq"	"Latifiyah"	6	13	19	6463	10290	16753	66607	98920	165527
"2008.08.03"	"Iraq"	"Baghdad"	12	22	34	6475	10312	16787	66619	98942	165561
"2008.08.03"	"Afghanistan"	"Ghazni"	4	0	4	6479	10312	16791	66623	98942	165565
"2008.08.03"	"Afghanistan"	"Gardiz"	3	0	3	6482	10312	16794	66626	98942	165568
"2008.08.03"	"Afghanistan"	"Paktika"	0	0	0	6482	10312	16794	66626	98942	165568
"2008.08.03"	"Pakistan"	"Temargara"	2	2	4	6484	10314	16798	66628	98944	165572
"2008.08.04"	"Iraq"	"Baghdad"	2	15	17	6486	10329	16815	66630	98959	165589
"2008.08.04"	"China"	"Xinjiang"	16	16	32	6502	10345	16847	66646	98975	165621
"2008.08.05"	"Philippines"	"Aleosan"	1	0	1	6503	10345	16848	66647	98975	165622
"2008.08.05"	"Iraq"	"Kirkuk"	3	0	3	6506	10345	16851	66650	98975	165625
"2008.08.05"	"Iraq"	"Basra"	1	0	1	6507	10345	16852	66651	98975	165626
"2008.08.05"	"Ingushetia"	"Nazran"	2	4	6	6509	10349	16858	66653	98979	165632
"2008.08.05"	"Pakistan"	"Mughli"	1	0	1	6510	10349	16859	66654	98979	165633
"2008.08.06"	"Pakistan"	"Swat"	2	15	17	6512	10364	16876	66656	98994	165650
"2008.08.06"	"Pakistan"	"Tirah"	4	12	16	6516	10376	16892	66660	99006	165666
"2008.08.06"	"Afghanistan"	"Lashkar Gah"	7	2	9	6523	10378	16901	66667	99008	165675
"2008.08.06"	"Somalia"	"Lafoole"	1	0	1	6524	10378	16902	66668	99008	165676
"2008.08.06"	"Thailand"	"Yala"	0	1	1	6524	10379	16903	66668	99009	165677
"2008.08.06"	"Iraq"	"Baquba"	16	0	16	6540	10379	16919	66684	99009	165693
"2008.08.06"	"Iraq"	"Mosul"	1	11	12	6541	10390	16931	66685	99020	165705
"2008.08.07"	"Pakistan"	"Swat"	4	0	4	6545	10390	16935	66689	99020	165709
"2008.08.07"	"Philippines"	"Zamboanga"	2	1	3	6547	10391	16938	66691	99021	165712
"2008.08.07"	"Iraq"	"Mosul"	4	6	10	6551	10397	16948	66695	99027	165722
"2008.08.07"	"Pakistan"	"Shahdara"	2	0	2	6553	10397	16950	66697	99027	165724
"2008.08.08"	"Thailand"	"Yala"	2	0	2	6555	10397	16952	66699	99027	165726
"2008.08.08"	"Thailand"	"Pattani"	1	0	1	6556	10397	16953	66700	99027	165727
"2008.08.08"	"Pakistan"	"Sadeeqabad"	22	0	22	6578	10397	16975	66722	99027	165749
"2008.08.08"	"Iraq"	"Tal Afar"	25	74	99	6603	10471	17074	66747	99101	165848
"2008.08.08"	"Afghanistan"	"Paktika"	5	0	5	6608	10471	17079	66752	99101	165853
"2008.08.08"	"Afghanistan"	"Kunar"	1	2	3	6609	10473	17082	66753	99103	165856
"2008.08.08"	"Pakistan"	"Bajaur"	3	0	3	6612	10473	17085	66756	99103	165859
"2008.08.09"	"Pakistan"	"Kurram"	16	25	41	6628	10498	17126	66772	99128	165900
"2008.08.09"	"Algeria"	"Zemmouri"	8	8	16	6636	10506	17142	66780	99136	165916
"2008.08.09"	"Pakistan"	"Swat"	8	15	23	6644	10521	17165	66788	99151	165939
"2008.08.09"	"Iraq"	"Baqubah"	16	0	16	6660	10521	17181	66804	99151	165955
"2008.08.09"	"Iraq"	"Baghdad"	1	2	3	6661	10523	17184	66805	99153	165958
"2008.08.09"	"Somalia"	"Alamada"	4	2	6	6665	10525	17190	66809	99155	165964
"2008.08.09"	"Nigeria"	"Kano"	1	0	1	6666	10525	17191	66810	99155	165965
"2008.08.10"	"Iraq"	"Baghdad"	9	46	55	6675	10571	17246	66819	99201	166020
"2008.08.10"	"Iraq"	"Tarmiyah"	4	21	25	6679	10592	17271	66823	99222	166045
"2008.08.10"	"Iraq"	"Khanaqin"	3	25	28	6682	10617	17299	66826	99247	166073
"2008.08.10"	"Pakistan"	"South Waziristan"	1	0	1	6683	10617	17300	66827	99247	166074
"2008.08.10"	"Pakistan"	"Kurram"	10	24	34	6693	10641	17334	66837	99271	166108
"2008.08.10"	"Pakistan"	"Hangu"	1	0	1	6694	10641	17335	66838	99271	166109
"2008.08.10"	"Algeria"	"Tigzirt"	3	0	3	6697	10641	17338	66841	99271	166112
"2008.08.10"	"Algeria"	"Zemmouri"	8	19	27	6705	10660	17365	66849	99290	166139
"2008.08.10"	"Saudi Arabia"	"Riyadh"	1	0	1	6706	10660	17366	66850	99290	166140
"2008.08.10"	"China"	"Xinjiang"	8	4	12	6714	10664	17378	66858	99294	166152
"2008.08.10"	"Philippines"	"Midsayap"	3	0	3	6717	10664	17381	66861	99294	166155
"2008.08.10"	"Afghanistan"	"Kandahar"	5	3	8	6722	10667	17389	66866	99297	166163
"2008.08.11"	"Iraq"	"Baqubah"	4	16	20	6726	10683	17409	66870	99313	166183
"2008.08.11"	"Iraq"	"Wajihiya"	5	3	8	6731	10686	17417	66875	99316	166191
"2008.08.11"	"Iran"	"Saravan"	2	0	2	6733	10686	17419	66877	99316	166193
"2008.08.11"	"Pakistan"	"Bajaur"	2	0	2	6735	10686	17421	66879	99316	166195
"2008.08.11"	"Afghanistan"	"Uruzgan"	6	3	9	6741	10689	17430	66885	99319	166204
"2008.08.11"	"Afghanistan"	"Kabul"	3	12	15	6744	10701	17445	66888	99331	166219
"2008.08.11"	"Philippines"	"Basilan"	2	12	14	6746	10713	17459	66890	99343	166233
"2008.08.11"	"Somalia"	"Mogadishu"	8	0	8	6754	10713	17467	66898	99343	166241
"2008.08.12"	"Germany"	"Ruesselsheim"	1	0	1	6755	10713	17468	66899	99343	166242
"2008.08.12"	"Pakistan"	"Peshawar"	13	11	24	6768	10724	17492	66912	99354	166266
"2008.08.12"	"Thailand"	"Narathiwat"	3	1	4	6771	10725	17496	66915	99355	166270
"2008.08.12"	"China"	"Xinjiang"	3	0	3	6774	10725	17499	66918	99355	166273
"2008.08.12"	"Philippines"	"Basilan"	4	0	4	6778	10725	17503	66922	99355	166277
"2008.08.12"	"Iraq"	"Baqubah"	2	10	12	6780	10735	17515	66924	99365	166289
"2008.08.12"	"Iraq"	"Ramadi"	6	0	6	6786	10735	17521	66930	99365	166295
"2008.08.13"	"Afghanistan"	"Helmand"	5	4	9	6791	10739	17530	66935	99369	166304
"2008.08.13"	"Thailand"	"Pattani"	1	19	20	6792	10758	17550	66936	99388	166324
"2008.08.13"	"Thailand"	"Yala"	1	2	3	6793	10760	17553	66937	99390	166327
"2008.08.13"	"Afghanistan"	"Logar"	4	0	4	6797	10760	17557	66941	99390	166331
"2008.08.13"	"Lebanon"	"Tripoli"	18	45	63	6815	10805	17620	66959	99435	166394
"2008.08.13"	"Iraq"	"Mosul"	3	15	18	6818	10820	17638	66962	99450	166412
"2008.08.13"	"Iraq"	"Qayara"	2	10	12	6820	10830	17650	66964	99460	166424
"2008.08.13"	"Iraq"	"Khan Bani Saad"	1	2	3	6821	10832	17653	66965	99462	166427
"2008.08.13"	"Pakistan"	"Lahore"	9	35	44	6830	10867	17697	66974	99497	166471
"2008.08.13"	"Pakistan"	"Kirri"	1	5	6	6831	10872	17703	66975	99502	166477
"2008.08.13"	"Pakistan"	"Bajaur"	1	0	1	6832	10872	17704	66976	99502	166478
"2008.08.13"	"India"	"Kishtwar"	1	0	1	6833	10872	17705	66977	99502	166479
"2008.08.13"	"Algeria"	"Bouira"	1	0	1	6834	10872	17706	66978	99502	166480
"2008.08.13"	"Saudi Arabia"	"Riyadh"	1	0	1	6835	10872	17707	66979	99502	166481
"2008.08.14"	"Algeria"	"Jijel"	2	0	2	6837	10872	17709	66981	99502	166483
"2008.08.14"	"Pakistan"	"Umari"	1	0	1	6838	10872	17710	66982	99502	166484
"2008.08.14"	"Iraq"	"Karbala"	18	75	93	6856	10947	17803	67000	99577	166577
"2008.08.14"	"Pakistan"	"Swat"	1	0	1	6857	10947	17804	67001	99577	166578
"2008.08.14"	"Iraq"	"Baqubah"	1	2	3	6858	10949	17807	67002	99579	166581
"2008.08.14"	"Pakistan"	"Swat"	2	0	2	6860	10949	17809	67004	99579	166583
"2008.08.15"	"Somalia"	"Mogadishu"	5	0	5	6865	10949	17814	67009	99579	166588
"2008.08.15"	"Iraq"	"Balad"	9	48	57	6874	10997	17871	67018	99627	166645
"2008.08.16"	"Afghanistan"	"Kandahar"	10	0	10	6884	10997	17881	67028	99627	166655
"2008.08.16"	"India"	"Kishtwar"	1	0	1	6885	10997	17882	67029	99627	166656
"2008.08.16"	"Pakistan"	"Hayatabad"	1	0	1	6886	10997	17883	67030	99627	166657
"2008.08.16"	"Philippines"	"Panamao"	2	0	2	6888	10997	17885	67032	99627	166659
"2008.08.16"	"Iraq"	"Baghdad"	6	11	17	6894	11008	17902	67038	99638	166676
"2008.08.16"	"Pakistan"	"Shawaal"	1	0	1	6895	11008	17903	67039	99638	166677
"2008.08.16"	"Afghanistan"	"Logar"	1	0	1	6896	11008	17904	67040	99638	166678
"2008.08.17"	"Azerbaijan"	"Baku"	2	8	10	6898	11016	17914	67042	99646	166688
"2008.08.17"	"Somalia"	"Dinsoor"	2	0	2	6900	11016	17916	67044	99646	166690
"2008.08.17"	"Iraq"	"Baghdad"	15	29	44	6915	11045	17960	67059	99675	166734
"2008.08.17"	"Afghanistan"	"Helmand"	3	4	7	6918	11049	17967	67062	99679	166741
"2008.08.17"	"Philippines"	"Lanao del Sur"	7	11	18	6925	11060	17985	67069	99690	166759
"2008.08.18"	"Pakistan"	"Swat"	1	0	1	6926	11060	17986	67070	99690	166760
"2008.08.18"	"Somalia"	"Doblai"	2	2	4	6928	11062	17990	67072	99692	166764
"2008.08.18"	"Philippines"	"Mindanao"	49	50	99	6977	11112	18089	67121	99742	166863
"2008.08.18"	"Iraq"	"Ramadi"	5	7	12	6982	11119	18101	67126	99749	166875
"2008.08.18"	"Iraq"	"Baghdad"	1	1	2	6983	11120	18103	67127	99750	166877
"2008.08.18"	"Afghanistan"	"Khost"	10	13	23	6993	11133	18126	67137	99763	166900
"2008.08.18"	"Pakistan"	"Kari Wala"	1	0	1	6994	11133	18127	67138	99763	166901
"2008.08.19"	"Afghanistan"	"Surobi"	10	21	31	7004	11154	18158	67148	99784	166932
"2008.08.19"	"Afghanistan"	"Khost"	2	0	2	7006	11154	18160	67150	99784	166934
"2008.08.19"	"Pakistan"	"Dera Ismail Khan"	30	32	62	7036	11186	18222	67180	99816	166996
"2008.08.19"	"Algeria"	"Issers"	43	38	81	7079	11224	18303	67223	99854	167077
"2008.08.19"	"Iraq"	"Baqubah"	35	0	35	7114	11224	18338	67258	99854	167112
"2008.08.20"	"Iraq"	"Baghdad"	7	6	13	7121	11230	18351	67265	99860	167125
"2008.08.20"	"Somalia"	"Kismayo"	9	22	31	7130	11252	18382	67274	99882	167156
"2008.08.20"	"Algeria"	"Bouira"	12	38	50	7142	11290	18432	67286	99920	167206
"2008.08.20"	"Somalia"	"Mogadishu"	4	7	11	7146	11297	18443	67290	99927	167217
"2008.08.20"	"Pakistan"	"Peshawar"	2	0	2	7148	11297	18445	67292	99927	167219
"2008.08.20"	"Pakistan"	"Sargodha"	1	0	1	7149	11297	18446	67293	99927	167220
"2008.08.21"	"Pakistan"	"Kohat"	1	0	1	7150	11297	18447	67294	99927	167221
"2008.08.21"	"Thailand"	"Narathiwat"	2	17	19	7152	11314	18466	67296	99944	167240
"2008.08.21"	"Pakistan"	"Wah"	78	67	145	7230	11381	18611	67374	100011	167385
"2008.08.21"	"Iraq"	"Mosul"	1	0	1	7231	11381	18612	67375	100011	167386
"2008.08.21"	"Somalia"	"Mogadishu"	6	11	17	7237	11392	18629	67381	100022	167403
"2008.08.21"	"Pakistan"	"Swat"	5	1	6	7242	11393	18635	67386	100023	167409
"2008.08.22"	"Pakistan"	"Peshawar"	1	2	3	7243	11395	18638	67387	100025	167412
"2008.08.22"	"India"	"Ganderbal"	1	1	2	7244	11396	18640	67388	100026	167414
"2008.08.22"	"Pakistan"	"NWFP"	2	14	16	7246	11410	18656	67390	100040	167430
"2008.08.23"	"Pakistan"	"Abuha"	2	4	6	7248	11414	18662	67392	100044	167436
"2008.08.23"	"Pakistan"	"Swat"	15	23	38	7263	11437	18700	67407	100067	167474
"2008.08.23"	"Iraq"	"Kirkuk"	5	8	13	7268	11445	18713	67412	100075	167487
"2008.08.23"	"Chechnya"	"Agishty"	2	2	4	7270	11447	18717	67414	100077	167491
"2008.08.23"	"Pakistan"	"North Waziristan"	2	0	2	7272	11447	18719	67416	100077	167493
"2008.08.23"	"Pakistan"	"Kurram"	4	7	11	7276	11454	18730	67420	100084	167504
"2008.08.24"	"Pakistan"	"Matta"	4	0	4	7280	11454	18734	67424	100084	167508
"2008.08.24"	"Iraq"	"Baghdad"	9	32	41	7289	11486	18775	67433	100116	167549
"2008.08.24"	"Iraq"	"Baghdad"	30	42	72	7319	11528	18847	67463	100158	167621
"2008.08.25"	"Pakistan"	"Shakardara"	2	0	2	7321	11528	18849	67465	100158	167623
"2008.08.25"	"Pakistan"	"Swat"	10	2	12	7331	11530	18861	67475	100160	167635
"2008.08.25"	"Sudan"	"Darfur"	32	135	167	7363	11665	19028	67507	100295	167802
"2008.08.25"	"Iraq"	"Mussayab"	1	2	3	7364	11667	19031	67508	100297	167805
"2008.08.25"	"Philippines"	"Maguindanao"	1	0	1	7365	11667	19032	67509	100297	167806
"2008.08.26"	"India"	"Kupwara"	1	1	2	7366	11668	19034	67510	100298	167808
"2008.08.26"	"Somalia"	"Baidoa"	2	1	3	7368	11669	19037	67512	100299	167811
"2008.08.26"	"Pakistan"	"Islamabad"	8	20	28	7376	11689	19065	67520	100319	167839
"2008.08.26"	"Iraq"	"Jalawla"	28	45	73	7404	11734	19138	67548	100364	167912
"2008.08.26"	"Iraq"	"Mandali"	5	0	5	7409	11734	19143	67553	100364	167917
"2008.08.27"	"Thailand"	"Yala"	1	0	1	7410	11734	19144	67554	100364	167918
"2008.08.27"	"Pakistan"	"Wana"	2	11	13	7412	11745	19157	67556	100375	167931
"2008.08.27"	"Somalia"	"Mogadishu"	2	0	2	7414	11745	19159	67558	100375	167933
"2008.08.27"	"India"	"Jammu"	6	0	6	7420	11745	19165	67564	100375	167939
"2008.08.27"	"Thailand"	"Narathiwat"	1	0	1	7421	11745	19166	67565	100375	167940
"2008.08.27"	"Thailand"	"Pattani"	2	0	2	7423	11745	19168	67567	100375	167942
"2008.08.27"	"Afghanistan"	"Nangarhar"	1	0	1	7424	11745	19169	67568	100375	167943
"2008.08.28"	"Pakistan"	"Koza Bandai"	1	0	1	7425	11745	19170	67569	100375	167944
"2008.08.28"	"Pakistan"	"Swat"	2	0	2	7427	11745	19172	67571	100375	167946
"2008.08.28"	"Lebanon"	"Sejoud"	1	0	1	7428	11745	19173	67572	100375	167947
"2008.08.28"	"Pakistan"	"Bannu"	10	16	26	7438	11761	19199	67582	100391	167973
"2008.08.28"	"China"	"Xinjiang"	2	7	9	7440	11768	19208	67584	100398	167982
"2008.08.28"	"Iraq"	"Baghdad"	2	0	2	7442	11768	19210	67586	100398	167984
"2008.08.29"	"Somalia"	"Mogadishu"	1	0	1	7443	11768	19211	67587	100398	167985
"2008.08.29"	"Somalia"	"Kismayo"	2	1	3	7445	11769	19214	67589	100399	167988
"2008.08.29"	"Dagestan"	"Makhachkala"	1	0	1	7446	11769	19215	67590	100399	167989
"2008.08.29"	"Pakistan"	"Kohat Tunnel"	5	37	42	7451	11806	19257	67595	100436	168031
"2008.08.29"	"Algeria"	"Batna"	7	14	21	7458	11820	19278	67602	100450	168052
"2008.08.30"	"Angola"	"Andulo"	1	40	41	7459	11860	19319	67603	100490	168093
"2008.08.30"	"Pakistan"	"Swat"	2	0	2	7461	11860	19321	67605	100490	168095
"2008.08.30"	"Iraq"	"al-Ahbash"	4	0	4	7465	11860	19325	67609	100490	168099
"2008.08.30"	"Chechnya"	"Vedeno"	2	11	13	7467	11871	19338	67611	100501	168112
"2008.08.30"	"Philippines"	"Sulu"	4	10	14	7471	11881	19352	67615	100511	168126
"2008.08.30"	"Iraq"	"Iskandariya"	2	0	2	7473	11881	19354	67617	100511	168128
"2008.08.30"	"Pakistan"	"Kurram"	19	70	89	7492	11951	19443	67636	100581	168217
"2008.08.31"	"Thailand"	"Pattani"	2	0	2	7494	11951	19445	67638	100581	168219
"2008.08.31"	"Iraq"	"Mosul"	1	0	1	7495	11951	19446	67639	100581	168220
"2008.09.01"	"Afghanistan"	"Khost"	2	2	4	7497	11953	19450	67641	100583	168224
"2008.09.01"	"Afghanistan"	"Kandahar"	1	0	1	7498	11953	19451	67642	100583	168225
"2008.09.01"	"Afghanistan"	"Wardak"	3	0	3	7501	11953	19454	67645	100583	168228
"2008.09.01"	"Iraq"	"Othmaniyah"	3	0	3	7504	11953	19457	67648	100583	168231
"2008.09.01"	"Iraq"	"Kirkuk"	1	2	3	7505	11955	19460	67649	100585	168234
"2008.09.01"	"Somalia"	"Mogadishu"	1	0	1	7506	11955	19461	67650	100585	168235
"2008.09.01"	"Thailand"	"Yala"	1	0	1	7507	11955	19462	67651	100585	168236
"2008.09.01"	"Afghanistan"	"Kunduz"	1	0	1	7508	11955	19463	67652	100585	168237
"2008.09.01"	"Philippines"	"Digos"	6	32	38	7514	11987	19501	67658	100617	168275
"2008.09.01"	"Pakistan"	"Kohat"	7	0	7	7521	11987	19508	67665	100617	168282
"2008.09.01"	"Thailand"	"Yala"	1	0	1	7522	11987	19509	67666	100617	168283
"2008.09.01"	"Thailand"	"Pattani"	2	0	2	7524	11987	19511	67668	100617	168285
"2008.09.02"	"Dagestan"	"Makhachkala"	1	0	1	7525	11987	19512	67669	100617	168286
"2008.09.02"	"Pakistan"	"Swat"	2	0	2	7527	11987	19514	67671	100617	168288
"2008.09.02"	"Iraq"	"Mosul"	1	0	1	7528	11987	19515	67672	100617	168289
"2008.09.02"	"India"	"Pulwama"	1	2	3	7529	11989	19518	67673	100619	168292
"2008.09.02"	"Iraq"	"Baghdad"	4	23	27	7533	12012	19545	67677	100642	168319
"2008.09.02"	"Iraq"	"Mosul"	7	7	14	7540	12019	19559	67684	100649	168333
"2008.09.02"	"Iraq"	"Kirkuk"	1	2	3	7541	12021	19562	67685	100651	168336
"2008.09.03"	"Somalia"	"Mogadishu"	2	4	6	7543	12025	19568	67687	100655	168342
"2008.09.03"	"Pakistan"	"Sahiwal"	1	0	1	7544	12025	19569	67688	100655	168343
"2008.09.04"	"Thailand"	"Narathiwat"	1	0	1	7545	12025	19570	67689	100655	168344
"2008.09.04"	"Iraq"	"Mosul"	4	0	4	7549	12025	19574	67693	100655	168348
"2008.09.05"	"Thailand"	"Yala"	1	0	1	7550	12025	19575	67694	100655	168349
"2008.09.05"	"Thailand"	"Pattani"	2	0	2	7552	12025	19577	67696	100655	168351
"2008.09.05"	"Iraq"	"Baghdad"	6	17	23	7558	12042	19600	67702	100672	168374
"2008.09.06"	"Somalia"	"Mogadishu"	1	0	1	7559	12042	19601	67703	100672	168375
"2008.09.06"	"Afghanistan"	"Nimruz"	2	7	9	7561	12049	19610	67705	100679	168384
"2008.09.06"	"Afghanistan"	"Nimroz"	6	1	7	7567	12050	19617	67711	100680	168391
"2008.09.06"	"Pakistan"	"Peshawar"	16	80	96	7583	12130	19713	67727	100760	168487
"2008.09.06"	"Pakistan"	"Peshawar"	35	91	126	7618	12221	19839	67762	100851	168613
"2008.09.06"	"Iraq"	"Buhriz"	2	3	5	7620	12224	19844	67764	100854	168618
"2008.09.06"	"Iraq"	"Tal Afar"	6	54	60	7626	12278	19904	67770	100908	168678
"2008.09.07"	"Somalia"	"Beletwein"	5	5	10	7631	12283	19914	67775	100913	168688
"2008.09.07"	"Pakistan"	"Swat"	2	0	2	7633	12283	19916	67777	100913	168690
"2008.09.07"	"India"	"Ramban"	1	2	3	7634	12285	19919	67778	100915	168693
"2008.09.07"	"Pakistan"	"Kurram"	3	12	15	7637	12297	19934	67781	100927	168708
"2008.09.07"	"Afghanistan"	"Kandahar"	8	23	31	7645	12320	19965	67789	100950	168739
"2008.09.07"	"Pakistan"	"Zila Mir Pur Khas"	1	0	1	7646	12320	19966	67790	100950	168740
"2008.09.07"	"Pakistan"	"Waris Khan"	2	0	2	7648	12320	19968	67792	100950	168742
"2008.09.08"	"Iraq"	"Baiji"	2	4	6	7650	12324	19974	67794	100954	168748
"2008.09.08"	"Iraq"	"Bani Saad"	2	1	3	7652	12325	19977	67796	100955	168751
"2008.09.08"	"Iraq"	"Mosul"	3	0	3	7655	12325	19980	67799	100955	168754
"2008.09.08"	"India"	"Doda"	1	0	1	7656	12325	19981	67800	100955	168755
"2008.09.08"	"Afghanistan"	"Zabul"	6	2	8	7662	12327	19989	67806	100957	168763
"2008.09.08"	"Somalia"	"Mogadishu"	4	2	6	7666	12329	19995	67810	100959	168769
"2008.09.08"	"Pakistan"	"Sindh"	1	0	1	7667	12329	19996	67811	100959	168770
"2008.09.09"	"Iraq"	"Mosul"	1	0	1	7668	12329	19997	67812	100959	168771
"2008.09.09"	"Pakistan"	"Sindh"	4	0	4	7672	12329	20001	67816	100959	168775
"2008.09.09"	"Thailand"	"Yala"	1	1	2	7673	12330	20003	67817	100960	168777
"2008.09.09"	"Thailand"	"Pattani"	1	0	1	7674	12330	20004	67818	100960	168778
"2008.09.09"	"Pakistan"	"Swat"	5	1	6	7679	12331	20010	67823	100961	168784
"2008.09.09"	"Sudan"	"Bere"	6	0	6	7685	12331	20016	67829	100961	168790
"2008.09.10"	"Pakistan"	"Bajaur"	3	0	3	7688	12331	20019	67832	100961	168793
"2008.09.10"	"Sudan"	"Zamzam"	5	24	29	7693	12355	20048	67837	100985	168822
"2008.09.10"	"Pakistan"	"Dir"	25	50	75	7718	12405	20123	67862	101035	168897
"2008.09.10"	"Iraq"	"Mosul"	1	0	1	7719	12405	20124	67863	101035	168898
"2008.09.10"	"Somalia"	"Mogadishu"	4	0	4	7723	12405	20128	67867	101035	168902
"2008.09.11"	"Thailand"	"Narathiwat"	1	0	1	7724	12405	20129	67868	101035	168903
"2008.09.11"	"Thailand"	"Pattani"	2	0	2	7726	12405	20131	67870	101035	168905
"2008.09.11"	"Pakistan"	"Swat"	8	0	8	7734	12405	20139	67878	101035	168913
"2008.09.11"	"Iraq"	"Baghdad"	3	3	6	7737	12408	20145	67881	101038	168919
"2008.09.11"	"Iraq"	"Khalis"	2	0	2	7739	12408	20147	67883	101038	168921
"2008.09.11"	"Iraq"	"Mosul"	5	7	12	7744	12415	20159	67888	101045	168933
"2008.09.11"	"Iraq"	"Saidiya"	5	2	7	7749	12417	20166	67893	101047	168940
"2008.09.11"	"India"	"Doda"	0	1	1	7749	12418	20167	67893	101048	168941
"2008.09.11"	"Afghanistan"	"Kandahar"	2	4	6	7751	12422	20173	67895	101052	168947
"2008.09.11"	"Pakistan"	"Orakzai"	2	0	2	7753	12422	20175	67897	101052	168949
"2008.09.11"	"Afghanistan"	"Nimroz"	2	0	2	7755	12422	20177	67899	101052	168951
"2008.09.12"	"Iraq"	"Sinjar"	3	15	18	7758	12437	20195	67902	101067	168969
"2008.09.12"	"Iraq"	"Dujail"	31	60	91	7789	12497	20286	67933	101127	169060
"2008.09.12"	"Afghanistan"	"Farah"	8	0	8	7797	12497	20294	67941	101127	169068
"2008.09.12"	"Turkey"	"Diyarbakır"	1	0	1	7798	12497	20295	67942	101127	169069
"2008.09.13"	"Pakistan"	"Lahore"	1	0	1	7799	12497	20296	67943	101127	169070
"2008.09.13"	"Afghanistan"	"Logar"	4	0	4	7803	12497	20300	67947	101127	169074
"2008.09.13"	"Israel"	"Yitzhar"	0	1	1	7803	12498	20301	67947	101128	169075
"2008.09.13"	"India"	"New Delhi"	30	90	120	7833	12588	20421	67977	101218	169195
"2008.09.13"	"Pakistan"	"Zabul"	0	1	1	7833	12589	20422	67977	101219	169196
"2008.09.13"	"Pakistan"	"Kurram"	2	8	10	7835	12597	20432	67979	101227	169206
"2008.09.13"	"Iraq"	"Baghdad"	4	9	13	7839	12606	20445	67983	101236	169219
"2008.09.13"	"Iraq"	"Mosul"	4	0	4	7843	12606	20449	67987	101236	169223
"2008.09.13"	"Iraq"	"Mosul"	2	0	2	7845	12606	20451	67989	101236	169225
"2008.09.14"	"Russia"	"Karachayevo-Cherk."	1	2	3	7846	12608	20454	67990	101238	169228
"2008.09.14"	"Pakistan"	"Lahore"	1	0	1	7847	12608	20455	67991	101238	169229
"2008.09.14"	"Pakistan"	"Esha"	1	0	1	7848	12608	20456	67992	101238	169230
"2008.09.14"	"Pakistan"	"North Waziristan"	1	0	1	7849	12608	20457	67993	101238	169231
"2008.09.14"	"Afghanistan"	"Ghazni"	6	12	18	7855	12620	20475	67999	101250	169249
"2008.09.14"	"India"	"Poonch"	4	0	4	7859	12620	20479	68003	101250	169253
"2008.09.14"	"Iraq"	"Saidiya"	7	6	13	7866	12626	20492	68010	101256	169266
"2008.09.14"	"Iraq"	"Mosul"	2	0	2	7868	12626	20494	68012	101256	169268
"2008.09.14"	"Afghanistan"	"Ghazni"	7	0	7	7875	12626	20501	68019	101256	169275
"2008.09.14"	"Afghanistan"	"Kandahar"	3	16	19	7878	12642	20520	68022	101272	169294
"2008.09.14"	"Somalia"	"Mogadishu"	3	0	3	7881	12642	20523	68025	101272	169297
"2008.09.14"	"Thailand"	"Pattani"	1	0	1	7882	12642	20524	68026	101272	169298
"2008.09.14"	"Kenya"	"Garissa"	0	10	10	7882	12652	20534	68026	101282	169308
"2008.09.14"	"Somalia"	"Afgoye"	1	0	1	7883	12652	20535	68027	101282	169309
"2008.09.15"	"Thailand"	"Narathiwat"	1	0	1	7884	12652	20536	68028	101282	169310
"2008.09.15"	"Iraq"	"Baghdad"	13	35	48	7897	12687	20584	68041	101317	169358
"2008.09.15"	"Iraq"	"Balad Ruz"	22	33	55	7919	12720	20639	68063	101350	169413
"2008.09.15"	"Thailand"	"Pattani"	1	0	1	7920	12720	20640	68064	101350	169414
"2008.09.15"	"Mauritania"	"Tourine"	12	4	16	7932	12724	20656	68076	101354	169430
"2008.09.15"	"Somalia"	"Mogadishu"	4	0	4	7936	12724	20660	68080	101354	169434
"2008.09.16"	"Thailand"	"Narathiwat"	3	0	3	7939	12724	20663	68083	101354	169437
"2008.09.16"	"Pakistan"	"Swat"	3	6	9	7942	12730	20672	68086	101360	169446
"2008.09.16"	"Lebanon"	"Ain el-Helweh"	4	0	4	7946	12730	20676	68090	101360	169450
"2008.09.16"	"Pal. Auth."	"Gaza"	1	0	1	7947	12730	20677	68091	101360	169451
"2008.09.16"	"Thailand"	"Pattani"	1	0	1	7948	12730	20678	68092	101360	169452
"2008.09.16"	"Iraq"	"Khanaqin"	4	3	7	7952	12733	20685	68096	101363	169459
"2008.09.16"	"Iraq"	"Taji"	2	16	18	7954	12749	20703	68098	101379	169477
"2008.09.17"	"Yemen"	"Sanaa"	10	13	23	7964	12762	20726	68108	101392	169500
"2008.09.17"	"Iraq"	"Baghdad"	18	79	97	7982	12841	20823	68126	101471	169597
"2008.09.17"	"Pakistan"	"Dera Ismail Khan"	1	7	8	7983	12848	20831	68127	101478	169605
"2008.09.17"	"Pakistan"	"Khyber"	1	0	1	7984	12848	20832	68128	101478	169606
"2008.09.17"	"India"	"Srinagar"	0	15	15	7984	12863	20847	68128	101493	169621
"2008.09.17"	"Ingushetia"	"Magas"	4	0	4	7988	12863	20851	68132	101493	169625
"2008.09.17"	"Philippines"	"Mindanao"	1	7	8	7989	12870	20859	68133	101500	169633
"2008.09.17"	"Thailand"	"Yala"	2	0	2	7991	12870	20861	68135	101500	169635
"2008.09.18"	"Afghanistan"	"Khost"	3	0	3	7994	12870	20864	68138	101500	169638
"2008.09.18"	"Iraq"	"Mosul"	2	0	2	7996	12870	20866	68140	101500	169640
"2008.09.18"	"England"	"Crawley"	0	1	1	7996	12871	20867	68140	101501	169641
"2008.09.19"	"Iraq"	"Basra"	1	0	1	7997	12871	20868	68141	101501	169642
"2008.09.19"	"Thailand"	"Narathiwat"	1	0	1	7998	12871	20869	68142	101501	169643
"2008.09.19"	"Afghanistan"	"Paktika"	4	2	6	8002	12873	20875	68146	101503	169649
"2008.09.19"	"Pakistan"	"Quetta"	8	9	17	8010	12882	20892	68154	101512	169666
"2008.09.19"	"Somalia"	"Mogadishu"	12	35	47	8022	12917	20939	68166	101547	169713
"2008.09.19"	"Iraq"	"Tuz Khormato"	1	0	1	8023	12917	20940	68167	101547	169714
"2008.09.19"	"Pakistan"	"Swat"	2	0	2	8025	12917	20942	68169	101547	169716
"2008.09.20"	"Philippines"	"Maguindanao"	1	4	5	8026	12921	20947	68170	101551	169721
"2008.09.20"	"Pakistan"	"Islamabad"	53	257	310	8079	13178	21257	68223	101808	170031
"2008.09.20"	"Iraq"	"Tal Afar"	6	23	29	8085	13201	21286	68229	101831	170060
"2008.09.20"	"Pakistan"	"Jamrud"	1	1	2	8086	13202	21288	68230	101832	170062
"2008.09.20"	"Mauritania"	"Tourine"	12	0	12	8098	13202	21300	68242	101832	170074
"2008.09.20"	"Pakistan"	"North Waziristan"	6	5	11	8104	13207	21311	68248	101837	170085
"2008.09.20"	"Ethiopia"	"Addis Ababa"	0	1	1	8104	13208	21312	68248	101838	170086
"2008.09.21"	"Thailand"	"Yala"	2	0	2	8106	13208	21314	68250	101838	170088
"2008.09.21"	"Thailand"	"Pattani"	1	0	1	8107	13208	21315	68251	101838	170089
"2008.09.21"	"Thailand"	"Pattani"	1	0	1	8108	13208	21316	68252	101838	170090
"2008.09.21"	"Iraq"	"Kirkuk"	3	23	26	8111	13231	21342	68255	101861	170116
"2008.09.21"	"Iraq"	"Jalawla"	3	6	9	8114	13237	21351	68258	101867	170125
"2008.09.21"	"Iraq"	"Mosul"	6	48	54	8120	13285	21405	68264	101915	170179
"2008.09.22"	"Pakistan"	"Peshawar"	1	1	2	8121	13286	21407	68265	101916	170181
"2008.09.22"	"Somalia"	"Mogadishu"	42	60	102	8163	13346	21509	68307	101976	170283
"2008.09.22"	"Iraq"	"Mosul"	5	3	8	8168	13349	21517	68312	101979	170291
"2008.09.22"	"Pakistan"	"Swat"	9	2	11	8177	13351	21528	68321	101981	170302
"2008.09.22"	"Israel"	"Jerusalem"	0	15	15	8177	13366	21543	68321	101996	170317
"2008.09.22"	"Thailand"	"Narathiwat"	2	0	2	8179	13366	21545	68323	101996	170319
"2008.09.22"	"Iraq"	"Baghdad"	3	5	8	8182	13371	21553	68326	102001	170327
"2008.09.22"	"Afghanistan"	"Kandahar"	2	0	2	8184	13371	21555	68328	102001	170329
"2008.09.23"	"Iraq"	"Baquba"	1	8	9	8185	13379	21564	68329	102009	170338
"2008.09.23"	"Afghanistan"	"Uruzgan"	6	0	6	8191	13379	21570	68335	102009	170344
"2008.09.23"	"Somalia"	"Manyafulka"	1	0	1	8192	13379	21571	68336	102009	170345
"2008.09.24"	"Afghanistan"	"Kabul"	6	4	10	8198	13383	21581	68342	102013	170355
"2008.09.24"	"Pakistan"	"Quetta"	4	10	14	8202	13393	21595	68346	102023	170369
"2008.09.24"	"Somalia"	"Mogadishu"	11	40	51	8213	13433	21646	68357	102063	170420
"2008.09.24"	"Somalia"	"Baidoa"	4	0	4	8217	13433	21650	68361	102063	170424
"2008.09.24"	"Thailand"	"Pattani"	1	1	2	8218	13434	21652	68362	102064	170426
"2008.09.24"	"Thailand"	"Yala"	1	0	1	8219	13434	21653	68363	102064	170427
"2008.09.24"	"Iraq"	"Diyala"	35	0	35	8254	13434	21688	68398	102064	170462
"2008.09.24"	"Pakistan"	"Kot"	2	10	12	8256	13444	21700	68400	102074	170474
"2008.09.25"	"Iraq"	"Baghdad"	1	0	1	8257	13444	21701	68401	102074	170475
"2008.09.25"	"Afghanistan"	"Kandahar"	4	3	7	8261	13447	21708	68405	102077	170482
"2008.09.25"	"Afghanistan"	"Herat"	11	5	16	8272	13452	21724	68416	102082	170498
"2008.09.25"	"India"	"Baramulla"	1	0	1	8273	13452	21725	68417	102082	170499
"2008.09.25"	"Somalia"	"Wardegley"	10	14	24	8283	13466	21749	68427	102096	170523
"2008.09.25"	"Pakistan"	"Swat"	2	1	3	8285	13467	21752	68429	102097	170526
"2008.09.25"	"Pakistan"	"Charbagh"	1	0	1	8286	13467	21753	68430	102097	170527
"2008.09.25"	"Pakistan"	"Khyber"	1	1	2	8287	13468	21755	68431	102098	170529
"2008.09.25"	"Thailand"	"Pattani"	3	1	4	8290	13469	21759	68434	102099	170533
"2008.09.26"	"Iraq"	"Baghdad"	3	2	5	8293	13471	21764	68437	102101	170538
"2008.09.26"	"Pakistan"	"Karachi"	1	0	1	8294	13471	21765	68438	102101	170539
"2008.09.26"	"Philippines"	"Maguindanao"	1	7	8	8295	13478	21773	68439	102108	170547
"2008.09.26"	"Afghanistan"	"Khost"	5	7	12	8300	13485	21785	68444	102115	170559
"2008.09.26"	"Pakistan"	"Punjab"	9	15	24	8309	13500	21809	68453	102130	170583
"2008.09.26"	"Thailand"	"Narathiwat"	1	0	1	8310	13500	21810	68454	102130	170584
"2008.09.26"	"Pakistan"	"South Waziristan"	1	0	1	8311	13500	21811	68455	102130	170585
"2008.09.26"	"Pakistan"	"Karachi"	1	0	1	8312	13500	21812	68456	102130	170586
"2008.09.27"	"Iraq"	"Mosul"	1	0	1	8313	13500	21813	68457	102130	170587
"2008.09.27"	"Pakistan"	"Matta"	3	0	3	8316	13500	21816	68460	102130	170590
"2008.09.27"	"India"	"Delhi"	2	25	27	8318	13525	21843	68462	102155	170617
"2008.09.27"	"Syria"	"Damascus"	17	14	31	8335	13539	21874	68479	102169	170648
"2008.09.27"	"Somalia"	"Mogadishu"	9	10	19	8344	13549	21893	68488	102179	170667
"2008.09.28"	"Thailand"	"Narathiwat"	1	0	1	8345	13549	21894	68489	102179	170668
"2008.09.28"	"Somalia"	"Mogadishu"	2	0	2	8347	13549	21896	68491	102179	170670
"2008.09.28"	"Iraq"	"Baghdad"	32	97	129	8379	13646	22025	68523	102276	170799
"2008.09.28"	"Afghanistan"	"Kandahar"	4	0	4	8383	13646	22029	68527	102276	170803
"2008.09.28"	"Thailand"	"Pattani"	1	0	1	8384	13646	22030	68528	102276	170804
"2008.09.28"	"Pakistan"	"Attock"	3	1	4	8387	13647	22034	68531	102277	170808
"2008.09.28"	"Somalia"	"Tayeglow"	0	2	2	8387	13649	22036	68531	102279	170810
"2008.09.28"	"Algeria"	"Dellys"	4	9	13	8391	13658	22049	68535	102288	170823
"2008.09.28"	"Algeria"	"Tizi Wazu"	2	0	2	8393	13658	22051	68537	102288	170825
"2008.09.28"	"Afghanistan"	"Kandahar"	1	1	2	8394	13659	22053	68538	102289	170827
"2008.09.29"	"Pakistan"	"Chatto Chowk"	1	0	1	8395	13659	22054	68539	102289	170828
"2008.09.29"	"Iraq"	"Mosul"	2	0	2	8397	13659	22056	68541	102289	170830
"2008.09.29"	"Lebanon"	"Tripoli"	6	30	36	8403	13689	22092	68547	102319	170866
"2008.09.29"	"Algeria"	"Bomerdas"	3	4	7	8406	13693	22099	68550	102323	170873
"2008.09.29"	"Thailand"	"Narathiwat"	1	0	1	8407	13693	22100	68551	102323	170874
"2008.09.30"	"Iraq"	"Baghdad"	4	9	13	8411	13702	22113	68555	102332	170887
"2008.09.30"	"Iraq"	"Mosul"	2	0	2	8413	13702	22115	68557	102332	170889
"2008.09.30"	"Thailand"	"Yala"	2	0	2	8415	13702	22117	68559	102332	170891
"2008.09.30"	"Ingushetia"	"Nazran"	1	3	4	8416	13705	22121	68560	102335	170895
"2008.09.30"	"Somalia"	"Baidoa"	1	4	5	8417	13709	22126	68561	102339	170900
"2008.09.30"	"Pakistan"	"Sadar"	1	0	1	8418	13709	22127	68562	102339	170901
"2008.10.01"	"Philippines"	"Mindanao"	3	12	15	8421	13721	22142	68565	102351	170916
"2008.10.01"	"Somalia"	"Baidoa"	2	4	6	8423	13725	22148	68567	102355	170922
"2008.10.01"	"India"	"Agartala"	4	76	80	8427	13801	22228	68571	102431	171002
"2008.10.01"	"Iraq"	"Balad"	4	29	33	8431	13830	22261	68575	102460	171035
"2008.10.01"	"India"	"Doda"	1	0	1	8432	13830	22262	68576	102460	171036
"2008.10.02"	"Iraq"	"Baghdad"	26	50	76	8458	13880	22338	68602	102510	171112
"2008.10.02"	"Iraq"	"Wajihiya"	6	3	9	8464	13883	22347	68608	102513	171121
"2008.10.02"	"Pakistan"	"Charsadda"	5	12	17	8469	13895	22364	68613	102525	171138
"2008.10.03"	"Algeria"	"Theniet el-Had"	6	0	6	8475	13895	22370	68619	102525	171144
"2008.10.03"	"Afghanistan"	"Kunar"	1	4	5	8476	13899	22375	68620	102529	171149
"2008.10.04"	"Iraq"	"Mosul"	4	0	4	8480	13899	22379	68624	102529	171153
"2008.10.04"	"Somalia"	"Mogadishu"	5	7	12	8485	13906	22391	68629	102536	171165
"2008.10.04"	"Iraq"	"Tahrir"	1	0	1	8486	13906	22392	68630	102536	171166
"2008.10.04"	"Ingushetia"	"Rostov-on-don"	1	0	1	8487	13906	22393	68631	102536	171167
"2008.10.04"	"Somalia"	"Baidoa"	1	0	1	8488	13906	22394	68632	102536	171168
"2008.10.04"	"Thailand"	"Pattani"	2	0	2	8490	13906	22396	68634	102536	171170
"2008.10.05"	"Iraq"	"Mosul"	1	1	2	8491	13907	22398	68635	102537	171172
"2008.10.05"	"Iraq"	"Zanjili"	4	6	10	8495	13913	22408	68639	102543	171182
"2008.10.05"	"Egypt"	"al-Tayeba"	1	3	4	8496	13916	22412	68640	102546	171186
"2008.10.06"	"Pakistan"	"Punjab"	17	60	77	8513	13976	22489	68657	102606	171263
"2008.10.06"	"Somalia"	"Merka"	1	2	3	8514	13978	22492	68658	102608	171266
"2008.10.06"	"Somalia"	"Mogadishu"	17	35	52	8531	14013	22544	68675	102643	171318
"2008.10.06"	"Iraq"	"Mosul"	1	0	1	8532	14013	22545	68676	102643	171319
"2008.10.07"	"Somalia"	"Beledweyne"	1	0	1	8533	14013	22546	68677	102643	171320
"2008.10.07"	"Thailand"	"Narathiwat"	1	1	2	8534	14014	22548	68678	102644	171322
"2008.10.07"	"Algeria"	"M'sila"	2	0	2	8536	14014	22550	68680	102644	171324
"2008.10.07"	"Iraq"	"Mosul"	1	0	1	8537	14014	22551	68681	102644	171325
"2008.10.07"	"Iraq"	"Mosul"	2	0	2	8539	14014	22553	68683	102644	171327
"2008.10.08"	"Lebanon"	"Ain al-Helweh"	1	0	1	8540	14014	22554	68684	102644	171328
"2008.10.08"	"Iraq"	"Mosul"	2	0	2	8542	14014	22556	68686	102644	171330
"2008.10.08"	"Iraq"	"Baquba"	10	19	29	8552	14033	22585	68696	102663	171359
"2008.10.09"	"Pakistan"	"Bajaur"	4	0	4	8556	14033	22589	68700	102663	171363
"2008.10.09"	"Pakistan"	"Islamabad"	10	21	31	8566	14054	22620	68710	102684	171394
"2008.10.09"	"Iraq"	"Habaniya"	3	8	11	8569	14062	22631	68713	102692	171405
"2008.10.09"	"Iraq"	"Tal Afar"	2	3	5	8571	14065	22636	68715	102695	171410
"2008.10.09"	"Iraq"	"Udhaim"	4	5	9	8575	14070	22645	68719	102700	171419
"2008.10.09"	"Afghanistan"	"Uruzgan"	6	9	15	8581	14079	22660	68725	102709	171434
"2008.10.10"	"Pakistan"	"Charbagh"	1	0	1	8582	14079	22661	68726	102709	171435
"2008.10.10"	"Iraq"	"Mosul"	2	0	2	8584	14079	22663	68728	102709	171437
"2008.10.10"	"Afghanistan"	"Khost"	2	3	5	8586	14082	22668	68730	102712	171442
"2008.10.10"	"Pakistan"	"Orakzai"	82	160	242	8668	14242	22910	68812	102872	171684
"2008.10.10"	"Iraq"	"Baghdad"	12	26	38	8680	14268	22948	68824	102898	171722
"2008.10.10"	"Iraq"	"Mosul"	39	53	92	8719	14321	23040	68863	102951	171814
"2008.10.11"	"Philippines"	"Sultan Kudarat"	5	5	10	8724	14326	23050	68868	102956	171824
"2008.10.11"	"Iraq"	"Mosul"	3	0	3	8727	14326	23053	68871	102956	171827
"2008.10.11"	"Pakistan"	"Mailsi"	1	0	1	8728	14326	23054	68872	102956	171828
"2008.10.12"	"Iraq"	"Mosul"	1	1	2	8729	14327	23056	68873	102957	171830
"2008.10.12"	"Pakistan"	"Khyber"	3	0	3	8732	14327	23059	68876	102957	171833
"2008.10.12"	"Somalia"	"Kismayo"	1	0	1	8733	14327	23060	68877	102957	171834
"2008.10.12"	"Thailand"	"Pattani"	1	0	1	8734	14327	23061	68878	102957	171835
"2008.10.12"	"Iraq"	"Mosul"	5	11	16	8739	14338	23077	68883	102968	171851
"2008.10.12"	"Iraq"	"Baghdad"	9	11	20	8748	14349	23097	68892	102979	171871
"2008.10.12"	"Afghanistan"	"Khost"	2	3	5	8750	14352	23102	68894	102982	171876
"2008.10.13"	"Afghanistan"	"Ghazni"	6	2	8	8756	14354	23110	68900	102984	171884
"2008.10.13"	"Somalia"	"Mogadishu"	2	23	25	8758	14377	23135	68902	103007	171909
"2008.10.13"	"Pakistan"	"Darra Adam Khel"	1	4	5	8759	14381	23140	68903	103011	171914
"2008.10.13"	"Pakistan"	"Murid Wal"	1	0	1	8760	14381	23141	68904	103011	171915
"2008.10.14"	"India"	"Poonch"	2	0	2	8762	14381	23143	68906	103011	171917
"2008.10.14"	"Pakistan"	"Kabal"	1	0	1	8763	14381	23144	68907	103011	171918
"2008.10.14"	"Somalia"	"Mogadishu"	1	0	1	8764	14381	23145	68908	103011	171919
"2008.10.14"	"Afghanistan"	"Kandahar"	1	0	1	8765	14381	23146	68909	103011	171920
"2008.10.14"	"Afghanistan"	"Uruzgan"	9	6	15	8774	14387	23161	68918	103017	171935
"2008.10.14"	"Philippines"	"North Cotabato"	1	0	1	8775	14387	23162	68919	103017	171936
"2008.10.15"	"Jordan"	"Amman"	1	0	1	8776	14387	23163	68920	103017	171937
"2008.10.15"	"Algeria"	"Setif"	3	2	5	8779	14389	23168	68923	103019	171942
"2008.10.15"	"Iraq"	"Baghdad"	7	18	25	8786	14407	23193	68930	103037	171967
"2008.10.15"	"Iraq"	"Karbala"	22	0	22	8808	14407	23215	68952	103037	171989
"2008.10.15"	"Pakistan"	"Swat"	3	0	3	8811	14407	23218	68955	103037	171992
"2008.10.15"	"Pakistan"	"Swat"	2	0	2	8813	14407	23220	68957	103037	171994
"2008.10.15"	"Afghanistan"	"Lashkar Gah"	6	0	6	8819	14407	23226	68963	103037	172000
"2008.10.16"	"Afghanistan"	"Maiwand"	31	0	31	8850	14407	23257	68994	103037	172031
"2008.10.16"	"Pakistan"	"Swat"	5	15	20	8855	14422	23277	68999	103052	172051
"2008.10.16"	"Afghanistan"	"Paktika"	1	0	1	8856	14422	23278	69000	103052	172052
"2008.10.16"	"Algeria"	"Algiers"	1	0	1	8857	14422	23279	69001	103052	172053
"2008.10.16"	"Pakistan"	"Miranshah"	1	0	1	8858	14422	23280	69002	103052	172054
"2008.10.16"	"Iraq"	"Buhriz"	1	1	2	8859	14423	23282	69003	103053	172056
"2008.10.17"	"Iraq"	"Baghdad"	3	7	10	8862	14430	23292	69006	103060	172066
"2008.10.17"	"Iraq"	"Kut"	1	0	1	8863	14430	23293	69007	103060	172067
"2008.10.17"	"India"	"Jaipur"	0	1	1	8863	14431	23294	69007	103061	172068
"2008.10.17"	"Somalia"	"Merka"	1	0	1	8864	14431	23295	69008	103061	172069
"2008.10.18"	"Jordan"	"Aqaba"	1	0	1	8865	14431	23296	69009	103061	172070
"2008.10.18"	"Afghanistan"	"Kandahar"	2	0	2	8867	14431	23298	69011	103061	172072
"2008.10.18"	"Ingushetia"	"Muzhichi"	2	5	7	8869	14436	23305	69013	103066	172079
"2008.10.18"	"Thailand"	"Pattani"	1	2	3	8870	14438	23308	69014	103068	172082
"2008.10.18"	"Thailand"	"Narathiwat"	1	0	1	8871	14438	23309	69015	103068	172083
"2008.10.18"	"Iraq"	"Samarra"	11	0	11	8882	14438	23320	69026	103068	172094
"2008.10.18"	"Iraq"	"Baquba"	1	4	5	8883	14442	23325	69027	103072	172099
"2008.10.19"	"Thailand"	"Pattani"	1	1	2	8884	14443	23327	69028	103073	172101
"2008.10.19"	"Thailand"	"Yala"	1	0	1	8885	14443	23328	69029	103073	172102
"2008.10.19"	"Iraq"	"Balad"	5	3	8	8890	14446	23336	69034	103076	172110
"2008.10.19"	"Iraq"	"Baghdad"	2	15	17	8892	14461	23353	69036	103091	172127
"2008.10.19"	"Pakistan"	"Swat"	1	0	1	8893	14461	23354	69037	103091	172128
"2008.10.19"	"Pakistan"	"Khyber"	1	1	2	8894	14462	23356	69038	103092	172130
"2008.10.19"	"Somalia"	"Hudur"	1	0	1	8895	14462	23357	69039	103092	172131
"2008.10.20"	"Dagestan"	"Makhachkala"	5	10	15	8900	14472	23372	69044	103102	172146
"2008.10.20"	"Afghanistan"	"Kunduz"	7	0	7	8907	14472	23379	69051	103102	172153
"2008.10.20"	"Afghanistan"	"Kabul"	1	0	1	8908	14472	23380	69052	103102	172154
"2008.10.20"	"Iraq"	"Baghdad"	4	8	12	8912	14480	23392	69056	103110	172166
"2008.10.20"	"Thailand"	"Narathiwat"	1	0	1	8913	14480	23393	69057	103110	172167
"2008.10.20"	"Thailand"	"Pattani"	3	0	3	8916	14480	23396	69060	103110	172170
"2008.10.20"	"Thailand"	"Narathiwat"	2	6	8	8918	14486	23404	69062	103116	172178
"2008.10.20"	"Somalia"	"Hudur"	1	0	1	8919	14486	23405	69063	103116	172179
"2008.10.21"	"Pakistan"	"Sersenai"	2	6	8	8921	14492	23413	69065	103122	172187
"2008.10.21"	"Iraq"	"Latifiya"	9	0	9	8930	14492	23422	69074	103122	172196
"2008.10.22"	"Iraq"	"Qaim"	34	0	34	8964	14492	23456	69108	103122	172230
"2008.10.22"	"Iraq"	"Mosul"	4	3	7	8968	14495	23463	69112	103125	172237
"2008.10.22"	"Pakistan"	"Khyber"	2	0	2	8970	14495	23465	69114	103125	172239
"2008.10.22"	"Iraq"	"Mosul"	2	0	2	8972	14495	23467	69116	103125	172241
"2008.10.22"	"Pakistan"	"Swat"	15	20	35	8987	14515	23502	69131	103145	172276
"2008.10.22"	"Thailand"	"Yala"	1	0	1	8988	14515	23503	69132	103145	172277
"2008.10.23"	"Philippines"	"Cotabato"	2	0	2	8990	14515	23505	69134	103145	172279
"2008.10.23"	"Iraq"	"Kut"	3	2	5	8993	14517	23510	69137	103147	172284
"2008.10.23"	"Iraq"	"Baghdad"	10	22	32	9003	14539	23542	69147	103169	172316
"2008.10.23"	"Pakistan"	"Orakzai"	8	0	8	9011	14539	23550	69155	103169	172324
"2008.10.23"	"Pakistan"	"Mingora"	1	0	1	9012	14539	23551	69156	103169	172325
"2008.10.23"	"Israel"	"Mingora"	1	1	2	9013	14540	23553	69157	103170	172327
"2008.10.23"	"Afghanistan"	"Helmand"	0	1	1	9013	14541	23554	69157	103171	172328
"2008.10.24"	"Chechnya"	"Serzhen-Yurt"	1	10	11	9014	14551	23565	69158	103181	172339
"2008.10.25"	"Pakistan"	"Wah"	1	0	1	9015	14551	23566	69159	103181	172340
"2008.10.25"	"Thailand"	"Pattani"	1	4	5	9016	14555	23571	69160	103185	172345
"2008.10.25"	"Afghanistan"	"Kabul"	2	2	4	9018	14557	23575	69162	103187	172349
"2008.10.25"	"Somalia"	"Gurilel"	1	0	1	9019	14557	23576	69163	103187	172350
"2008.10.26"	"Somalia"	"Mogadishu"	2	2	4	9021	14559	23580	69165	103189	172354
"2008.10.26"	"Pakistan"	"Matta"	11	62	73	9032	14621	23653	69176	103251	172427
"2008.10.26"	"Pakistan"	"Mohmand"	11	5	16	9043	14626	23669	69187	103256	172443
"2008.10.26"	"Pakistan"	"Khyber"	1	0	1	9044	14626	23670	69188	103256	172444
"2008.10.26"	"Somalia"	"Saydheelow"	5	15	20	9049	14641	23690	69193	103271	172464
"2008.10.26"	"Somalia"	"Mogadishu"	6	3	9	9055	14644	23699	69199	103274	172473
"2008.10.26"	"Pakistan"	"Sambat"	3	0	3	9058	14644	23702	69202	103274	172476
"2008.10.26"	"Pakistan"	"North Waziristan"	5	0	5	9063	14644	23707	69207	103274	172481
"2008.10.27"	"Thailand"	"Narathiwat"	1	0	1	9064	14644	23708	69208	103274	172482
"2008.10.27"	"Pakistan"	"Karachi"	4	0	4	9068	14644	23712	69212	103274	172486
"2008.10.27"	"Somalia"	"Kismayu"	2	0	2	9070	14644	23714	69214	103274	172488
"2008.10.27"	"Afghanistan"	"Baghlan"	3	6	9	9073	14650	23723	69217	103280	172497
"2008.10.27"	"Iraq"	"Baghdad"	5	19	24	9078	14669	23747	69222	103299	172521
"2008.10.28"	"Sudan"	"Darfur"	3	0	3	9081	14669	23750	69225	103299	172524
"2008.10.28"	"Iraq"	"Tal Afar"	20	0	20	9101	14669	23770	69245	103299	172544
"2008.10.28"	"Iraq"	"Habaniya"	2	3	5	9103	14672	23775	69247	103302	172549
"2008.10.29"	"Thailand"	"Pattani"	1	0	1	9104	14672	23776	69248	103302	172550
"2008.10.29"	"Iraq"	"Balad Ruz"	3	14	17	9107	14686	23793	69251	103316	172567
"2008.10.29"	"Iraq"	"Baqubah"	1	16	17	9108	14702	23810	69252	103332	172584
"2008.10.29"	"Iraq"	"Baghdad"	5	17	22	9113	14719	23832	69257	103349	172606
"2008.10.29"	"Pakistan"	"Bannu"	2	11	13	9115	14730	23845	69259	103360	172619
"2008.10.29"	"Pakistan"	"Dera Ismail Khan"	3	0	3	9118	14730	23848	69262	103360	172622
"2008.10.29"	"Somalia"	"Hargeisa"	28	26	54	9146	14756	23902	69290	103386	172676
"2008.10.30"	"Iraq"	"Mosul"	2	6	8	9148	14762	23910	69292	103392	172684
"2008.10.30"	"Pakistan"	"Charbagh"	1	0	1	9149	14762	23911	69293	103392	172685
"2008.10.30"	"Afghanistan"	"Kabul"	5	23	28	9154	14785	23939	69298	103415	172713
"2008.10.30"	"India"	"Assam"	81	300	381	9235	15085	24320	69379	103715	173094
"2008.10.31"	"Pakistan"	"Orakzai"	4	3	7	9239	15088	24327	69383	103718	173101
"2008.10.31"	"Pakistan"	"Mardan"	8	25	33	9247	15113	24360	69391	103743	173134
"2008.10.31"	"Somalia"	"Mogadishu"	3	3	6	9250	15116	24366	69394	103746	173140
"2008.10.31"	"Afghanistan"	"Helmand"	4	4	8	9254	15120	24374	69398	103750	173148
"2008.10.31"	"Thailand"	"Pattani"	1	1	2	9255	15121	24376	69399	103751	173150
"2008.11.01"	"Pakistan"	"Peshawar"	2	0	2	9257	15121	24378	69401	103751	173152
"2008.11.01"	"Iraq"	"Basra"	1	1	2	9258	15122	24380	69402	103752	173154
"2008.11.02"	"Somalia"	"Baidoa"	5	6	11	9263	15128	24391	69407	103758	173165
"2008.11.02"	"Iraq"	"Kirkuk"	2	1	3	9265	15129	24394	69409	103759	173168
"2008.11.02"	"Pakistan"	"Zalai"	8	3	11	9273	15132	24405	69417	103762	173179
"2008.11.02"	"Thailand"	"Narathiwat"	1	1	2	9274	15133	24407	69418	103763	173181
"2008.11.03"	"Somalia"	"Baidoa"	1	0	1	9275	15133	24408	69419	103763	173182
"2008.11.03"	"Iraq"	"Buhriz"	6	0	6	9281	15133	24414	69425	103763	173188
"2008.11.03"	"Iraq"	"Baghdad"	6	20	26	9287	15153	24440	69431	103783	173214
"2008.11.03"	"Iraq"	"Saadiya"	2	0	2	9289	15153	24442	69433	103783	173216
"2008.11.03"	"Pakistan"	"Kabal Khas"	4	0	4	9293	15153	24446	69437	103783	173220
"2008.11.03"	"Afghanistan"	"Kandahar"	1	0	1	9294	15153	24447	69438	103783	173221
"2008.11.03"	"Thailand"	"Narathiwat"	1	0	1	9295	15153	24448	69439	103783	173222
"2008.11.04"	"Thailand"	"Yala"	3	0	3	9298	15153	24451	69442	103783	173225
"2008.11.04"	"Pakistan"	"Hangu"	7	6	13	9305	15159	24464	69449	103789	173238
"2008.11.04"	"Thailand"	"Narathiwat"	1	72	73	9306	15231	24537	69450	103861	173311
"2008.11.04"	"Pakistan"	"Mardan"	2	2	4	9308	15233	24541	69452	103863	173315
"2008.11.04"	"Iraq"	"Baghdad"	18	47	65	9326	15280	24606	69470	103910	173380
"2008.11.04"	"Iraq"	"Madaen"	3	0	3	9329	15280	24609	69473	103910	173383
"2008.11.04"	"Pakistan"	"Orakzai"	1	0	1	9330	15280	24610	69474	103910	173384
"2008.11.04"	"Pakistan"	"Swat"	1	0	1	9331	15280	24611	69475	103910	173385
"2008.11.04"	"Afghanistan"	"Kandahar"	1	0	1	9332	15280	24612	69476	103910	173386
"2008.11.05"	"Pakistan"	"FATA"	1	0	1	9333	15280	24613	69477	103910	173387
"2008.11.05"	"Pakistan"	"Waziristan"	5	0	5	9338	15280	24618	69482	103910	173392
"2008.11.05"	"Thailand"	"Yala"	1	0	1	9339	15280	24619	69483	103910	173393
"2008.11.05"	"Iraq"	"Baghdad"	6	12	18	9345	15292	24637	69489	103922	173411
"2008.11.05"	"Somalia"	"Mogadishu"	1	3	4	9346	15295	24641	69490	103925	173415
"2008.11.06"	"Thailand"	"Yala"	1	0	1	9347	15295	24642	69491	103925	173416
"2008.11.06"	"Pakistan"	"Khar"	22	45	67	9369	15340	24709	69513	103970	173483
"2008.11.06"	"Algeria"	"Cabilia"	1	0	1	9370	15340	24710	69514	103970	173484
"2008.11.06"	"Russia"	"Vladikavkaz"	11	40	51	9381	15380	24761	69525	104010	173535
"2008.11.06"	"Iraq"	"Mosul"	1	0	1	9382	15380	24762	69526	104010	173536
"2008.11.07"	"Afghanistan"	"Ghor"	1	1	2	9383	15381	24764	69527	104011	173538
"2008.11.07"	"Pakistan"	"Mingora"	2	11	13	9385	15392	24777	69529	104022	173551
"2008.11.07"	"Iraq"	"Baghdad"	6	12	18	9391	15404	24795	69535	104034	173569
"2008.11.07"	"Pakistan"	"Changa Manga"	1	0	1	9392	15404	24796	69536	104034	173570
"2008.11.08"	"Algeria"	"Naciria"	1	0	1	9393	15404	24797	69537	104034	173571
"2008.11.08"	"Pakistan"	"North Waziristan"	2	0	2	9395	15404	24799	69539	104034	173573
"2008.11.08"	"Somalia"	"Lego"	3	0	3	9398	15404	24802	69542	104034	173576
"2008.11.08"	"Somalia"	"Jamame"	1	0	1	9399	15404	24803	69543	104034	173577
"2008.11.08"	"Iraq"	"Ramadi"	8	12	20	9407	15416	24823	69551	104046	173597
"2008.11.09"	"Algeria"	"Jijel"	1	0	1	9408	15416	24824	69552	104046	173598
"2008.11.09"	"Pakistan"	"Matta"	1	0	1	9409	15416	24825	69553	104046	173599
"2008.11.09"	"Afghanistan"	"Herat"	2	4	6	9411	15420	24831	69555	104050	173605
"2008.11.09"	"Philippines"	"Maguindanao"	2	0	2	9413	15420	24833	69557	104050	173607
"2008.11.09"	"Philippines"	"Pikit"	2	3	5	9415	15423	24838	69559	104053	173612
"2008.11.09"	"Iraq"	"Fallujah"	3	5	8	9418	15428	24846	69562	104058	173620
"2008.11.10"	"Iraq"	"Baqubah"	7	12	19	9425	15440	24865	69569	104070	173639
"2008.11.10"	"Dubai"	"Umm Suqeim"	1	1	2	9426	15441	24867	69570	104071	173641
"2008.11.10"	"Pakistan"	"Orakzai"	1	9	10	9427	15450	24877	69571	104080	173651
"2008.11.10"	"Thailand"	"Narathiwat"	1	5	6	9428	15455	24883	69572	104085	173657
"2008.11.10"	"Iraq"	"Baghdad"	30	68	98	9458	15523	24981	69602	104153	173755
"2008.11.11"	"Pakistan"	"Peshawar"	4	13	17	9462	15536	24998	69606	104166	173772
"2008.11.11"	"Thailand"	"Pattani"	1	0	1	9463	15536	24999	69607	104166	173773
"2008.11.11"	"Iraq"	"Baghdad"	3	15	18	9466	15551	25017	69610	104181	173791
"2008.11.11"	"Thailand"	"Yala"	2	0	2	9468	15551	25019	69612	104181	173793
"2008.11.11"	"Thailand"	"Pattani"	2	0	2	9470	15551	25021	69614	104181	173795
"2008.11.12"	"Pakistan"	"Charsadda"	6	15	21	9476	15566	25042	69620	104196	173816
"2008.11.12"	"Iraq"	"Baghdad"	21	87	108	9497	15653	25150	69641	104283	173924
"2008.11.12"	"Afghanistan"	"Farah"	1	0	1	9498	15653	25151	69642	104283	173925
"2008.11.12"	"Afghanistan"	"Kandahar"	0	3	3	9498	15656	25154	69642	104286	173928
"2008.11.12"	"Afghanistan"	"Kandahar"	6	42	48	9504	15698	25202	69648	104328	173976
"2008.11.12"	"Iraq"	"Mosul"	2	0	2	9506	15698	25204	69650	104328	173978
"2008.11.12"	"Pakistan"	"Peshawar"	2	0	2	9508	15698	25206	69652	104328	173980
"2008.11.13"	"Philippines"	"Mindanao"	3	0	3	9511	15698	25209	69655	104328	173983
"2008.11.13"	"Iraq"	"Ramadi"	4	3	7	9515	15701	25216	69659	104331	173990
"2008.11.13"	"Afghanistan"	"Nangarhar"	9	74	83	9524	15775	25299	69668	104405	174073
"2008.11.13"	"Dagestan"	"Urguba"	1	1	2	9525	15776	25301	69669	104406	174075
"2008.11.14"	"Afghanistan"	"Khost"	3	0	3	9528	15776	25304	69672	104406	174078
"2008.11.14"	"Pakistan"	"Ramora"	2	0	2	9530	15776	25306	69674	104406	174080
"2008.11.15"	"Somalia"	"Yaqshid"	2	0	2	9532	15776	25308	69676	104406	174082
"2008.11.15"	"Philippines"	"Sarangani"	2	0	2	9534	15776	25310	69678	104406	174084
"2008.11.15"	"Iraq"	"Baghdad"	3	25	28	9537	15801	25338	69681	104431	174112
"2008.11.15"	"Iraq"	"Tal Afar"	9	40	49	9546	15841	25387	69690	104471	174161
"2008.11.16"	"Pakistan"	"Anayat Kalley"	1	0	1	9547	15841	25388	69691	104471	174162
"2008.11.16"	"Thailand"	"Pattani"	1	0	1	9548	15841	25389	69692	104471	174163
"2008.11.16"	"Thailand"	"Yala"	1	0	1	9549	15841	25390	69693	104471	174164
"2008.11.16"	"Somalia"	"Mogadishu"	2	2	4	9551	15843	25394	69695	104473	174168
"2008.11.16"	"Somalia"	"Baidoa"	3	10	13	9554	15853	25407	69698	104483	174181
"2008.11.16"	"Iraq"	"Baghdad"	3	6	9	9557	15859	25416	69701	104489	174190
"2008.11.16"	"Iraq"	"Jalawla"	15	20	35	9572	15879	25451	69716	104509	174225
"2008.11.17"	"Thailand"	"Pattani"	1	0	1	9573	15879	25452	69717	104509	174226
"2008.11.17"	"Pakistan"	"Swat"	4	3	7	9577	15882	25459	69721	104512	174233
"2008.11.17"	"Afghanistan"	"Kandahar"	4	8	12	9581	15890	25471	69725	104520	174245
"2008.11.17"	"Ingushetia"	"Nazran"	1	1	2	9582	15891	25473	69726	104521	174247
"2008.11.17"	"Afghanistan"	"Dand"	3	2	5	9585	15893	25478	69729	104523	174252
"2008.11.17"	"Afghanistan"	"Farah"	6	4	10	9591	15897	25488	69735	104527	174262
"2008.11.17"	"Thailand"	"Narathiwat"	1	1	2	9592	15898	25490	69736	104528	174264
"2008.11.17"	"Thailand"	"Pattani"	3	0	3	9595	15898	25493	69739	104528	174267
"2008.11.18"	"Thailand"	"Yala"	1	1	2	9596	15899	25495	69740	104529	174269
"2008.11.18"	"Thailand"	"Pattani"	1	1	2	9597	15900	25497	69741	104530	174271
"2008.11.18"	"Thailand"	"Pattani"	2	0	2	9599	15900	25499	69743	104530	174273
"2008.11.18"	"Iraq"	"Baghdad"	15	0	15	9614	15900	25514	69758	104530	174288
"2008.11.19"	"Dagestan"	"Buynaksk"	1	0	1	9615	15900	25515	69759	104530	174289
"2008.11.19"	"Pakistan"	"Islamabad"	2	0	2	9617	15900	25517	69761	104530	174291
"2008.11.19"	"Yemen"	"Joaar"	5	0	5	9622	15900	25522	69766	104530	174296
"2008.11.19"	"England"	"Woolwich"	1	0	1	9623	15900	25523	69767	104530	174297
"2008.11.20"	"Pakistan"	"Swat"	1	0	1	9624	15900	25524	69768	104530	174298
"2008.11.20"	"Pakistan"	"Bajaur"	9	6	15	9633	15906	25539	69777	104536	174313
"2008.11.20"	"Iraq"	"Mosul"	5	0	5	9638	15906	25544	69782	104536	174318
"2008.11.20"	"Iraq"	"Kut"	5	0	5	9643	15906	25549	69787	104536	174323
"2008.11.20"	"Afghanistan"	"Khost"	8	13	21	9651	15919	25570	69795	104549	174344
"2008.11.21"	"Afghanistan"	"Zabul"	3	4	7	9654	15923	25577	69798	104553	174351
"2008.11.21"	"Somalia"	"Mogadishu"	9	20	29	9663	15943	25606	69807	104573	174380
"2008.11.21"	"Pakistan"	"Dera Ismail Khan"	11	40	51	9674	15983	25657	69818	104613	174431
"2008.11.21"	"Iraq"	"Baghdad"	3	15	18	9677	15998	25675	69821	104628	174449
"2008.11.21"	"Pakistan"	"Hangu"	1	0	1	9678	15998	25676	69822	104628	174450
"2008.11.21"	"Iran"	"Tehran"	1	0	1	9679	15998	25677	69823	104628	174451
"2008.11.22"	"Pakistan"	"Hangu"	5	8	13	9684	16006	25690	69828	104636	174464
"2008.11.22"	"Afghanistan"	"Kabul"	1	1	2	9685	16007	25692	69829	104637	174466
"2008.11.22"	"Ingushetia"	"Nazran"	1	0	1	9686	16007	25693	69830	104637	174467
"2008.11.22"	"Afghanistan"	"Ghazni"	1	0	1	9687	16007	25694	69831	104637	174468
"2008.11.22"	"Afghanistan"	"Kunar"	0	0	0	9687	16007	25694	69831	104637	174468
"2008.11.22"	"Afghanistan"	"Khost"	2	15	17	9689	16022	25711	69833	104652	174485
"2008.11.22"	"Iraq"	"Iskandariya"	10	0	10	9699	16022	25721	69843	104652	174495
"2008.11.22"	"Somalia"	"Mogadishu"	15	75	90	9714	16097	25811	69858	104727	174585
"2008.11.22"	"Pakistan"	"Bannu"	3	0	3	9717	16097	25814	69861	104727	174588
"2008.11.22"	"Pakistan"	"Mingora"	1	0	1	9718	16097	25815	69862	104727	174589
"2008.11.23"	"Iraq"	"Muwaylaha"	9	0	9	9727	16097	25824	69871	104727	174598
"2008.11.23"	"Ingushetia"	"Nazran"	1	0	1	9728	16097	25825	69872	104727	174599
"2008.11.23"	"Chechnya"	"Sadovyi"	5	4	9	9733	16101	25834	69877	104731	174608
"2008.11.24"	"Dagestan"	"Karabudakhent"	2	3	5	9735	16104	25839	69879	104734	174613
"2008.11.24"	"Iraq"	"Baghdad"	5	24	29	9740	16128	25868	69884	104758	174642
"2008.11.24"	"Iraq"	"Baghdad"	13	6	19	9753	16134	25887	69897	104764	174661
"2008.11.24"	"Pakistan"	"Mingora"	1	0	1	9754	16134	25888	69898	104764	174662
"2008.11.24"	"Thailand"	"Yala"	3	1	4	9757	16135	25892	69901	104765	174666
"2008.11.24"	"Pakistan"	"Kabal"	1	0	1	9758	16135	25893	69902	104765	174667
"2008.11.24"	"India"	"Doda"	1	0	1	9759	16135	25894	69903	104765	174668
"2008.11.25"	"India"	"Mumbai"	4	0	4	9763	16135	25898	69907	104765	174672
"2008.11.25"	"Somalia"	"Baidoa"	1	0	1	9764	16135	25899	69908	104765	174673
"2008.11.25"	"Iraq"	"Mosul"	2	5	7	9766	16140	25906	69910	104770	174680
"2008.11.25"	"Pakistan"	"Matta"	3	5	8	9769	16145	25914	69913	104775	174688
"2008.11.25"	"India"	"Baramulla"	1	2	3	9770	16147	25917	69914	104777	174691
"2008.11.25"	"Pakistan"	"Hangu"	4	9	13	9774	16156	25930	69918	104786	174704
"2008.11.25"	"Pakistan"	"Kohat"	0	0	0	9774	16156	25930	69918	104786	174704
"2008.11.25"	"Pakistan"	"Shahdra"	1	0	1	9775	16156	25931	69919	104786	174705
"2008.11.25"	"Pakistan"	"Bara"	1	0	1	9776	16156	25932	69920	104786	174706
"2008.11.26"	"Russia"	"Vladikavkaz"	1	0	1	9777	16156	25933	69921	104786	174707
"2008.11.26"	"India"	"Mumbai"	178	370	548	9955	16526	26481	70099	105156	175255
"2008.11.26"	"Philippines"	"Makir"	1	3	4	9956	16529	26485	70100	105159	175259
"2008.11.26"	"Iraq"	"Diyala"	23	0	23	9979	16529	26508	70123	105159	175282
"2008.11.26"	"Iraq"	"Samarrah"	6	0	6	9985	16529	26514	70129	105159	175288
"2008.11.26"	"Pakistan"	"Peshawar"	2	6	8	9987	16535	26522	70131	105165	175296
"2008.11.26"	"Dagestan"	"Makhachkala"	1	0	1	9988	16535	26523	70132	105165	175297
"2008.11.26"	"Dagestan"	"Khasavyurt"	1	2	3	9989	16537	26526	70133	105167	175300
"2008.11.26"	"Chechnya"	"Grozny"	6	0	6	9995	16537	26532	70139	105167	175306
"2008.11.27"	"Iraq"	"Mosul"	2	28	30	9997	16565	26562	70141	105195	175336
"2008.11.27"	"Pakistan"	"Swat"	6	0	6	10003	16565	26568	70147	105195	175342
"2008.11.27"	"Afghanistan"	"Badghis"	13	11	24	10016	16576	26592	70160	105206	175366
"2008.11.27"	"Afghanistan"	"Kabul"	4	18	22	10020	16594	26614	70164	105224	175388
"2008.11.28"	"Nigeria"	"Jos"	2	0	2	10022	16594	26616	70166	105224	175390
"2008.11.28"	"Iraq"	"Mussayab"	12	18	30	10034	16612	26646	70178	105242	175420
"2008.11.28"	"Iraq"	"Kut"	1	2	3	10035	16614	26649	70179	105244	175423
"2008.11.28"	"Pakistan"	"Gharibabad"	6	0	6	10041	16614	26655	70185	105244	175429
"2008.11.28"	"India"	"Mumbai"	5	0	5	10046	16614	26660	70190	105244	175434
"2008.11.28"	"Iraq"	"Baghdad"	2	10	12	10048	16624	26672	70192	105254	175446
"2008.11.28"	"Pakistan"	"Bannu"	7	16	23	10055	16640	26695	70199	105270	175469
"2008.11.28"	"Nigeria"	"Jos"	6	0	6	10061	16640	26701	70205	105270	175475
"2008.11.29"	"Somalia"	"Baidoa"	2	10	12	10063	16650	26713	70207	105280	175487
"2008.11.29"	"Chechnya"	"Enginoy"	1	0	1	10064	16650	26714	70208	105280	175488
"2008.11.29"	"Iraq"	"Albu Toma"	38	0	38	10102	16650	26752	70246	105280	175526
"2008.11.29"	"Iraq"	"Mosul"	3	18	21	10105	16668	26773	70249	105298	175547
"2008.11.29"	"Iraq"	"Baghdad"	3	12	15	10108	16680	26788	70252	105310	175562
"2008.11.30"	"Dagestan"	"Makhachkala"	4	0	4	10112	16680	26792	70256	105310	175566
"2008.11.30"	"Pakistan"	"Peshawar"	1	1	2	10113	16681	26794	70257	105311	175568
"2008.11.30"	"Pakistan"	"North Waziristan"	1	0	1	10114	16681	26795	70258	105311	175569
"2008.11.30"	"Pakistan"	"Bannu"	6	5	11	10120	16686	26806	70264	105316	175580
"2008.11.30"	"Afghanistan"	"Kabul"	2	3	5	10122	16689	26811	70266	105319	175585
"2008.12.01"	"Pakistan"	"Peshawar"	2	0	2	10124	16689	26813	70268	105319	175587
"2008.12.01"	"Thailand"	"Yala"	1	0	1	10125	16689	26814	70269	105319	175588
"2008.12.01"	"Iraq"	"Baghdad"	16	35	51	10141	16724	26865	70285	105354	175639
"2008.12.01"	"Iraq"	"Mosul"	15	25	40	10156	16749	26905	70300	105379	175679
"2008.12.01"	"Afghanistan"	"Ghazni"	1	0	1	10157	16749	26906	70301	105379	175680
"2008.12.01"	"Pakistan"	"Swat"	11	66	77	10168	16815	26983	70312	105445	175757
"2008.12.01"	"Afghanistan"	"Musa Qala"	10	25	35	10178	16840	27018	70322	105470	175792
"2008.12.02"	"Dagestan"	"Makhachkala"	1	4	5	10179	16844	27023	70323	105474	175797
"2008.12.02"	"Iraq"	"Mosul"	4	12	16	10183	16856	27039	70327	105486	175813
"2008.12.02"	"Iraq"	"Tal Afar"	5	30	35	10188	16886	27074	70332	105516	175848
"2008.12.02"	"Pakistan"	"Kabal"	1	0	1	10189	16886	27075	70333	105516	175849
"2008.12.02"	"Pakistan"	"Sunpag"	1	0	1	10190	16886	27076	70334	105516	175850
"2008.12.03"	"Iraq"	"Albu Toma"	13	0	13	10203	16886	27089	70347	105516	175863
"2008.12.03"	"Chechnya"	"Grozny"	3	0	3	10206	16886	27092	70350	105516	175866
"2008.12.03"	"Pakistan"	"Shabqadar"	5	6	11	10211	16892	27103	70355	105522	175877
"2008.12.04"	"Dagestan"	"Khasavyurt"	1	0	1	10212	16892	27104	70356	105522	175878
"2008.12.04"	"Iraq"	"Fallujah"	15	147	162	10227	17039	27266	70371	105669	176040
"2008.12.04"	"Afghanistan"	"Khost"	5	10	15	10232	17049	27281	70376	105679	176055
"2008.12.04"	"Iran"	"Bluchistan"	16	0	16	10248	17049	27297	70392	105679	176071
"2008.12.04"	"Iraq"	"Albu Toma"	25	0	25	10273	17049	27322	70417	105679	176096
"2008.12.04"	"Thailand"	"Pattani"	2	0	2	10275	17049	27324	70419	105679	176098
"2008.12.04"	"Pakistan"	"Bahawalpur"	1	0	1	10276	17049	27325	70420	105679	176099
"2008.12.05"	"Pakistan"	"Peshawar"	34	131	165	10310	17180	27490	70454	105810	176264
"2008.12.05"	"Pakistan"	"Orakzai"	10	5	15	10320	17185	27505	70464	105815	176279
"2008.12.05"	"Pakistan"	"Bannu"	2	3	5	10322	17188	27510	70466	105818	176284
"2008.12.05"	"Iraq"	"Baghdad"	2	2	4	10324	17190	27514	70468	105820	176288
"2008.12.05"	"Thailand"	"Narathiwat"	5	12	17	10329	17202	27531	70473	105832	176305
"2008.12.05"	"Pakistan"	"Mir Ali"	1	0	1	10330	17202	27532	70474	105832	176306
"2008.12.06"	"Somalia"	"Baidoa"	3	0	3	10333	17202	27535	70477	105832	176309
"2008.12.06"	"Iraq"	"Wajihiya"	3	4	7	10336	17206	27542	70480	105836	176316
"2008.12.06"	"Iraq"	"Kirkuk"	1	15	16	10337	17221	27558	70481	105851	176332
"2008.12.06"	"Iraq"	"Babel"	4	0	4	10341	17221	27562	70485	105851	176336
"2008.12.06"	"Pakistan"	"Swat"	3	0	3	10344	17221	27565	70488	105851	176339
"2008.12.06"	"Afghanistan"	"Kunar"	4	2	6	10348	17223	27571	70492	105853	176345
"2008.12.07"	"Iraq"	"Baquba"	3	39	42	10351	17262	27613	70495	105892	176387
"2008.12.07"	"Pakistan"	"Peshawar"	1	0	1	10352	17262	27614	70496	105892	176388
"2008.12.08"	"India"	"Bharatpur"	2	0	2	10354	17262	27616	70498	105892	176390
"2008.12.09"	"Pakistan"	"Buner"	1	4	5	10355	17266	27621	70499	105896	176395
"2008.12.09"	"Philippines"	"Maguindanao"	1	8	9	10356	17274	27630	70500	105904	176404
"2008.12.10"	"Iraq"	"Jalawla"	1	2	3	10357	17276	27633	70501	105906	176407
"2008.12.11"	"Yemen"	"Reida"	1	0	1	10358	17276	27634	70502	105906	176408
"2008.12.11"	"Somalia"	"Mogadishu"	10	11	21	10368	17287	27655	70512	105917	176429
"2008.12.11"	"Iraq"	"Kirkuk"	55	120	175	10423	17407	27830	70567	106037	176604
"2008.12.11"	"Pakistan"	"Matta"	3	4	7	10426	17411	27837	70570	106041	176611
"2008.12.12"	"Afghanistan"	"Helmand"	4	1	5	10430	17412	27842	70574	106042	176616
"2008.12.12"	"Thailand"	"Pattani"	1	2	3	10431	17414	27845	70575	106044	176619
"2008.12.12"	"Thailand"	"Yala"	3	3	6	10434	17417	27851	70578	106047	176625
"2008.12.13"	"Pakistan"	"Swat"	5	0	5	10439	17417	27856	70583	106047	176630
"2008.12.13"	"Pakistan"	"Matta"	4	0	4	10443	17417	27860	70587	106047	176634
"2008.12.13"	"India"	"Doda"	1	2	3	10444	17419	27863	70588	106049	176637
"2008.12.13"	"Philippines"	"Basilan"	3	3	6	10447	17422	27869	70591	106052	176643
"2008.12.13"	"Pakistan"	"Miranshah"	2	0	2	10449	17422	27871	70593	106052	176645
"2008.12.14"	"Pakistan"	"Jamrud"	2	1	3	10451	17423	27874	70595	106053	176648
"2008.12.14"	"Afghanistan"	"Kandahar"	3	11	14	10454	17434	27888	70598	106064	176662
"2008.12.14"	"Pakistan"	"Mandal Daag"	9	3	12	10463	17437	27900	70607	106067	176674
"2008.12.14"	"Afghanistan"	"Paktika"	1	0	1	10464	17437	27901	70608	106067	176675
"2008.12.14"	"England"	"West Yorkshire"	0	1	1	10464	17438	27902	70608	106068	176676
"2008.12.15"	"Iraq"	"Sinjar"	7	3	10	10471	17441	27912	70615	106071	176686
"2008.12.15"	"Thailand"	"Yala"	1	0	1	10472	17441	27913	70616	106071	176687
"2008.12.15"	"Iraq"	"Tarmiya"	1	1	2	10473	17442	27915	70617	106072	176689
"2008.12.15"	"Pakistan"	"Swat"	6	3	9	10479	17445	27924	70623	106075	176698
"2008.12.15"	"Thailand"	"Narathiwat"	2	1	3	10481	17446	27927	70625	106076	176701
"2008.12.15"	"Iraq"	"Khan Dhari"	9	31	40	10490	17477	27967	70634	106107	176741
"2008.12.16"	"Thailand"	"Yala"	3	1	4	10493	17478	27971	70637	106108	176745
"2008.12.16"	"Iraq"	"Baghdad"	3	15	18	10496	17493	27989	70640	106123	176763
"2008.12.16"	"Iraq"	"Mosul"	8	16	24	10504	17509	28013	70648	106139	176787
"2008.12.16"	"Iraq"	"Baghdad"	1	3	4	10505	17512	28017	70649	106142	176791
"2008.12.16"	"Pakistan"	"Swat"	2	0	2	10507	17512	28019	70651	106142	176793
"2008.12.16"	"Thailand"	"Pattani"	2	0	2	10509	17512	28021	70653	106142	176795
"2008.12.17"	"Pakistan"	"Kanju"	2	0	2	10511	17512	28023	70655	106142	176797
"2008.12.17"	"Thailand"	"Yala"	1	0	1	10512	17512	28024	70656	106142	176798
"2008.12.17"	"Iraq"	"Baghdad"	18	53	71	10530	17565	28095	70674	106195	176869
"2008.12.17"	"Pakistan"	"Matta"	2	0	2	10532	17565	28097	70676	106195	176871
"2008.12.17"	"Pakistan"	"Wana"	1	0	1	10533	17565	28098	70677	106195	176872
"2008.12.17"	"Pakistan"	"Jamrud"	1	1	2	10534	17566	28100	70678	106196	176874
"2008.12.18"	"Iraq"	"Diyala"	2	17	19	10536	17583	28119	70680	106213	176893
"2008.12.18"	"Pakistan"	"Hangu"	4	1	5	10540	17584	28124	70684	106214	176898
"2008.12.18"	"Iraq"	"Kirkuk"	1	0	1	10541	17584	28125	70685	106214	176899
"2008.12.18"	"Philippines"	"Iligan"	3	47	50	10544	17631	28175	70688	106261	176949
"2008.12.19"	"Iraq"	"Baghdad"	7	0	7	10551	17631	28182	70695	106261	176956
"2008.12.19"	"Pakistan"	"Khyber"	3	0	3	10554	17631	28185	70698	106261	176959
"2008.12.19"	"Somalia"	"Mogadishu"	1	10	11	10555	17641	28196	70699	106271	176970
"2008.12.20"	"Thailand"	"Yala"	1	0	1	10556	17641	28197	70700	106271	176971
"2008.12.20"	"Thailand"	"Pattani"	1	7	8	10557	17648	28205	70701	106278	176979
"2008.12.21"	"Thailand"	"Pattani"	1	0	1	10558	17648	28206	70702	106278	176980
"2008.12.21"	"Pakistan"	"Bannu"	2	0	2	10560	17648	28208	70704	106278	176982
"2008.12.21"	"Pakistan"	"Swat"	3	0	3	10563	17648	28211	70707	106278	176985
"2008.12.21"	"Pakistan"	"North Waziristan"	2	0	2	10565	17648	28213	70709	106278	176987
"2008.12.22"	"India"	"Baramulla"	2	0	2	10567	17648	28215	70711	106278	176989
"2008.12.22"	"Afghanistan"	"Ghazni"	3	4	7	10570	17652	28222	70714	106282	176996
"2008.12.22"	"Pakistan"	"Swat"	6	8	14	10576	17660	28236	70720	106290	177010
"2008.12.22"	"Somalia"	"Mogadishu"	7	22	29	10583	17682	28265	70727	106312	177039
"2008.12.23"	"Philippines"	"Sultan Kudarat"	9	8	17	10592	17690	28282	70736	106320	177056
"2008.12.23"	"Philippines"	"Isabela"	0	26	26	10592	17716	28308	70736	106346	177082
"2008.12.23"	"Pakistan"	"Swat"	4	0	4	10596	17716	28312	70740	106346	177086
"2008.12.23"	"Pakistan"	"Mingora"	2	0	2	10598	17716	28314	70742	106346	177088
"2008.12.23"	"Thailand"	"Pattani"	1	7	8	10599	17723	28322	70743	106353	177096
"2008.12.23"	"Iraq"	"Kifl"	1	0	1	10600	17723	28323	70744	106353	177097
"2008.12.23"	"Iraq"	"Mosul"	2	6	8	10602	17729	28331	70746	106359	177105
"2008.12.23"	"Iraq"	"Tarmiyah"	5	4	9	10607	17733	28340	70751	106363	177114
"2008.12.24"	"Iraq"	"Fallujah"	3	4	7	10610	17737	28347	70754	106367	177121
"2008.12.24"	"Philippines"	"Kalamansig"	1	0	1	10611	17737	28348	70755	106367	177122
"2008.12.24"	"Pakistan"	"Lahore"	1	4	5	10612	17741	28353	70756	106371	177127
"2008.12.25"	"Iraq"	"Muqdadiyah"	3	12	15	10615	17753	28368	70759	106383	177142
"2008.12.25"	"Iraq"	"Baghdad"	4	24	28	10619	17777	28396	70763	106407	177170
"2008.12.25"	"Iraq"	"Bishkan"	1	1	2	10620	17778	28398	70764	106408	177172
"2008.12.26"	"Pakistan"	"Gilgit"	5	0	5	10625	17778	28403	70769	106408	177177
"2008.12.26"	"India"	"Kishtwar"	1	0	1	10626	17778	28404	70770	106408	177178
"2008.12.26"	"Pakistan"	"Bajaur"	1	9	10	10627	17787	28414	70771	106417	177188
"2008.12.26"	"Iran"	"Mashhad"	2	0	2	10629	17787	28416	70773	106417	177190
"2008.12.26"	"Pal. Auth."	"Beit Lahiya"	2	0	2	10631	17787	28418	70775	106417	177192
"2008.12.27"	"Iraq"	"Baghdad"	24	45	69	10655	17832	28487	70799	106462	177261
"2008.12.27"	"Afghanistan"	"Kabul"	3	0	3	10658	17832	28490	70802	106462	177264
"2008.12.27"	"Afghanistan"	"Kandahar"	5	5	10	10663	17837	28500	70807	106467	177274
"2008.12.27"	"Israel"	"Netivot"	1	4	5	10664	17841	28505	70808	106471	177279
"2008.12.28"	"Thailand"	"Yala"	1	0	1	10665	17841	28506	70809	106471	177280
"2008.12.28"	"Pakistan"	"Buner"	43	16	59	10708	17857	28565	70852	106487	177339
"2008.12.28"	"Afghanistan"	"Khost"	16	58	74	10724	17915	28639	70868	106545	177413
"2008.12.28"	"Iraq"	"Fallujah"	4	10	14	10728	17925	28653	70872	106555	177427
"2008.12.28"	"Iraq"	"Mosul"	4	20	24	10732	17945	28677	70876	106575	177451
"2008.12.28"	"Pakistan"	"Miranshah"	3	0	3	10735	17945	28680	70879	106575	177454
"2008.12.29"	"Iran"	"Saravan"	2	10	12	10737	17955	28692	70881	106585	177466
"2008.12.29"	"Israel"	"Ashkelon"	1	7	8	10738	17962	28700	70882	106592	177474
"2008.12.29"	"Afghanistan"	"Kabul"	2	17	19	10740	17979	28719	70884	106609	177493
"2008.12.29"	"Israel"	"Ashdod"	1	1	2	10741	17980	28721	70885	106610	177495
"2008.12.29"	"Iraq"	"Mosul"	1	0	1	10742	17980	28722	70886	106610	177496
"2008.12.29"	"Iraq"	"Mahaweel"	3	0	3	10745	17980	28725	70889	106610	177499
"2008.12.29"	"Pakistan"	"Gwalirai"	2	0	2	10747	17980	28727	70891	106610	177501
"2008.12.29"	"Somalia"	"Mogadishu"	5	10	15	10752	17990	28742	70896	106620	177516
"2008.12.29"	"Thailand"	"Pattani"	1	1	2	10753	17991	28744	70897	106621	177518
"2008.12.30"	"Philippines"	"Esperanza"	1	0	1	10754	17991	28745	70898	106621	177519
"2008.12.30"	"Iraq"	"Jalawla"	1	0	1	10755	17991	28746	70899	106621	177520
"2008.12.30"	"Pakistan"	"Mingora"	1	0	1	10756	17991	28747	70900	106621	177521
"2008.12.30"	"Egypt"	"Cairo"	0	1	1	10756	17992	28748	70900	106622	177522
"2008.12.31"	"Iraq"	"Baghdad"	14	66	80	10770	18058	28828	70914	106688	177602
"2008.12.31"	"Pakistan"	"Mir Ali"	1	0	1	10771	18058	28829	70915	106688	177603
"2008.12.31"	"Pakistan"	"Darra Adamkhel"	4	6	10	10775	18064	28839	70919	106694	177613
"2008.12.31"	"Afghanistan"	"Helmand"	21	0	21	10796	18064	28860	70940	106694	177634
"2008.12.31"	"Philippines"	"Bagong"	1	0	1	10797	18064	28861	70941	106694	177635
"2008.12.31"	"Philippines"	"General Santos"	0	22	22	10797	18086	28883	70941	106716	177657
"2008.12.31"	"Denmark"	"Odense"	0	2	2	10797	18088	28885	70941	106718	177659
"2008.12.31"	"Somalia"	"Baidoa"	1	0	1	10798	18088	28886	70942	106718	177660
"2009.01.01"	"Somalia"	"Baidoa"	1	0	1	1	0	1	70943	106718	177661
"2009.01.01"	"Somalia"	"Mogadishu"	2	0	2	3	0	3	70945	106718	177663
"2009.01.01"	"Somalia"	"Afgoye"	1	0	1	4	0	4	70946	106718	177664
"2009.01.01"	"Iraq"	"Mosul"	3	5	8	7	5	12	70949	106723	177672
"2009.01.01"	"Pakistan"	"Bajaur"	4	16	20	11	21	32	70953	106739	177692
"2009.01.01"	"Pakistan"	"Swat"	3	0	3	14	21	35	70956	106739	177695
"2009.01.01"	"Pakistan"	"Peshawar"	3	6	9	17	27	44	70959	106745	177704
"2009.01.01"	"Pakistan"	"Swat"	1	0	1	18	27	45	70960	106745	177705
"2009.01.01"	"Pakistan"	"Ghania"	2	0	2	20	27	47	70962	106745	177707
"2009.01.01"	"Pakistan"	"Bajaur"	6	0	6	26	27	53	70968	106745	177713
"2009.01.02"	"Iraq"	"al-Yusufiyah"	23	110	133	49	137	186	70991	106855	177846
"2009.01.02"	"Somalia"	"Mogadishu"	9	0	9	58	137	195	71000	106855	177855
"2009.01.02"	"Somalia"	"Mogadishu"	1	0	1	59	137	196	71001	106855	177856
"2009.01.02"	"Pakistan"	"Mingora"	1	0	1	60	137	197	71002	106855	177857
"2009.01.02"	"Pakistan"	"Swat"	3	0	3	63	137	200	71005	106855	177860
"2009.01.02"	"Pakistan"	"Balogram"	2	0	2	65	137	202	71007	106855	177862
"2009.01.02"	"Pakistan"	"Bajaur"	1	0	1	66	137	203	71008	106855	177863
"2009.01.03"	"Iraq"	"Baghdad"	4	16	20	70	153	223	71012	106871	177883
"2009.01.04"	"Pakistan"	"Matta"	3	0	3	73	153	226	71015	106871	177886
"2009.01.04"	"Pakistan"	"Swat"	2	0	2	75	153	228	71017	106871	177888
"2009.01.04"	"Pal. Auth."	"Gaza"	35	75	110	110	228	338	71052	106946	177998
"2009.01.04"	"Thailand"	"Pattani"	1	1	2	111	229	340	71053	106947	178000
"2009.01.04"	"Pakistan"	"Di Khan"	10	25	35	121	254	375	71063	106972	178035
"2009.01.04"	"Iraq"	"Baghdad"	36	72	108	157	326	483	71099	107044	178143
"2009.01.05"	"Iraq"	"Baghdad"	3	6	9	160	332	492	71102	107050	178152
"2009.01.05"	"Pakistan"	"Bannu"	3	0	3	163	332	495	71105	107050	178155
"2009.01.05"	"Pakistan"	"Quetta"	2	0	2	165	332	497	71107	107050	178157
"2009.01.05"	"Afghanistan"	"Kandahar"	3	1	4	168	333	501	71110	107051	178161
"2009.01.05"	"Pakistan"	"Swat"	2	0	2	170	333	503	71112	107051	178163
"2009.01.05"	"Afghanistan"	"Kandahar"	1	0	1	171	333	504	71113	107051	178164
"2009.01.05"	"Thailand"	"Narathiwat"	1	1	2	172	334	506	71114	107052	178166
"2009.01.05"	"Thailand"	"Yala"	1	2	3	173	336	509	71115	107054	178169
"2009.01.05"	"Thailand"	"Narathiwat"	1	1	2	174	337	511	71116	107055	178171
"2009.01.05"	"Eritrea"	"Mitire"	1	0	1	175	337	512	71117	107055	178172
"2009.01.06"	"Iraq"	"Mosul"	2	6	8	177	343	520	71119	107061	178180
"2009.01.06"	"Pakistan"	"Mingora"	6	0	6	183	343	526	71125	107061	178186
"2009.01.06"	"Thailand"	"Pattani"	1	0	1	184	343	527	71126	107061	178187
"2009.01.06"	"Iraq"	"Baghdad"	4	6	10	188	349	537	71130	107067	178197
"2009.01.07"	"Pal. Auth."	"Gaza"	6	0	6	194	349	543	71136	107067	178203
"2009.01.07"	"Pakistan"	"Hungu"	4	1	5	198	350	548	71140	107068	178208
"2009.01.07"	"Somalia"	"Yubsan"	1	0	1	199	350	549	71141	107068	178209
"2009.01.07"	"Somalia"	"Yaqshid"	4	2	6	203	352	555	71145	107070	178215
"2009.01.07"	"Pakistan"	"Swat"	2	0	2	205	352	557	71147	107070	178217
"2009.01.07"	"Pakistan"	"North Waziristan"	2	0	2	207	352	559	71149	107070	178219
"2009.01.08"	"Afghanistan"	"Kandahar"	3	21	24	210	373	583	71152	107091	178243
"2009.01.08"	"Iraq"	"Jalawla"	6	7	13	216	380	596	71158	107098	178256
"2009.01.09"	"Israel"	"Rehovot"	0	1	1	216	381	597	71158	107099	178257
"2009.01.09"	"Afghanistan"	"Nimroz"	10	3	13	226	384	610	71168	107102	178270
"2009.01.09"	"Somalia"	"Gedo"	1	5	6	227	389	616	71169	107107	178276
"2009.01.09"	"Iraq"	"Baghdad"	9	15	24	236	404	640	71178	107122	178300
"2009.01.09"	"Pakistan"	"Swat"	2	0	2	238	404	642	71180	107122	178302
"2009.01.09"	"Pakistan"	"Lahore"	0	5	5	238	409	647	71180	107127	178307
"2009.01.10"	"Thailand"	"Pattani"	1	0	1	239	409	648	71181	107127	178308
"2009.01.10"	"Pakistan"	"Sibi"	2	0	2	241	409	650	71183	107127	178310
"2009.01.10"	"Pakistan"	"Hangu"	47	60	107	288	469	757	71230	107187	178417
"2009.01.10"	"Pakistan"	"Chak"	0	1	1	288	470	758	71230	107188	178418
"2009.01.11"	"Algeria"	"Merine"	2	2	4	290	472	762	71232	107190	178422
"2009.01.11"	"Thailand"	"Yala"	3	2	5	293	474	767	71235	107192	178427
"2009.01.11"	"Iraq"	"Mosul"	5	4	9	298	478	776	71240	107196	178436
"2009.01.11"	"Pakistan"	"Swat"	4	0	4	302	478	780	71244	107196	178440
"2009.01.11"	"Pakistan"	"Bajaur"	0	4	4	302	482	784	71244	107200	178444
"2009.01.11"	"Somalia"	"Guriel"	30	50	80	332	532	864	71274	107250	178524
"2009.01.11"	"Pakistan"	"Mohmand"	6	7	13	338	539	877	71280	107257	178537
"2009.01.12"	"Somalia"	"Mogadishu"	13	30	43	351	569	920	71293	107287	178580
"2009.01.12"	"Pakistan"	"North Waziristan"	2	0	2	353	569	922	71295	107287	178582
"2009.01.12"	"Iraq"	"Baghdad"	8	31	39	361	600	961	71303	107318	178621
"2009.01.12"	"Ingushetia"	"Nazran"	1	1	2	362	601	963	71304	107319	178623
"2009.01.12"	"Pakistan"	"Hangu"	5	21	26	367	622	989	71309	107340	178649
"2009.01.13"	"Thailand"	"Narathiwat"	1	4	5	368	626	994	71310	107344	178654
"2009.01.13"	"Thailand"	"Pattani"	2	0	2	370	626	996	71312	107344	178656
"2009.01.13"	"Thailand"	"Pattani"	2	0	2	372	626	998	71314	107344	178658
"2009.01.13"	"Pakistan"	"Matta"	3	4	7	375	630	1005	71317	107348	178665
"2009.01.13"	"Pakistan"	"Miranshah"	1	0	1	376	630	1006	71318	107348	178666
"2009.01.14"	"Somalia"	"Mogadishu"	6	18	24	382	648	1030	71324	107366	178690
"2009.01.14"	"Iraq"	"Mosul"	2	4	6	384	652	1036	71326	107370	178696
"2009.01.14"	"Pakistan"	"Quetta"	4	0	4	388	652	1040	71330	107370	178700
"2009.01.15"	"Pakistan"	"Miranshah"	1	0	1	389	652	1041	71331	107370	178701
"2009.01.15"	"Somalia"	"Kismayo"	1	0	1	390	652	1042	71332	107370	178702
"2009.01.16"	"Iraq"	"Mosul"	1	0	1	391	652	1043	71333	107370	178703
"2009.01.16"	"Iraq"	"Mosul"	1	2	3	392	654	1046	71334	107372	178706
"2009.01.16"	"Eritrea"	"Mitire"	1	0	1	393	654	1047	71335	107372	178707
"2009.01.17"	"Somalia"	"Mogadishu"	2	9	11	395	663	1058	71337	107381	178718
"2009.01.17"	"Afghanistan"	"Nangarhar"	1	2	3	396	665	1061	71338	107383	178721
"2009.01.17"	"Afghanistan"	"Kabul"	4	23	27	400	688	1088	71342	107406	178748
"2009.01.17"	"Iraq"	"Baghdad"	1	1	2	401	689	1090	71343	107407	178750
"2009.01.17"	"Iraq"	"Mosul"	2	0	2	403	689	1092	71345	107407	178752
"2009.01.17"	"Pakistan"	"Miranshah"	1	0	1	404	689	1093	71346	107407	178753
"2009.01.17"	"Pakistan"	"Matani"	1	0	1	405	689	1094	71347	107407	178754
"2009.01.17"	"Algeria"	"Miliana"	1	0	1	406	689	1095	71348	107407	178755
"2009.01.18"	"Pakistan"	"Swat"	4	2	6	410	691	1101	71352	107409	178761
"2009.01.19"	"Iraq"	"Tikrit"	2	0	2	412	691	1103	71354	107409	178763
"2009.01.20"	"Afghanistan"	"Kandahar"	2	3	5	414	694	1108	71356	107412	178768
"2009.01.20"	"Afghanistan"	"Bala Mughab"	3	7	10	417	701	1118	71359	107419	178778
"2009.01.20"	"Iraq"	"Baghdad"	3	5	8	420	706	1126	71362	107424	178786
"2009.01.20"	"Iraq"	"Mosul"	2	1	3	422	707	1129	71364	107425	178789
"2009.01.20"	"Pakistan"	"Miranshah"	6	0	6	428	707	1135	71370	107425	178795
"2009.01.20"	"Pakistan"	"Sindh"	1	0	1	429	707	1136	71371	107425	178796
"2009.01.21"	"Afghanistan"	"Herat"	2	1	3	431	708	1139	71373	107426	178799
"2009.01.21"	"Iraq"	"Khalis"	18	0	18	449	708	1157	71391	107426	178817
"2009.01.21"	"Iraq"	"Baghdad"	4	8	12	453	716	1169	71395	107434	178829
"2009.01.21"	"Afghanistan"	"Baghlan"	0	5	5	453	721	1174	71395	107439	178834
"2009.01.21"	"Thailand"	"Pattani"	1	0	1	454	721	1175	71396	107439	178835
"2009.01.21"	"Jordan"	"Amman"	1	0	1	455	721	1176	71397	107439	178836
"2009.01.22"	"Jordan"	"Amman"	1	0	1	456	721	1177	71398	107439	178837
"2009.01.22"	"Pakistan"	"Derpakhel"	1	0	1	457	721	1178	71399	107439	178838
"2009.01.22"	"Pakistan"	"Swat"	5	8	13	462	729	1191	71404	107447	178851
"2009.01.22"	"Thailand"	"Pattani"	1	0	1	463	729	1192	71405	107447	178852
"2009.01.22"	"Iraq"	"Kut"	4	0	4	467	729	1196	71409	107447	178856
"2009.01.23"	"Thailand"	"Yala"	3	0	3	470	729	1199	71412	107447	178859
"2009.01.23"	"Pakistan"	"Swat"	2	0	2	472	729	1201	71414	107447	178861
"2009.01.23"	"Iraq"	"Baghdad"	8	0	8	480	729	1209	71422	107447	178869
"2009.01.23"	"Iraq"	"Baghdad"	1	1	2	481	730	1211	71423	107448	178871
"2009.01.23"	"Pakistan"	"Mingora"	3	1	4	484	731	1215	71426	107449	178875
"2009.01.23"	"Pakistan"	"Mingora"	2	22	24	486	753	1239	71428	107471	178899
"2009.01.23"	"Afghanistan"	"Kabul"	6	0	6	492	753	1245	71434	107471	178905
"2009.01.24"	"Somalia"	"Mogadishu"	15	24	39	507	777	1284	71449	107495	178944
"2009.01.24"	"Thailand"	"Yala"	4	0	4	511	777	1288	71453	107495	178948
"2009.01.24"	"Iraq"	"Fallujah"	5	14	19	516	791	1307	71458	107509	178967
"2009.01.24"	"Pakistan"	"Khairabad"	1	0	1	517	791	1308	71459	107509	178968
"2009.01.24"	"Pakistan"	"Bannu"	1	0	1	518	791	1309	71460	107509	178969
"2009.01.24"	"Israel"	"Ashkelon"	1	0	1	519	791	1310	71461	107509	178970
"2009.01.24"	"Pal. Auth."	"Gaza"	1	0	1	520	791	1311	71462	107509	178971
"2009.01.24"	"Thailand"	"Narathiwat"	1	0	1	521	791	1312	71463	107509	178972
"2009.01.25"	"Thailand"	"Narathiwat"	1	1	2	522	792	1314	71464	107510	178974
"2009.01.25"	"Iran"	"Saravan"	12	0	12	534	792	1326	71476	107510	178986
"2009.01.26"	"Thailand"	"Narathiwat"	1	1	2	535	793	1328	71477	107511	178988
"2009.01.26"	"Pakistan"	"Lahore"	1	0	1	536	793	1329	71478	107511	178989
"2009.01.26"	"Pakistan"	"Dera Ismail Khan"	6	22	28	542	815	1357	71484	107533	179017
"2009.01.26"	"Pakistan"	"Quetta"	1	0	1	543	815	1358	71485	107533	179018
"2009.01.26"	"Pakistan"	"North Waziristan"	1	0	1	544	815	1359	71486	107533	179019
"2009.01.26"	"Somalia"	"Baidoa"	4	10	14	548	825	1373	71490	107543	179033
"2009.01.27"	"Iraq"	"Mosul"	3	3	6	551	828	1379	71493	107546	179039
"2009.01.27"	"Pakistan"	"Dera Ismail Khan"	1	0	1	552	828	1380	71494	107546	179040
"2009.01.27"	"Afghanistan"	"Kandahar"	4	10	14	556	838	1394	71498	107556	179054
"2009.01.27"	"Israel"	"Kissufim"	1	2	3	557	840	1397	71499	107558	179057
"2009.01.27"	"Thailand"	"Pattani"	2	0	2	559	840	1399	71501	107558	179059
"2009.01.28"	"Iraq"	"Kirkuk"	2	0	2	561	840	1401	71503	107558	179061
"2009.01.28"	"Pakistan"	"Mingora"	8	0	8	569	840	1409	71511	107558	179069
"2009.01.29"	"Pakistan"	"Miranshah"	1	0	1	570	840	1410	71512	107558	179070
"2009.01.29"	"Pakistan"	"Tal"	1	4	5	571	844	1415	71513	107562	179075
"2009.01.30"	"Iraq"	"Baiji"	1	1	2	572	845	1417	71514	107563	179077
"2009.01.31"	"Pakistan"	"Swat"	3	1	4	575	846	1421	71517	107564	179081
"2009.02.01"	"Pakistan"	"Shajwal Chak"	1	0	1	576	846	1422	71518	107564	179082
"2009.02.01"	"Philippines"	"Siocon"	4	1	5	580	847	1427	71522	107565	179087
"2009.02.01"	"Dagestan"	"Makhachkala"	4	0	4	584	847	1431	71526	107565	179091
"2009.02.02"	"Afghanistan"	"Uruzgan"	21	8	29	605	855	1460	71547	107573	179120
"2009.02.02"	"Pakistan"	"Quetta"	1	0	1	606	855	1461	71548	107573	179121
"2009.02.02"	"Thailand"	"Pattani"	2	0	2	608	855	1463	71550	107573	179123
"2009.02.02"	"Iraq"	"Mosul"	3	9	12	611	864	1475	71553	107582	179135
"2009.02.02"	"Pakistan"	"Swat"	8	0	8	619	864	1483	71561	107582	179143
"2009.02.02"	"Pakistan"	"Punjab"	1	0	1	620	864	1484	71562	107582	179144
"2009.02.03"	"Thailand"	"Narathiwat"	1	0	1	621	864	1485	71563	107582	179145
"2009.02.03"	"Thailand"	"Pattani"	2	0	2	623	864	1487	71565	107582	179147
"2009.02.03"	"Pakistan"	"Dera Ismail Khan"	1	18	19	624	882	1506	71566	107600	179166
"2009.02.03"	"Pakistan"	"Orakzai"	1	0	1	625	882	1507	71567	107600	179167
"2009.02.03"	"Pakistan"	"Swat"	3	5	8	628	887	1515	71570	107605	179175
"2009.02.03"	"Algeria"	"Ait Chaafa"	1	9	10	629	896	1525	71571	107614	179185
"2009.02.04"	"Somalia"	"Mogadishu"	1	0	1	630	896	1526	71572	107614	179186
"2009.02.04"	"Somalia"	"Mogadishu"	1	0	1	631	896	1527	71573	107614	179187
"2009.02.04"	"Afghanistan"	"Helmand"	6	0	6	637	896	1533	71579	107614	179193
"2009.02.04"	"Iraq"	"Baqubah"	8	0	8	645	896	1541	71587	107614	179201
"2009.02.05"	"Iraq"	"Khanaqin"	16	12	28	661	908	1569	71603	107626	179229
"2009.02.05"	"Pakistan"	"Punjab"	32	48	80	693	956	1649	71635	107674	179309
"2009.02.05"	"Pakistan"	"Swat"	3	3	6	696	959	1655	71638	107677	179315
"2009.02.05"	"Pakistan"	"Orakzai"	1	0	1	697	959	1656	71639	107677	179316
"2009.02.06"	"Afghanistan"	"Laghman"	2	0	2	699	959	1658	71641	107677	179318
"2009.02.06"	"Pakistan"	"Miranshah"	2	0	2	701	959	1660	71643	107677	179320
"2009.02.06"	"Pakistan"	"Kohat"	1	2	3	702	961	1663	71644	107679	179323
"2009.02.07"	"Afghanistan"	"Nangarhar"	2	1	3	704	962	1666	71646	107680	179326
"2009.02.07"	"Pakistan"	"Punjab"	7	0	7	711	962	1673	71653	107680	179333
"2009.02.07"	"Thailand"	"Narathiwat"	1	0	1	712	962	1674	71654	107680	179334
"2009.02.08"	"Thailand"	"Yala"	1	0	1	713	962	1675	71655	107680	179335
"2009.02.08"	"Somalia"	"Mogadishu"	3	7	10	716	969	1685	71658	107687	179345
"2009.02.08"	"Afghanistan"	"Kabul"	1	0	1	717	969	1686	71659	107687	179346
"2009.02.08"	"Pakistan"	"Lakorain"	1	1	2	718	970	1688	71660	107688	179348
"2009.02.08"	"Pakistan"	"Swat"	3	0	3	721	970	1691	71663	107688	179351
"2009.02.08"	"Pakistan"	"Swat"	1	0	1	722	970	1692	71664	107688	179352
"2009.02.08"	"Iraq"	"Baghdad"	2	12	14	724	982	1706	71666	107700	179366
"2009.02.09"	"Pakistan"	"North Waziristan"	2	0	2	726	982	1708	71668	107700	179368
"2009.02.09"	"Afghanistan"	"Khogyani"	2	3	5	728	985	1713	71670	107703	179373
"2009.02.09"	"Afghanistan"	"Nimroz"	3	0	3	731	985	1716	71673	107703	179376
"2009.02.09"	"Pakistan"	"Baran Pul"	5	17	22	736	1002	1738	71678	107720	179398
"2009.02.09"	"Iraq"	"Mosul"	5	3	8	741	1005	1746	71683	107723	179406
"2009.02.09"	"Iraq"	"Mosul"	3	7	10	744	1012	1756	71686	107730	179416
"2009.02.09"	"Thailand"	"Narathiwat"	1	0	1	745	1012	1757	71687	107730	179417
"2009.02.09"	"Pakistan"	"Khyber Agency"	10	10	20	755	1022	1777	71697	107740	179437
"2009.02.09"	"Afghanistan"	"Kabul"	1	0	1	756	1022	1778	71698	107740	179438
"2009.02.09"	"Pakistan"	"Darra Adamkhel"	13	38	51	769	1060	1829	71711	107778	179489
"2009.02.10"	"Pakistan"	"Hangu"	17	30	47	786	1090	1876	71728	107808	179536
"2009.02.10"	"Thailand"	"Pattani"	2	1	3	788	1091	1879	71730	107809	179539
"2009.02.10"	"Iraq"	"Mosul"	2	0	2	790	1091	1881	71732	107809	179541
"2009.02.11"	"Thailand"	"Pattani"	1	0	1	791	1091	1882	71733	107809	179542
"2009.02.11"	"Thailand"	"Pattani"	2	0	2	793	1091	1884	71735	107809	179544
"2009.02.11"	"Afghanistan"	"Logar"	4	0	4	797	1091	1888	71739	107809	179548
"2009.02.11"	"Pakistan"	"Peshawar"	1	8	9	798	1099	1897	71740	107817	179557
"2009.02.11"	"Afghanistan"	"Kabul"	28	57	85	826	1156	1982	71768	107874	179642
"2009.02.11"	"Iraq"	"Baghdad"	2	18	20	828	1174	2002	71770	107892	179662
"2009.02.11"	"Jordan"	"Amman"	1	0	1	829	1174	2003	71771	107892	179663
"2009.02.11"	"Iraq"	"Baghdad"	16	44	60	845	1218	2063	71787	107936	179723
"2009.02.12"	"Afghanistan"	"Paktika"	1	5	6	846	1223	2069	71788	107941	179729
"2009.02.12"	"Somalia"	"Mogadishu"	2	6	8	848	1229	2077	71790	107947	179737
"2009.02.12"	"Iraq"	"Mosul"	4	5	9	852	1234	2086	71794	107952	179746
"2009.02.12"	"Ingushetia"	"Nazran"	4	2	6	856	1236	2092	71798	107954	179752
"2009.02.12"	"Pakistan"	"North Waziristan"	1	1	2	857	1237	2094	71799	107955	179754
"2009.02.12"	"Thailand"	"Pattani"	3	1	4	860	1238	2098	71802	107956	179758
"2009.02.12"	"USA"	"Buffalo"	1	0	1	861	1238	2099	71803	107956	179759
"2009.02.13"	"Pakistan"	"Peshawar"	2	3	5	863	1241	2104	71805	107959	179764
"2009.02.13"	"Afghanistan"	"Kohat"	2	0	2	865	1241	2106	71807	107959	179766
"2009.02.13"	"Iraq"	"Karbala"	39	60	99	904	1301	2205	71846	108019	179865
"2009.02.13"	"Algeria"	"Fum"	7	0	7	911	1301	2212	71853	108019	179872
"2009.02.13"	"Iraq"	"Baghdad"	2	0	2	913	1301	2214	71855	108019	179874
"2009.02.13"	"Afghanistan"	"Kandahar"	4	0	4	917	1301	2218	71859	108019	179878
"2009.02.14"	"Lebanon"	"Beirut"	1	0	1	918	1301	2219	71860	108019	179879
"2009.02.14"	"Iraq"	"Baghdad"	40	0	40	958	1301	2259	71900	108019	179919
"2009.02.14"	"Afghanistan"	"Khost"	1	2	3	959	1303	2262	71901	108021	179922
"2009.02.15"	"Algeria"	"Boumerdes"	3	0	3	962	1303	2265	71904	108021	179925
"2009.02.15"	"Algeria"	"Tebessa"	5	4	9	967	1307	2274	71909	108025	179934
"2009.02.15"	"Iraq"	"al-Taji"	10	0	10	977	1307	2284	71919	108025	179944
"2009.02.16"	"Iraq"	"Baghdad"	8	24	32	985	1331	2316	71927	108049	179976
"2009.02.16"	"Pakistan"	"Karamkot"	1	0	1	986	1331	2317	71928	108049	179977
"2009.02.17"	"Pakistan"	"Peshawar"	4	16	20	990	1347	2337	71932	108065	179997
"2009.02.17"	"Iraq"	"Baqubah"	2	10	12	992	1357	2349	71934	108075	180009
"2009.02.17"	"Pakistan"	"Khar"	4	4	8	996	1361	2357	71938	108079	180017
"2009.02.17"	"Iraq"	"Mosul"	1	1	2	997	1362	2359	71939	108080	180019
"2009.02.18"	"Pakistan"	"Swat"	1	0	1	998	1362	2360	71940	108080	180020
"2009.02.18"	"Jordan"	"Petra"	1	0	1	999	1362	2361	71941	108080	180021
"2009.02.18"	"Pakistan"	"Quetta"	1	0	1	1000	1362	2362	71942	108080	180022
"2009.02.19"	"Pakistan"	"Dera Ismail Khan"	1	0	1	1001	1362	2363	71943	108080	180023
"2009.02.19"	"Iraq"	"Mosul"	1	7	8	1002	1369	2371	71944	108087	180031
"2009.02.19"	"Iraq"	"Mosul"	1	0	1	1003	1369	2372	71945	108087	180032
"2009.02.19"	"Pakistan"	"Mohmand"	1	0	1	1004	1369	2373	71946	108087	180033
"2009.02.19"	"Afghanistan"	"Khost"	3	0	3	1007	1369	2376	71949	108087	180036
"2009.02.19"	"Afghanistan"	"Khost"	1	0	1	1008	1369	2377	71950	108087	180037
"2009.02.20"	"Pakistan"	"Karachi"	1	2	3	1009	1371	2380	71951	108089	180040
"2009.02.20"	"Thailand"	"Yala"	2	0	2	1011	1371	2382	71953	108089	180042
"2009.02.20"	"Iraq"	"Mosul"	2	0	2	1013	1371	2384	71955	108089	180044
"2009.02.20"	"Somalia"	"Mogadishu"	1	2	3	1014	1373	2387	71956	108091	180047
"2009.02.20"	"Pakistan"	"Dera Ismail Khan"	32	145	177	1046	1518	2564	71988	108236	180224
"2009.02.21"	"Pakistan"	"Multan"	2	0	2	1048	1518	2566	71990	108236	180226
"2009.02.21"	"Afghanistan"	"Torkham"	1	2	3	1049	1520	2569	71991	108238	180229
"2009.02.21"	"Nigeria"	"Bauchi"	11	38	49	1060	1558	2618	72002	108276	180278
"2009.02.21"	"Pakistan"	"Dera Ismail Khan"	4	0	4	1064	1558	2622	72006	108276	180282
"2009.02.21"	"Iraq"	"Tikrit"	2	0	2	1066	1558	2624	72008	108276	180284
"2009.02.21"	"Pakistan"	"Dera Ismail Khan"	2	5	7	1068	1563	2631	72010	108281	180291
"2009.02.21"	"Iraq"	"Baaj"	5	0	5	1073	1563	2636	72015	108281	180296
"2009.02.21"	"Somalia"	"Yonday"	2	0	2	1075	1563	2638	72017	108281	180298
"2009.02.22"	"Pakistan"	"Karachi"	1	0	1	1076	1563	2639	72018	108281	180299
"2009.02.22"	"Afghanistan"	"Zaranj"	1	3	4	1077	1566	2643	72019	108284	180303
"2009.02.22"	"Algeria"	"Spas"	9	3	12	1086	1569	2655	72028	108287	180315
"2009.02.22"	"Somalia"	"Mogadishu"	11	15	26	1097	1584	2681	72039	108302	180341
"2009.02.22"	"Egypt"	"Cairo"	1	21	22	1098	1605	2703	72040	108323	180363
"2009.02.22"	"Thailand"	"Yala"	2	0	2	1100	1605	2705	72042	108323	180365
"2009.02.23"	"Sudan"	"Darfur"	2	4	6	1102	1609	2711	72044	108327	180371
"2009.02.23"	"Thailand"	"Narathiwat"	1	1	2	1103	1610	2713	72045	108328	180373
"2009.02.23"	"Iraq"	"Baghdad"	5	15	20	1108	1625	2733	72050	108343	180393
"2009.02.23"	"Pakistan"	"Bannu"	1	2	3	1109	1627	2736	72051	108345	180396
"2009.02.23"	"Afghanistan"	"Kandahar"	3	0	3	1112	1627	2739	72054	108345	180399
"2009.02.23"	"Afghanistan"	"Helmand"	8	17	25	1120	1644	2764	72062	108362	180424
"2009.02.24"	"Pakistan"	"Kohat"	2	0	2	1122	1644	2766	72064	108362	180426
"2009.02.24"	"Afghanistan"	"Helmand"	5	0	5	1127	1644	2771	72069	108362	180431
"2009.02.24"	"Somalia"	"Mogadishu"	18	78	96	1145	1722	2867	72087	108440	180527
"2009.02.24"	"Pakistan"	"Quetta"	4	0	4	1149	1722	2871	72091	108440	180531
"2009.02.24"	"Pakistan"	"Landikotal"	2	0	2	1151	1722	2873	72093	108440	180533
"2009.02.24"	"Thailand"	"Yala"	1	0	1	1152	1722	2874	72094	108440	180534
"2009.02.24"	"Thailand"	"Yala"	1	3	4	1153	1725	2878	72095	108443	180538
"2009.02.25"	"Thailand"	"Narathiwat"	3	0	3	1156	1725	2881	72098	108443	180541
"2009.02.25"	"Ingushetia"	"Karabulak"	1	0	1	1157	1725	2882	72099	108443	180542
"2009.02.25"	"Afghanistan"	"Kandahar"	2	8	10	1159	1733	2892	72101	108451	180552
"2009.02.25"	"Somalia"	"Mogadishu"	2	4	6	1161	1737	2898	72103	108455	180558
"2009.02.26"	"Iraq"	"Baghdad"	2	10	12	1163	1747	2910	72105	108465	180570
"2009.02.26"	"Pakistan"	"Razmak"	1	0	1	1164	1747	2911	72106	108465	180571
"2009.02.26"	"Pakistan"	"Mohmand"	2	0	2	1166	1747	2913	72108	108465	180573
"2009.02.26"	"Jordan"	"Ajlun"	1	0	1	1167	1747	2914	72109	108465	180574
"2009.02.27"	"Somalia"	"Mogadishu"	42	125	167	1209	1872	3081	72151	108590	180741
"2009.02.27"	"Iraq"	"Hawija"	2	2	4	1211	1874	3085	72153	108592	180745
"2009.02.27"	"Pakistan"	"Hangu"	4	5	9	1215	1879	3094	72157	108597	180754
"2009.02.28"	"Afghanistan"	"Uruzgan"	1	0	1	1216	1879	3095	72158	108597	180755
"2009.02.28"	"Iraq"	"Baghdad"	2	7	9	1218	1886	3104	72160	108604	180764
"2009.03.01"	"Iraq"	"Fallujah"	1	0	1	1219	1886	3105	72161	108604	180765
"2009.03.01"	"India"	"Doda"	1	0	1	1220	1886	3106	72162	108604	180766
"2009.03.01"	"Pakistan"	"Quetta"	2	0	2	1222	1886	3108	72164	108604	180768
"2009.03.02"	"Pakistan"	"Songo"	1	28	29	1223	1914	3137	72165	108632	180797
"2009.03.02"	"Philippines"	"Mindanao"	2	0	2	1225	1914	3139	72167	108632	180799
"2009.03.02"	"Iraq"	"Khalis"	3	16	19	1228	1930	3158	72170	108648	180818
"2009.03.02"	"Pakistan"	"Kili Karbala"	6	6	12	1234	1936	3170	72176	108654	180830
"2009.03.02"	"Germany"	"Rees"	1	0	1	1235	1936	3171	72177	108654	180831
"2009.03.03"	"Pakistan"	"Lahore"	8	6	14	1243	1942	3185	72185	108660	180845
"2009.03.03"	"Pakistan"	"Quetta"	5	0	5	1248	1942	3190	72190	108660	180850
"2009.03.03"	"Pakistan"	"Swat"	2	0	2	1250	1942	3192	72192	108660	180852
"2009.03.03"	"Thailand"	"Yala"	2	0	2	1252	1942	3194	72194	108660	180854
"2009.03.04"	"Iraq"	"Baghdad"	5	24	29	1257	1966	3223	72199	108684	180883
"2009.03.04"	"Iraq"	"Samarrah"	4	0	4	1261	1966	3227	72203	108684	180887
"2009.03.04"	"Somalia"	"Galkacyo"	1	0	1	1262	1966	3228	72204	108684	180888
"2009.03.04"	"Thailand"	"Pattani"	3	0	3	1265	1966	3231	72207	108684	180891
"2009.03.05"	"Egypt"	"Qalubiya"	2	0	2	1267	1966	3233	72209	108684	180893
"2009.03.05"	"Pakistan"	"Dera Ismail Khan"	1	19	20	1268	1985	3253	72210	108703	180913
"2009.03.05"	"Iraq"	"Hillah"	12	40	52	1280	2025	3305	72222	108743	180965
"2009.03.05"	"Ingushetia"	"Nazran"	6	2	8	1286	2027	3313	72228	108745	180973
"2009.03.05"	"Thailand"	"Yala"	1	0	1	1287	2027	3314	72229	108745	180974
"2009.03.05"	"Philippines"	"Basilan"	3	2	5	1290	2029	3319	72232	108747	180979
"2009.03.06"	"Iraq"	"Tikrit"	2	0	2	1292	2029	3321	72234	108747	180981
"2009.03.06"	"Somalia"	"Mogadishu"	3	0	3	1295	2029	3324	72237	108747	180984
"2009.03.06"	"Thailand"	"Yala"	1	0	1	1296	2029	3325	72238	108747	180985
"2009.03.06"	"Pakistan"	"Bannu"	1	1	2	1297	2030	3327	72239	108748	180987
"2009.03.06"	"Pakistan"	"North Waziristan"	2	0	2	1299	2030	3329	72241	108748	180989
"2009.03.07"	"Pakistan"	"Mohmand"	14	0	14	1313	2030	3343	72255	108748	181003
"2009.03.07"	"Pakistan"	"Khyber"	5	8	13	1318	2038	3356	72260	108756	181016
"2009.03.07"	"Pakistan"	"Peshawar"	8	5	13	1326	2043	3369	72268	108761	181029
"2009.03.07"	"Pakistan"	"Darra Adam Khel"	2	7	9	1328	2050	3378	72270	108768	181038
"2009.03.07"	"Afghanistan"	"Nimroz"	2	3	5	1330	2053	3383	72272	108771	181043
"2009.03.07"	"Algeria"	"Kabylie"	2	8	10	1332	2061	3393	72274	108779	181053
"2009.03.07"	"Thailand"	"Pattani"	2	0	2	1334	2061	3395	72276	108779	181055
"2009.03.07"	"Iraq"	"Mosul"	3	8	11	1337	2069	3406	72279	108787	181066
"2009.03.08"	"Thailand"	"Yala"	1	1	2	1338	2070	3408	72280	108788	181068
"2009.03.08"	"Algeria"	"Tizi Ouzou"	1	0	1	1339	2070	3409	72281	108788	181069
"2009.03.08"	"Iraq"	"Baghdad"	28	57	85	1367	2127	3494	72309	108845	181154
"2009.03.08"	"Iraq"	"Mosul"	3	3	6	1370	2130	3500	72312	108848	181160
"2009.03.08"	"Iraq"	"Khalis"	25	0	25	1395	2130	3525	72337	108848	181185
"2009.03.08"	"Russia"	"St. Petersburg"	1	0	1	1396	2130	3526	72338	108848	181186
"2009.03.09"	"Pakistan"	"South Waziristan"	3	0	3	1399	2130	3529	72341	108848	181189
"2009.03.09"	"Iraq"	"Mosul"	2	0	2	1401	2130	3531	72343	108848	181191
"2009.03.09"	"Iraq"	"Baghdad"	2	0	2	1403	2130	3533	72345	108848	181193
"2009.03.09"	"Pakistan"	"Kohat"	1	4	5	1404	2134	3538	72346	108852	181198
"2009.03.09"	"Pakistan"	"Quetta"	2	0	2	1406	2134	3540	72348	108852	181200
"2009.03.09"	"Thailand"	"Pattani"	1	0	1	1407	2134	3541	72349	108852	181201
"2009.03.10"	"Afghanistan"	"Khost"	7	2	9	1414	2136	3550	72356	108854	181210
"2009.03.10"	"Afghanistan"	"Helmand"	4	6	10	1418	2142	3560	72360	108860	181220
"2009.03.10"	"Iraq"	"Abu Ghraib"	33	34	67	1451	2176	3627	72393	108894	181287
"2009.03.10"	"Iraq"	"Mosul"	3	6	9	1454	2182	3636	72396	108900	181296
"2009.03.10"	"Pakistan"	"Dera Ismail Khan"	1	0	1	1455	2182	3637	72397	108900	181297
"2009.03.11"	"Algeria"	"Barika"	1	1	2	1456	2183	3639	72398	108901	181299
"2009.03.11"	"Pakistan"	"Peshawar"	4	2	6	1460	2185	3645	72402	108903	181305
"2009.03.11"	"Somalia"	"Mogadishu"	4	0	4	1464	2185	3649	72406	108903	181309
"2009.03.11"	"Iraq"	"Kirkuk"	2	8	10	1466	2193	3659	72408	108911	181319
"2009.03.11"	"Iraq"	"Mosul"	4	10	14	1470	2203	3673	72412	108921	181333
"2009.03.11"	"India"	"Reasi"	1	0	1	1471	2203	3674	72413	108921	181334
"2009.03.12"	"Ingushetia"	"Nazran"	1	0	1	1472	2203	3675	72414	108921	181335
"2009.03.12"	"Iraq"	"Basra"	1	0	1	1473	2203	3676	72415	108921	181336
"2009.03.13"	"Thailand"	"Yala"	1	0	1	1474	2203	3677	72416	108921	181337
"2009.03.13"	"Thailand"	"Narathiwat"	3	1	4	1477	2204	3681	72419	108922	181341
"2009.03.13"	"Pakistan"	"Bajaur"	3	0	3	1480	2204	3684	72422	108922	181344
"2009.03.13"	"Iraq"	"Baghdad"	1	1	2	1481	2205	3686	72423	108923	181346
"2009.03.13"	"Iraq"	"Orakzai"	2	0	2	1483	2205	3688	72425	108923	181348
"2009.03.14"	"Afghanistan"	"Helmand"	2	0	2	1485	2205	3690	72427	108923	181350
"2009.03.14"	"Pakistan"	"Dera Ismail Khan"	2	0	2	1487	2205	3692	72429	108923	181352
"2009.03.15"	"Yemen"	"Shibam"	5	4	9	1492	2209	3701	72434	108927	181361
"2009.03.15"	"Iraq"	"Baghdad"	1	0	1	1493	2209	3702	72435	108927	181362
"2009.03.15"	"Pakistan"	"Dera Ismail Khan"	2	0	2	1495	2209	3704	72437	108927	181364
"2009.03.15"	"Pakistan"	"Multan"	2	0	2	1497	2209	3706	72439	108927	181366
"2009.03.15"	"England"	"London"	0	1	1	1497	2210	3707	72439	108928	181367
"2009.03.15"	"Afghanistan"	"Kandahar"	1	6	7	1498	2216	3714	72440	108934	181374
"2009.03.15"	"Afghanistan"	"Kabul"	2	9	11	1500	2225	3725	72442	108943	181385
"2009.03.15"	"Israel"	"Masua"	2	0	2	1502	2225	3727	72444	108943	181387
"2009.03.16"	"Afghanistan"	"Lashkar Gah"	11	28	39	1513	2253	3766	72455	108971	181426
"2009.03.16"	"Iraq"	"al-Mukhifa"	5	0	5	1518	2253	3771	72460	108971	181431
"2009.03.16"	"Iraq"	"Kirkuk"	1	0	1	1519	2253	3772	72461	108971	181432
"2009.03.16"	"Algeria"	"Oued Essania"	2	0	2	1521	2253	3774	72463	108971	181434
"2009.03.16"	"Algeria"	"Tadmait"	4	5	9	1525	2258	3783	72467	108976	181443
"2009.03.16"	"Algeria"	"Tebessa"	5	0	5	1530	2258	3788	72472	108976	181448
"2009.03.16"	"Philippines"	"Jolo"	2	4	6	1532	2262	3794	72474	108980	181454
"2009.03.17"	"Iraq"	"Mosul"	1	0	1	1533	2262	3795	72475	108980	181455
"2009.03.17"	"Philippines"	"Mindanao"	2	0	2	1535	2262	3797	72477	108980	181457
"2009.03.17"	"Pakistan"	"NWFP"	5	3	8	1540	2265	3805	72482	108983	181465
"2009.03.17"	"Pakistan"	"Pirwadhai"	14	25	39	1554	2290	3844	72496	109008	181504
"2009.03.18"	"Somalia"	"Mogadishu"	1	2	3	1555	2292	3847	72497	109010	181507
"2009.03.18"	"Iraq"	"Mosul"	1	4	5	1556	2296	3852	72498	109014	181512
"2009.03.18"	"Iraq"	"Mosul"	2	0	2	1558	2296	3854	72500	109014	181514
"2009.03.19"	"Afghanistan"	"Helmand"	5	0	5	1563	2296	3859	72505	109014	181519
"2009.03.19"	"Thailand"	"Pattani"	4	0	4	1567	2296	3863	72509	109014	181523
"2009.03.19"	"Iraq"	"Mosul"	1	1	2	1568	2297	3865	72510	109015	181525
"2009.03.19"	"Pakistan"	"Landi Kotal"	8	30	38	1576	2327	3903	72518	109045	181563
"2009.03.19"	"Somalia"	"Mogadishu"	1	0	1	1577	2327	3904	72519	109045	181564
"2009.03.19"	"Somalia"	"Balad"	2	0	2	1579	2327	3906	72521	109045	181566
"2009.03.20"	"Thailand"	"Pattani"	1	0	1	1580	2327	3907	72522	109045	181567
"2009.03.20"	"Pakistan"	"Lahore"	1	0	1	1581	2327	3908	72523	109045	181568
"2009.03.20"	"Iraq"	"Fallujah"	1	2	3	1582	2329	3911	72524	109047	181571
"2009.03.20"	"Afghanistan"	"Kandahar"	1	6	7	1583	2335	3918	72525	109053	181578
"2009.03.20"	"India"	"Kupwara"	8	15	23	1591	2350	3941	72533	109068	181601
"2009.03.20"	"Afghanistan"	"Kandahar"	1	1	2	1592	2351	3943	72534	109069	181603
"2009.03.20"	"Iraq"	"Rasht"	1	0	1	1593	2351	3944	72535	109069	181604
"2009.03.21"	"Afghanistan"	"Nangarhar"	6	5	11	1599	2356	3955	72541	109074	181615
"2009.03.21"	"Afghanistan"	"Khost"	5	5	10	1604	2361	3965	72546	109079	181625
"2009.03.21"	"Jordan"	"Amman"	1	0	1	1605	2361	3966	72547	109079	181626
"2009.03.21"	"Iraq"	"Hilla"	1	0	1	1606	2361	3967	72548	109079	181627
"2009.03.21"	"Bahrain"	"Ma'ameer"	1	0	1	1607	2361	3968	72549	109079	181628
"2009.03.21"	"Afghanistan"	"Nauroz"	2	4	6	1609	2365	3974	72551	109083	181634
"2009.03.21"	"Thailand"	"Yala"	1	0	1	1610	2365	3975	72552	109083	181635
"2009.03.22"	"Iraq"	"Diyala"	5	2	7	1615	2367	3982	72557	109085	181642
"2009.03.23"	"Afghanistan"	"Spin Boldak"	8	1	9	1623	2368	3991	72565	109086	181651
"2009.03.23"	"Pakistan"	"Miranshah"	2	0	2	1625	2368	3993	72567	109086	181653
"2009.03.23"	"Pakistan"	"Markez"	1	4	5	1626	2372	3998	72568	109090	181658
"2009.03.23"	"Iraq"	"Jalula"	24	28	52	1650	2400	4050	72592	109118	181710
"2009.03.23"	"Iraq"	"Abu Ghraib"	9	19	28	1659	2419	4078	72601	109137	181738
"2009.03.23"	"Iraq"	"Fallujah"	8	9	17	1667	2428	4095	72609	109146	181755
"2009.03.23"	"India"	"Bandipora"	1	0	1	1668	2428	4096	72610	109146	181756
"2009.03.23"	"Pakistan"	"Dera Ismail Khan"	1	1	2	1669	2429	4098	72611	109147	181758
"2009.03.23"	"Lebanon"	"Saida"	1	3	4	1670	2432	4102	72612	109150	181762
"2009.03.23"	"Thailand"	"Saida"	1	1	2	1671	2433	4104	72613	109151	181764
"2009.03.24"	"Iraq"	"Mosul"	1	0	1	1672	2433	4105	72614	109151	181765
"2009.03.24"	"Pal. Auth."	"Gaza"	1	0	1	1673	2433	4106	72615	109151	181766
"2009.03.24"	"India"	"Ghaziabad"	1	0	1	1674	2433	4107	72616	109151	181767
"2009.03.24"	"Somalia"	"Mogadishu"	4	1	5	1678	2434	4112	72620	109152	181772
"2009.03.25"	"Thailand"	"Pattani"	1	0	1	1679	2434	4113	72621	109152	181773
"2009.03.25"	"Sudan"	"Abu Zor"	2	2	4	1681	2436	4117	72623	109154	181777
"2009.03.25"	"Afghanistan"	"Khost"	10	6	16	1691	2442	4133	72633	109160	181793
"2009.03.25"	"Chechnya"	"Vedeno"	1	0	1	1692	2442	4134	72634	109160	181794
"2009.03.25"	"Iraq"	"Mosul"	4	7	11	1696	2449	4145	72638	109167	181805
"2009.03.26"	"Iraq"	"Mosul"	7	2	9	1703	2451	4154	72645	109169	181814
"2009.03.26"	"Algeria"	"Kabylie"	2	3	5	1705	2454	4159	72647	109172	181819
"2009.03.26"	"Iraq"	"Baghdad"	26	37	63	1731	2491	4222	72673	109209	181882
"2009.03.26"	"Thailand"	"Narathiwat"	1	1	2	1732	2492	4224	72674	109210	181884
"2009.03.26"	"Thailand"	"Pattani"	1	1	2	1733	2493	4226	72675	109211	181886
"2009.03.26"	"Thailand"	"Yala"	1	0	1	1734	2493	4227	72676	109211	181887
"2009.03.26"	"Afghanistan"	"Helmand"	9	6	15	1743	2499	4242	72685	109217	181902
"2009.03.26"	"Pakistan"	"Dera Ismail Khan"	3	3	6	1746	2502	4248	72688	109220	181908
"2009.03.26"	"Pakistan"	"Tank"	11	25	36	1757	2527	4284	72699	109245	181944
"2009.03.26"	"Iraq"	"Baghdad"	4	0	4	1761	2527	4288	72703	109245	181948
"2009.03.27"	"Philippines"	"Maguindanao"	7	2	9	1768	2529	4297	72710	109247	181957
"2009.03.27"	"Pakistan"	"Jamrud"	71	115	186	1839	2644	4483	72781	109362	182143
"2009.03.27"	"Thailand"	"Narathiwat"	1	16	17	1840	2660	4500	72782	109378	182160
"2009.03.27"	"Iraq"	"Jalawla"	1	1	2	1841	2661	4502	72783	109379	182162
"2009.03.27"	"Pakistan"	"North Waziristan"	3	0	3	1844	2661	4505	72786	109379	182165
"2009.03.27"	"Thailand"	"Pattani"	3	0	3	1847	2661	4508	72789	109379	182168
"2009.03.28"	"Afghanistan"	"Paktia"	7	5	12	1854	2666	4520	72796	109384	182180
"2009.03.28"	"Thailand"	"Yala"	1	0	1	1855	2666	4521	72797	109384	182181
"2009.03.28"	"Iraq"	"Fallujah"	2	0	2	1857	2666	4523	72799	109384	182183
"2009.03.28"	"Yemen"	"Jaar"	4	3	7	1861	2669	4530	72803	109387	182190
"2009.03.29"	"Iraq"	"Basra"	5	6	11	1866	2675	4541	72808	109393	182201
"2009.03.30"	"Thailand"	"Narathiwat"	1	0	1	1867	2675	4542	72809	109393	182202
"2009.03.30"	"Pakistan"	"Bannu"	5	3	8	1872	2678	4550	72814	109396	182210
"2009.03.30"	"Afghanistan"	"Paktia"	3	0	3	1875	2678	4553	72817	109396	182213
"2009.03.30"	"Afghanistan"	"Kandahar"	9	8	17	1884	2686	4570	72826	109404	182230
"2009.03.30"	"Thailand"	"Pattani"	2	0	2	1886	2686	4572	72828	109404	182232
"2009.03.30"	"Pakistan"	"Lahore"	9	93	102	1895	2779	4674	72837	109497	182334
"2009.03.30"	"Thailand"	"Pattani"	1	1	2	1896	2780	4676	72838	109498	182336
"2009.03.30"	"Iraq"	"Hillah"	3	0	3	1899	2780	4679	72841	109498	182339
"2009.03.30"	"Iraq"	"Baqubah"	3	9	12	1902	2789	4691	72844	109507	182351
"2009.03.30"	"Somalia"	"Saydhelow"	3	10	13	1905	2799	4704	72847	109517	182364
"2009.03.31"	"Philippines"	"Alamada"	1	3	4	1906	2802	4708	72848	109520	182368
"2009.03.31"	"Iraq"	"Kirkuk"	1	0	1	1907	2802	4709	72849	109520	182369
"2009.03.31"	"Iraq"	"Mosul"	7	40	47	1914	2842	4756	72856	109560	182416
"2009.03.31"	"Pakistan"	"Samundri"	1	0	1	1915	2842	4757	72857	109560	182417
"2009.03.31"	"Iraq"	"Kirkuk"	1	0	1	1916	2842	4758	72858	109560	182418
"2009.04.01"	"Iraq"	"Mashtal"	1	0	1	1917	2842	4759	72859	109560	182419
"2009.04.01"	"Afghanistan"	"Kandahar"	13	17	30	1930	2859	4789	72872	109577	182449
"2009.04.01"	"Somalia"	"Mogadishu"	1	1	2	1931	2860	4791	72873	109578	182451
"2009.04.01"	"Iraq"	"Mosul"	4	0	4	1935	2860	4795	72877	109578	182455
"2009.04.01"	"Pakistan"	"Upper Dir"	5	2	7	1940	2862	4802	72882	109580	182462
"2009.04.02"	"Iraq"	"Baqubah"	3	0	3	1943	2862	4805	72885	109580	182465
"2009.04.02"	"Pakistan"	"Koral"	1	0	1	1944	2862	4806	72886	109580	182466
"2009.04.02"	"Dagestan"	"Khasavyurt"	3	0	3	1947	2862	4809	72889	109580	182469
"2009.04.02"	"Afghanistan"	"Herat"	4	0	4	1951	2862	4813	72893	109580	182473
"2009.04.02"	"Israel"	"Bat Ayin"	1	1	2	1952	2863	4815	72894	109581	182475
"2009.04.02"	"Iraq"	"Baghdad"	2	0	2	1954	2863	4817	72896	109581	182477
"2009.04.02"	"Iraq"	"Baghdad"	2	0	2	1956	2863	4819	72898	109581	182479
"2009.04.03"	"Philippines"	"Basilan"	2	8	10	1958	2871	4829	72900	109589	182489
"2009.04.03"	"Afghanistan"	"Ghazni"	4	0	4	1962	2871	4833	72904	109589	182493
"2009.04.03"	"Iraq"	"Baghdad"	2	5	7	1964	2876	4840	72906	109594	182500
"2009.04.04"	"Pakistan"	"Islamabad"	8	4	12	1972	2880	4852	72914	109598	182512
"2009.04.04"	"Pakistan"	"Miranshah"	7	30	37	1979	2910	4889	72921	109628	182549
"2009.04.04"	"Thailand"	"Pattani"	2	0	2	1981	2910	4891	72923	109628	182551
"2009.04.04"	"Iraq"	"Mosul"	1	0	1	1982	2910	4892	72924	109628	182552
"2009.04.05"	"Jordan"	"Sahab"	1	0	1	1983	2910	4893	72925	109628	182553
"2009.04.05"	"Pakistan"	"Chakwal"	24	35	59	2007	2945	4952	72949	109663	182612
"2009.04.05"	"Somalia"	"Mogadishu"	1	6	7	2008	2951	4959	72950	109669	182619
"2009.04.05"	"Iraq"	"Mosul"	2	1	3	2010	2952	4962	72952	109670	182622
"2009.04.05"	"Iraq"	"Abu Ghraib"	1	2	3	2011	2954	4965	72953	109672	182625
"2009.04.06"	"Philippines"	"Basilan"	3	9	12	2014	2963	4977	72956	109681	182637
"2009.04.06"	"Iraq"	"Baghdad"	37	100	137	2051	3063	5114	72993	109781	182774
"2009.04.06"	"Iraq"	"Jalawla"	3	0	3	2054	3063	5117	72996	109781	182777
"2009.04.06"	"Afghanistan"	"Khost"	2	1	3	2056	3064	5120	72998	109782	182780
"2009.04.06"	"Pakistan"	"Mingora"	1	1	2	2057	3065	5122	72999	109783	182782
"2009.04.06"	"Pakistan"	"Mansehra"	4	0	4	2061	3065	5126	73003	109783	182786
"2009.04.06"	"Pakistan"	"Manghopir"	1	0	1	2062	3065	5127	73004	109783	182787
"2009.04.07"	"Iraq"	"Fallujah"	3	7	10	2065	3072	5137	73007	109790	182797
"2009.04.07"	"Iraq"	"Baghdad"	7	14	21	2072	3086	5158	73014	109804	182818
"2009.04.08"	"Pakistan"	"Lahore"	1	0	1	2073	3086	5159	73015	109804	182819
"2009.04.08"	"Algeria"	"Kabylie"	1	0	1	2074	3086	5160	73016	109804	182820
"2009.04.08"	"Iraq"	"Baghdad"	7	19	26	2081	3105	5186	73023	109823	182846
"2009.04.08"	"Pakistan"	"Buner"	5	0	5	2086	3105	5191	73028	109823	182851
"2009.04.09"	"Thailand"	"Pattani"	1	0	1	2087	3105	5192	73029	109823	182852
"2009.04.09"	"Afghanistan"	"Lashkar Gah"	5	17	22	2092	3122	5214	73034	109840	182874
"2009.04.09"	"Algeria"	"Jijel"	3	0	3	2095	3122	5217	73037	109840	182877
"2009.04.09"	"Pal. Auth."	"Gaza"	3	0	3	2098	3122	5220	73040	109840	182880
"2009.04.10"	"Afghanistan"	"Helmand"	6	7	13	2104	3129	5233	73046	109847	182893
"2009.04.10"	"Iraq"	"Mosul"	7	20	27	2111	3149	5260	73053	109867	182920
"2009.04.10"	"Philippines"	"Basilan"	1	8	9	2112	3157	5269	73054	109875	182929
"2009.04.10"	"Thailand"	"Narathiwat"	1	2	3	2113	3159	5272	73055	109877	182932
"2009.04.10"	"Pakistan"	"North Waziristan"	2	0	2	2115	3159	5274	73057	109877	182934
"2009.04.10"	"Pakistan"	"Bannu"	1	2	3	2116	3161	5277	73058	109879	182937
"2009.04.10"	"Somalia"	"Mogadishu"	2	9	11	2118	3170	5288	73060	109888	182948
"2009.04.11"	"Iraq"	"Iskandariya"	12	32	44	2130	3202	5332	73072	109920	182992
"2009.04.12"	"Afghanistan"	"Kandahar"	1	0	1	2131	3202	5333	73073	109920	182993
"2009.04.12"	"Pakistan"	"Peshawar"	1	7	8	2132	3209	5341	73074	109927	183001
"2009.04.12"	"Iraq"	"Mosul"	3	2	5	2135	3211	5346	73077	109929	183006
"2009.04.12"	"Iraq"	"Yathrib"	2	0	2	2137	3211	5348	73079	109929	183008
"2009.04.12"	"Jordan"	"Basira"	1	0	1	2138	3211	5349	73080	109929	183009
"2009.04.12"	"Iran"	"Shiraz"	14	160	174	2152	3371	5523	73094	110089	183183
"2009.04.12"	"USA"	"Phoenix"	2	0	2	2154	3371	5525	73096	110089	183185
"2009.04.13"	"Philippines"	"Basilan"	1	0	1	2155	3371	5526	73097	110089	183186
"2009.04.13"	"Iraq"	"Baghdad"	0	4	4	2155	3375	5530	73097	110093	183190
"2009.04.13"	"Somalia"	"Mogadishu"	1	5	6	2156	3380	5536	73098	110098	183196
"2009.04.13"	"Somalia"	"Mogadishu"	1	3	4	2157	3383	5540	73099	110101	183200
"2009.04.13"	"Afghanistan"	"Herat"	4	0	4	2161	3383	5544	73103	110101	183204
"2009.04.13"	"Afghanistan"	"Khost"	2	0	2	2163	3383	5546	73105	110101	183206
"2009.04.13"	"Afghanistan"	"Nimruz"	2	0	2	2165	3383	5548	73107	110101	183208
"2009.04.13"	"Pakistan"	"Jandola"	2	0	2	2167	3383	5550	73109	110101	183210
"2009.04.14"	"Pal. Auth."	"Gaza"	1	0	1	2168	3383	5551	73110	110101	183211
"2009.04.14"	"Thailand"	"Yala"	1	0	1	2169	3383	5552	73111	110101	183212
"2009.04.15"	"Pakistan"	"Charsadda"	18	5	23	2187	3388	5575	73129	110106	183235
"2009.04.15"	"Iraq"	"Kirkuk"	11	22	33	2198	3410	5608	73140	110128	183268
"2009.04.15"	"Philippines"	"Elian"	2	0	2	2200	3410	5610	73142	110128	183270
"2009.04.15"	"Pakistan"	"Karachi"	1	0	1	2201	3410	5611	73143	110128	183271
"2009.04.15"	"Somalia"	"Mogadishu"	1	0	1	2202	3410	5612	73144	110128	183272
"2009.04.15"	"Pakistan"	"Jacobabad"	1	0	1	2203	3410	5613	73145	110128	183273
"2009.04.16"	"Pakistan"	"Lahore"	1	0	1	2204	3410	5614	73146	110128	183274
"2009.04.16"	"Iraq"	"Baquba"	1	4	5	2205	3414	5619	73147	110132	183279
"2009.04.16"	"Pakistan"	"Mardan"	1	0	1	2206	3414	5620	73148	110132	183280
"2009.04.16"	"India"	"Anantnag"	1	1	2	2207	3415	5622	73149	110133	183282
"2009.04.17"	"Afghanistan"	"Nimroz"	3	3	6	2210	3418	5628	73152	110136	183288
"2009.04.17"	"Iraq"	"Baghdad"	7	15	22	2217	3433	5650	73159	110151	183310
"2009.04.17"	"Afghanistan"	"Parwan"	5	5	10	2222	3438	5660	73164	110156	183320
"2009.04.18"	"Afghanistan"	"Kandahar"	2	4	6	2224	3442	5666	73166	110160	183326
"2009.04.18"	"Pakistan"	"Hangu"	27	55	82	2251	3497	5748	73193	110215	183408
"2009.04.18"	"Pakistan"	"Khyber"	4	0	4	2255	3497	5752	73197	110215	183412
"2009.04.19"	"Pakistan"	"Orakzai"	2	0	2	2257	3497	5754	73199	110215	183414
"2009.04.19"	"Afghanistan"	"Zabul"	2	3	5	2259	3500	5759	73201	110218	183419
"2009.04.19"	"Ingushetia"	"Sunzhen"	1	1	2	2260	3501	5761	73202	110219	183421
"2009.04.19"	"Iraq"	"Baghdad"	1	0	1	2261	3501	5762	73203	110219	183422
"2009.04.19"	"Iraq"	"Mussayib"	2	0	2	2263	3501	5764	73205	110219	183424
"2009.04.19"	"India"	"Doda"	2	0	2	2265	3501	5766	73207	110219	183426
"2009.04.19"	"India"	"Pulwama"	1	0	1	2266	3501	5767	73208	110219	183427
"2009.04.19"	"Somalia"	"Merka"	1	0	1	2267	3501	5768	73209	110219	183428
"2009.04.19"	"Pakistan"	"Hangu"	2	0	2	2269	3501	5770	73211	110219	183430
"2009.04.19"	"Ingushetia"	"Rostov-on-Don"	2	0	2	2271	3501	5772	73213	110219	183432
"2009.04.19"	"Iraq"	"Baghdad"	3	0	3	2274	3501	5775	73216	110219	183435
"2009.04.20"	"Afghanistan"	"Khost"	2	8	10	2276	3509	5785	73218	110227	183445
"2009.04.20"	"Pakistan"	"Lahore"	2	0	2	2278	3509	5787	73220	110227	183447
"2009.04.20"	"Afghanistan"	"Uruzgan"	1	2	3	2279	3511	5790	73221	110229	183450
"2009.04.20"	"Somalia"	"Kismayo"	7	15	22	2286	3526	5812	73228	110244	183472
"2009.04.20"	"Iraq"	"Fallujah"	2	0	2	2288	3526	5814	73230	110244	183474
"2009.04.20"	"Iraq"	"Baqubah"	11	15	26	2299	3541	5840	73241	110259	183500
"2009.04.20"	"Pakistan"	"South Waziristan"	3	0	3	2302	3541	5843	73244	110259	183503
"2009.04.21"	"Iraq"	"Mosul"	2	0	2	2304	3541	5845	73246	110259	183505
"2009.04.21"	"India"	"Poonch"	5	7	12	2309	3548	5857	73251	110266	183517
"2009.04.21"	"Pakistan"	"Taseer"	3	0	3	2312	3548	5860	73254	110266	183520
"2009.04.22"	"Thailand"	"Yala"	2	0	2	2314	3548	5862	73256	110266	183522
"2009.04.22"	"Chechnya"	"Bamut"	3	0	3	2317	3548	5865	73259	110266	183525
"2009.04.22"	"Iraq"	"Duluiya"	5	12	17	2322	3560	5882	73264	110278	183542
"2009.04.23"	"Pakistan"	"Buner"	2	0	2	2324	3560	5884	73266	110278	183544
"2009.04.23"	"Somalia"	"Jawle"	3	0	3	2327	3560	5887	73269	110278	183547
"2009.04.23"	"Iraq"	"Baghdad"	32	52	84	2359	3612	5971	73301	110330	183631
"2009.04.23"	"Iraq"	"Diyala"	55	67	122	2414	3679	6093	73356	110397	183753
"2009.04.23"	"Iraq"	"Udhaim"	3	3	6	2417	3682	6099	73359	110400	183759
"2009.04.23"	"Afghanistan"	"Farah"	1	0	1	2418	3682	6100	73360	110400	183760
"2009.04.24"	"India"	"Pulwama"	1	0	1	2419	3682	6101	73361	110400	183761
"2009.04.24"	"Iraq"	"Baghdad"	66	127	193	2485	3809	6294	73427	110527	183954
"2009.04.24"	"Pakistan"	"Kala Dhaka"	2	0	2	2487	3809	6296	73429	110527	183956
"2009.04.24"	"Iraq"	"Jalawla"	7	24	31	2494	3833	6327	73436	110551	183987
"2009.04.25"	"Somalia"	"Mogadishu"	3	8	11	2497	3841	6338	73439	110559	183998
"2009.04.25"	"Iraq"	"Tal Keef"	1	0	1	2498	3841	6339	73440	110559	183999
"2009.04.25"	"Afghanistan"	"Kandahar"	5	3	8	2503	3844	6347	73445	110562	184007
"2009.04.25"	"Somalia"	"Mogadishu"	8	15	23	2511	3859	6370	73453	110577	184030
"2009.04.25"	"Afghanistan"	"Kabul"	2	1	3	2513	3860	6373	73455	110578	184033
"2009.04.26"	"Philippines"	"Sultan Kudarat"	1	3	4	2514	3863	6377	73456	110581	184037
"2009.04.26"	"Pakistan"	"Dir"	12	0	12	2526	3863	6389	73468	110581	184049
"2009.04.26"	"Iraq"	"Mosul"	3	0	3	2529	3863	6392	73471	110581	184052
"2009.04.26"	"Afghanistan"	"Kandahar"	7	0	7	2536	3863	6399	73478	110581	184059
"2009.04.26"	"Iraq"	"Kirkuk"	1	2	3	2537	3865	6402	73479	110583	184062
"2009.04.26"	"Iraq"	"Kirkuk"	2	0	2	2539	3865	6404	73481	110583	184064
"2009.04.26"	"Pakistan"	"Peshawar"	1	0	1	2540	3865	6405	73482	110583	184065
"2009.04.26"	"Pakistan"	"Datta Khel"	6	5	11	2546	3870	6416	73488	110588	184076
"2009.04.26"	"Afghanistan"	"Khost"	3	3	6	2549	3873	6422	73491	110591	184082
"2009.04.27"	"Thailand"	"Yala"	5	0	5	2554	3873	6427	73496	110591	184087
"2009.04.28"	"Thailand"	"Pattani"	1	0	1	2555	3873	6428	73497	110591	184088
"2009.04.28"	"Thailand"	"Yala"	4	1	5	2559	3874	6433	73501	110592	184093
"2009.04.28"	"Iraq"	"Mosul"	1	0	1	2560	3874	6434	73502	110592	184094
"2009.04.28"	"Pakistan"	"Karachi"	1	0	1	2561	3874	6435	73503	110592	184095
"2009.04.29"	"Afghanistan"	"Baghlan"	2	0	2	2563	3874	6437	73505	110592	184097
"2009.04.29"	"Iraq"	"Baghdad"	48	68	116	2611	3942	6553	73553	110660	184213
"2009.04.29"	"Somalia"	"Galkayo"	5	7	12	2616	3949	6565	73558	110667	184225
"2009.04.29"	"Iraq"	"Baghdad"	12	21	33	2628	3970	6598	73570	110688	184258
"2009.04.29"	"Iraq"	"Mosul"	1	0	1	2629	3970	6599	73571	110688	184259
"2009.04.30"	"Afghanistan"	"Khost"	2	0	2	2631	3970	6601	73573	110688	184261
"2009.04.30"	"Pakistan"	"Kohat"	1	6	7	2632	3976	6608	73574	110694	184268
"2009.04.30"	"Thailand"	"Yala"	1	1	2	2633	3977	6610	73575	110695	184270
"2009.04.30"	"Iraq"	"Tal Afar"	3	0	3	2636	3977	6613	73578	110695	184273
"2009.04.30"	"England"	"Manchester"	1	0	1	2637	3977	6614	73579	110695	184274
"2009.05.01"	"Iraq"	"Mosul"	5	6	11	2642	3983	6625	73584	110701	184285
"2009.05.01"	"Pakistan"	"Miranshah"	1	0	1	2643	3983	6626	73585	110701	184286
"2009.05.01"	"Afghanistan"	"Kunar"	10	8	18	2653	3991	6644	73595	110709	184304
"2009.05.02"	"Pakistan"	"Mingora"	2	0	2	2655	3991	6646	73597	110709	184306
"2009.05.02"	"Iraq"	"Kirkuk"	3	0	3	2658	3991	6649	73600	110709	184309
"2009.05.02"	"Pakistan"	"Bajaur"	1	5	6	2659	3996	6655	73601	110714	184315
"2009.05.02"	"Iraq"	"Mosul"	2	3	5	2661	3999	6660	73603	110717	184320
"2009.05.02"	"India"	"Baramulla"	1	2	3	2662	4001	6663	73604	110719	184323
"2009.05.03"	"Pakistan"	"Swat"	2	0	2	2664	4001	6665	73606	110719	184325
"2009.05.03"	"Thailand"	"Narathiwat"	2	1	3	2666	4002	6668	73608	110720	184328
"2009.05.03"	"Thailand"	"Narathiwat"	1	1	2	2667	4003	6670	73609	110721	184330
"2009.05.03"	"Afghanistan"	"Helmand"	4	7	11	2671	4010	6681	73613	110728	184341
"2009.05.03"	"Israel"	"Ramat Gan"	0	1	1	2671	4011	6682	73613	110729	184342
"2009.05.03"	"Iraq"	"Mosul"	3	4	7	2674	4015	6689	73616	110733	184349
"2009.05.03"	"Pakistan"	"North Waziristan"	2	0	2	2676	4015	6691	73618	110733	184351
"2009.05.03"	"Somalia"	"Mogadishu"	11	15	26	2687	4030	6717	73629	110748	184377
"2009.05.04"	"Afghanistan"	"Zabul"	12	0	12	2699	4030	6729	73641	110748	184389
"2009.05.04"	"Thailand"	"Yala"	1	0	1	2700	4030	6730	73642	110748	184390
"2009.05.04"	"Afghanistan"	"Zabul"	8	0	8	2708	4030	6738	73650	110748	184398
"2009.05.04"	"Philippines"	"Tulunan"	3	6	9	2711	4036	6747	73653	110754	184407
"2009.05.04"	"Afghanistan"	"Zabul"	7	10	17	2718	4046	6764	73660	110764	184424
"2009.05.04"	"Iraq"	"Baghdad"	4	6	10	2722	4052	6774	73664	110770	184434
"2009.05.04"	"Pakistan"	"Peshawar"	5	12	17	2727	4064	6791	73669	110782	184451
"2009.05.05"	"Iraq"	"Kirkuk"	1	0	1	2728	4064	6792	73670	110782	184452
"2009.05.05"	"Pakistan"	"Mohmand"	2	6	8	2730	4070	6800	73672	110788	184460
"2009.05.05"	"Pakistan"	"Peshawar"	7	48	55	2737	4118	6855	73679	110836	184515
"2009.05.06"	"Pakistan"	"Nazar Muhalla"	1	0	1	2738	4118	6856	73680	110836	184516
"2009.05.06"	"Iraq"	"Baghdad"	15	46	61	2753	4164	6917	73695	110882	184577
"2009.05.06"	"Iraq"	"Mosul"	1	2	3	2754	4166	6920	73696	110884	184580
"2009.05.06"	"Pakistan"	"Buner"	4	0	4	2758	4166	6924	73700	110884	184584
"2009.05.06"	"Pakistan"	"Dera Ismail Khan"	0	14	14	2758	4180	6938	73700	110898	184598
"2009.05.07"	"Afghanistan"	"Helmand"	16	32	48	2774	4212	6986	73716	110930	184646
"2009.05.07"	"Pakistan"	"Hangu"	5	7	12	2779	4219	6998	73721	110937	184658
"2009.05.07"	"Philippines"	"Jolo"	5	3	8	2784	4222	7006	73726	110940	184666
"2009.05.08"	"India"	"Reasi"	3	0	3	2787	4222	7009	73729	110940	184669
"2009.05.08"	"Iraq"	"Kut"	1	0	1	2788	4222	7010	73730	110940	184670
"2009.05.08"	"Pakistan"	"Darra Adam Khel"	4	3	7	2792	4225	7017	73734	110943	184677
"2009.05.09"	"Afghanistan"	"Zabul"	4	8	12	2796	4233	7029	73738	110951	184689
"2009.05.09"	"Iraq"	"Mosul"	1	3	4	2797	4236	7033	73739	110954	184693
"2009.05.09"	"Jordan"	"Amman"	1	0	1	2798	4236	7034	73740	110954	184694
"2009.05.09"	"Pakistan"	"Shikarpur"	2	0	2	2800	4236	7036	73742	110954	184696
"2009.05.09"	"Pakistan"	"Machharkay"	1	0	1	2801	4236	7037	73743	110954	184697
"2009.05.10"	"Afghanistan"	"Nangarhar"	8	0	8	2809	4236	7045	73751	110954	184705
"2009.05.10"	"Afghanistan"	"Zabul"	3	0	3	2812	4236	7048	73754	110954	184708
"2009.05.10"	"Afghanistan"	"Helmand"	7	20	27	2819	4256	7075	73761	110974	184735
"2009.05.10"	"Somalia"	"Mogadishu"	39	60	99	2858	4316	7174	73800	111034	184834
"2009.05.10"	"Iraq"	"Taji"	2	0	2	2860	4316	7176	73802	111034	184836
"2009.05.11"	"Iraq"	"Mosul"	1	0	1	2861	4316	7177	73803	111034	184837
"2009.05.11"	"Dagestan"	"Kizilyurt"	1	3	4	2862	4319	7181	73804	111037	184841
"2009.05.11"	"Somalia"	"Mogadishu"	2	3	5	2864	4322	7186	73806	111040	184846
"2009.05.11"	"Pakistan"	"Peshawar"	10	12	22	2874	4334	7208	73816	111052	184868
"2009.05.11"	"Iraq"	"Mosul"	3	7	10	2877	4341	7218	73819	111059	184878
"2009.05.12"	"Pakistan"	"Suhrab Khan"	6	0	6	2883	4341	7224	73825	111059	184884
"2009.05.12"	"Iraq"	"Baqubah"	1	0	1	2884	4341	7225	73826	111059	184885
"2009.05.12"	"Pakistan"	"Nishat Chowk"	1	0	1	2885	4341	7226	73827	111059	184886
"2009.05.12"	"Afghanistan"	"Khost"	7	13	20	2892	4354	7246	73834	111072	184906
"2009.05.12"	"Iraq"	"Kirkuk"	7	18	25	2899	4372	7271	73841	111090	184931
"2009.05.12"	"Pakistan"	"Swat"	7	0	7	2906	4372	7278	73848	111090	184938
"2009.05.12"	"Pal. Auth."	"Ramallah"	1	0	1	2907	4372	7279	73849	111090	184939
"2009.05.13"	"Chechnya"	"Vedeno"	3	0	3	2910	4372	7282	73852	111090	184942
"2009.05.13"	"Iraq"	"Baghdad"	3	1	4	2913	4373	7286	73855	111091	184946
"2009.05.13"	"Pakistan"	"Mingora"	5	0	5	2918	4373	7291	73860	111091	184951
"2009.05.14"	"Pakistan"	"Miranshah"	3	4	7	2921	4377	7298	73863	111095	184958
"2009.05.14"	"Afghanistan"	"Ghazni"	1	1	2	2922	4378	7300	73864	111096	184960
"2009.05.14"	"Somalia"	"Mogadishu"	26	98	124	2948	4476	7424	73890	111194	185084
"2009.05.14"	"Iraq"	"Baqubah"	3	0	3	2951	4476	7427	73893	111194	185087
"2009.05.15"	"India"	"Kupwara"	1	0	1	2952	4476	7428	73894	111194	185088
"2009.05.15"	"India"	"Kupwara"	2	0	2	2954	4476	7430	73896	111194	185090
"2009.05.15"	"Afghanistan"	"Khost"	3	4	7	2957	4480	7437	73899	111198	185097
"2009.05.15"	"Iraq"	"Mandali"	1	0	1	2958	4480	7438	73900	111198	185098
"2009.05.15"	"Iraq"	"Mosul"	1	0	1	2959	4480	7439	73901	111198	185099
"2009.05.15"	"Pakistan"	"Punjab"	1	0	1	2960	4480	7440	73902	111198	185100
"2009.05.16"	"Iraq"	"Baghdad"	4	12	16	2964	4492	7456	73906	111210	185116
"2009.05.16"	"Iraq"	"Baghdad"	1	2	3	2965	4494	7459	73907	111212	185119
"2009.05.16"	"Pakistan"	"Peshawar"	11	31	42	2976	4525	7501	73918	111243	185161
"2009.05.16"	"Chechnya"	"Grozny"	4	5	9	2980	4530	7510	73922	111248	185170
"2009.05.17"	"Iraq"	"Baghdad"	4	10	14	2984	4540	7524	73926	111258	185184
"2009.05.17"	"Iraq"	"Mosul"	9	3	12	2993	4543	7536	73935	111261	185196
"2009.05.17"	"Afghanistan"	"Helmand"	6	0	6	2999	4543	7542	73941	111261	185202
"2009.05.18"	"Thailand"	"Narathiwat"	1	0	1	3000	4543	7543	73942	111261	185203
"2009.05.18"	"Philippines"	"Basilan"	1	0	1	3001	4543	7544	73943	111261	185204
"2009.05.18"	"Pakistan"	"Mohmand"	2	0	2	3003	4543	7546	73945	111261	185206
"2009.05.18"	"Afghanistan"	"Kandahar"	1	0	1	3004	4543	7547	73946	111261	185207
"2009.05.18"	"India"	"Mumbai"	1	0	1	3005	4543	7548	73947	111261	185208
"2009.05.19"	"Thailand"	"Yala"	1	0	1	3006	4543	7549	73948	111261	185209
"2009.05.19"	"Iraq"	"Taji"	2	5	7	3008	4548	7556	73950	111266	185216
"2009.05.19"	"Thailand"	"Pattani"	2	0	2	3010	4548	7558	73952	111266	185218
"2009.05.20"	"Algeria"	"Medea"	5	1	6	3015	4549	7564	73957	111267	185224
"2009.05.20"	"Somalia"	"Mogadishu"	3	0	3	3018	4549	7567	73960	111267	185227
"2009.05.20"	"Iraq"	"Baghdad"	40	83	123	3058	4632	7690	74000	111350	185350
"2009.05.20"	"Afghanistan"	"Kabul"	2	0	2	3060	4632	7692	74002	111350	185352
"2009.05.20"	"Thailand"	"Pattani"	2	0	2	3062	4632	7694	74004	111350	185354
"2009.05.21"	"Philippines"	"Zamboanga"	3	5	8	3065	4637	7702	74007	111355	185362
"2009.05.21"	"Pakistan"	"Jandola"	9	25	34	3074	4662	7736	74016	111380	185396
"2009.05.21"	"Iraq"	"Kirkuk"	8	7	15	3082	4669	7751	74024	111387	185411
"2009.05.21"	"Iraq"	"Mosul"	2	1	3	3084	4670	7754	74026	111388	185414
"2009.05.21"	"Iraq"	"Baghdad"	12	25	37	3096	4695	7791	74038	111413	185451
"2009.05.22"	"Israel"	"Qaryut"	1	0	1	3097	4695	7792	74039	111413	185452
"2009.05.22"	"Pakistan"	"Peshawar"	10	75	85	3107	4770	7877	74049	111488	185537
"2009.05.22"	"Pakistan"	"Mingora"	2	0	2	3109	4770	7879	74051	111488	185539
"2009.05.23"	"Israel"	"Beit Jan"	1	0	1	3110	4770	7880	74052	111488	185540
"2009.05.23"	"Afghanistan"	"Ghazni"	2	0	2	3112	4770	7882	74054	111488	185542
"2009.05.23"	"Iraq"	"Mosul"	4	3	7	3116	4773	7889	74058	111491	185549
"2009.05.24"	"Somalia"	"Mogadishu"	7	7	14	3123	4780	7903	74065	111498	185563
"2009.05.24"	"Iraq"	"Mosul"	1	0	1	3124	4780	7904	74066	111498	185564
"2009.05.24"	"Iraq"	"Mosul"	8	26	34	3132	4806	7938	74074	111524	185598
"2009.05.24"	"Pakistan"	"South Waziristan"	2	0	2	3134	4806	7940	74076	111524	185600
"2009.05.24"	"Pakistan"	"Karachi"	1	0	1	3135	4806	7941	74077	111524	185601
"2009.05.24"	"Iraq"	"Fallujah"	1	3	4	3136	4809	7945	74078	111527	185605
"2009.05.24"	"Iraq"	"Mosul"	2	0	2	3138	4809	7947	74080	111527	185607
"2009.05.25"	"Ingushetia"	"Sunzha"	4	0	4	3142	4809	7951	74084	111527	185611
"2009.05.25"	"Pakistan"	"Dera Ismail Khan"	3	0	3	3145	4809	7954	74087	111527	185614
"2009.05.25"	"Dagestan"	"Makhachkala"	1	0	1	3146	4809	7955	74088	111527	185615
"2009.05.26"	"Iraq"	"Anbar"	7	0	7	3153	4809	7962	74095	111527	185622
"2009.05.26"	"Afghanistan"	"Kabul"	6	3	9	3159	4812	7971	74101	111530	185631
"2009.05.26"	"Somalia"	"Mogadishu"	9	10	19	3168	4822	7990	74110	111540	185650
"2009.05.26"	"Pakistan"	"Dera Ismail Khan"	1	2	3	3169	4824	7993	74111	111542	185653
"2009.05.26"	"Uzbekistan"	"Andijan"	1	1	2	3170	4825	7995	74112	111543	185655
"2009.05.27"	"Algeria"	"Biskra"	9	7	16	3179	4832	8011	74121	111550	185671
"2009.05.27"	"Pakistan"	"Lahore"	27	326	353	3206	5158	8364	74148	111876	186024
"2009.05.27"	"Afghanistan"	"Paktika"	5	1	6	3211	5159	8370	74153	111877	186030
"2009.05.27"	"Iraq"	"Abu Ghraib"	5	10	15	3216	5169	8385	74158	111887	186045
"2009.05.27"	"Pakistan"	"Mingora"	2	0	2	3218	5169	8387	74160	111887	186047
"2009.05.27"	"Pakistan"	"Karachi"	1	1	2	3219	5170	8389	74161	111888	186049
"2009.05.27"	"Uzbekistan"	"Khanabad"	4	0	4	3223	5170	8393	74165	111888	186053
"2009.05.28"	"Iraq"	"Mosul"	1	0	1	3224	5170	8394	74166	111888	186054
"2009.05.28"	"Pakistan"	"Peshawar"	6	22	28	3230	5192	8422	74172	111910	186082
"2009.05.28"	"Pakistan"	"Barikot"	4	0	4	3234	5192	8426	74176	111910	186086
"2009.05.28"	"Pakistan"	"Peshawar"	8	68	76	3242	5260	8502	74184	111978	186162
"2009.05.28"	"Iraq"	"Mosul"	2	0	2	3244	5260	8504	74186	111978	186164
"2009.05.29"	"Iran"	"Zahedan"	25	125	150	3269	5385	8654	74211	112103	186314
"2009.05.29"	"Iraq"	"Khalis"	7	13	20	3276	5398	8674	74218	112116	186334
"2009.05.30"	"Iraq"	"Baqubah"	1	0	1	3277	5398	8675	74219	112116	186335
"2009.05.30"	"Somalia"	"Mogadishu"	2	5	7	3279	5403	8682	74221	112121	186342
"2009.05.30"	"Afghanistan"	"Kandahar"	4	0	4	3283	5403	8686	74225	112121	186346
"2009.05.30"	"Iraq"	"Mosul"	4	0	4	3287	5403	8690	74229	112121	186350
"2009.05.30"	"Pakistan"	"Pacha Killay"	3	0	3	3290	5403	8693	74232	112121	186353
"2009.05.31"	"Afghanistan"	"Nabi Popal"	4	0	4	3294	5403	8697	74236	112121	186357
"2009.05.31"	"Iraq"	"Samarrah"	4	2	6	3298	5405	8703	74240	112123	186363
"2009.05.31"	"Iraq"	"Mosul"	1	2	3	3299	5407	8706	74241	112125	186366
"2009.05.31"	"Iraq"	"Kirkuk"	1	0	1	3300	5407	8707	74242	112125	186367
"2009.05.31"	"India"	"Kashmir"	3	1	4	3303	5408	8711	74245	112126	186371
"2009.05.31"	"Pakistan"	"Hangu"	1	0	1	3304	5408	8712	74246	112126	186372
"2009.06.01"	"Iraq"	"Baghdad"	4	15	19	3308	5423	8731	74250	112141	186391
"2009.06.01"	"Iraq"	"Mosul"	1	12	13	3309	5435	8744	74251	112153	186404
"2009.06.01"	"Iran"	"Zahedan"	5	0	5	3314	5435	8749	74256	112153	186409
"2009.06.01"	"Pakistan"	"Kohat"	4	13	17	3318	5448	8766	74260	112166	186426
"2009.06.01"	"Somalia"	"Mogadishu"	7	20	27	3325	5468	8793	74267	112186	186453
"2009.06.01"	"USA"	"Little Rock"	1	1	2	3326	5469	8795	74268	112187	186455
"2009.06.01"	"Mali"	"Anderamboukane"	1	0	1	3327	5469	8796	74269	112187	186456
"2009.06.02"	"Iran"	"Zahedan"	1	2	3	3328	5471	8799	74270	112189	186459
"2009.06.02"	"Thailand"	"Narathiwat"	2	3	5	3330	5474	8804	74272	112192	186464
"2009.06.02"	"Thailand"	"Narathiwat"	1	0	1	3331	5474	8805	74273	112192	186465
"2009.06.02"	"Thailand"	"Narathiwat"	1	0	1	3332	5474	8806	74274	112192	186466
"2009.06.02"	"Afghanistan"	"Bagram"	6	0	6	3338	5474	8812	74280	112192	186472
"2009.06.02"	"Pakistan"	"Chaman"	2	0	2	3340	5474	8814	74282	112192	186474
"2009.06.02"	"Pakistan"	"Dera Ismail Khan"	2	0	2	3342	5474	8816	74284	112192	186476
"2009.06.02"	"Somalia"	"Mogadishu"	3	20	23	3345	5494	8839	74287	112212	186499
"2009.06.02"	"Afghanistan"	"Paktia"	8	0	8	3353	5494	8847	74295	112212	186507
"2009.06.03"	"Afghanistan"	"Wardak"	1	0	1	3354	5494	8848	74296	112212	186508
"2009.06.03"	"Iraq"	"Baghdad"	9	31	40	3363	5525	8888	74305	112243	186548
"2009.06.03"	"India"	"Shopian"	1	0	1	3364	5525	8889	74306	112243	186549
"2009.06.03"	"Ingushetia"	"Nazran"	1	1	2	3365	5526	8891	74307	112244	186551
"2009.06.03"	"Afghanistan"	"Spin Boldak"	5	0	5	3370	5526	8896	74312	112244	186556
"2009.06.03"	"Algeria"	"Timezrit"	10	0	10	3380	5526	8906	74322	112244	186566
"2009.06.03"	"Somalia"	"Mogadishu"	2	7	9	3382	5533	8915	74324	112251	186575
"2009.06.03"	"Philippines"	"Maguindanao"	2	4	6	3384	5537	8921	74326	112255	186581
"2009.06.04"	"Afghanistan"	"Kandahar"	4	0	4	3388	5537	8925	74330	112255	186585
"2009.06.05"	"Iraq"	"Jalawla"	1	0	1	3389	5537	8926	74331	112255	186586
"2009.06.05"	"Pakistan"	"South Waziristan"	5	4	9	3394	5541	8935	74336	112259	186595
"2009.06.05"	"India"	"Pulwama"	1	0	1	3395	5541	8936	74337	112259	186596
"2009.06.05"	"Thailand"	"Pattani"	5	0	5	3400	5541	8941	74342	112259	186601
"2009.06.05"	"Dagestan"	"Dagestan"	2	0	2	3402	5541	8943	74344	112259	186603
"2009.06.05"	"Pakistan"	"Upper Dir"	49	41	90	3451	5582	9033	74393	112300	186693
"2009.06.06"	"Afghanistan"	"Spin Boldak"	5	11	16	3456	5593	9049	74398	112311	186709
"2009.06.06"	"Iraq"	"Suwayra"	9	15	24	3465	5608	9073	74407	112326	186733
"2009.06.06"	"Pakistan"	"Islamabad"	2	4	6	3467	5612	9079	74409	112330	186739
"2009.06.07"	"Pakistan"	"Dera Ismail Khan"	3	9	12	3470	5621	9091	74412	112339	186751
"2009.06.07"	"Algeria"	"Kabylia"	3	1	4	3473	5622	9095	74415	112340	186755
"2009.06.07"	"Somalia"	"Mogadishu"	3	5	8	3476	5627	9103	74418	112345	186763
"2009.06.07"	"Thailand"	"Narathiwat"	2	0	2	3478	5627	9105	74420	112345	186765
"2009.06.07"	"Thailand"	"Narathiwat"	1	19	20	3479	5646	9125	74421	112364	186785
"2009.06.07"	"Afghanistan"	"Faryab"	4	0	4	3483	5646	9129	74425	112364	186789
"2009.06.07"	"Afghanistan"	"Kandahar"	2	0	2	3485	5646	9131	74427	112364	186791
"2009.06.07"	"Somalia"	"Mogadishu"	1	1	2	3486	5647	9133	74428	112365	186793
"2009.06.07"	"Iraq"	"Mosul"	2	0	2	3488	5647	9135	74430	112365	186795
"2009.06.07"	"Pakistan"	"Peshawar"	3	5	8	3491	5652	9143	74433	112370	186803
"2009.06.08"	"Pakistan"	"Swat"	2	2	4	3493	5654	9147	74435	112372	186807
"2009.06.08"	"Thailand"	"Narathiwat"	1	0	1	3494	5654	9148	74436	112372	186808
"2009.06.08"	"Iraq"	"Mosul"	2	0	2	3496	5654	9150	74438	112372	186810
"2009.06.08"	"Iraq"	"Baghdad"	7	21	28	3503	5675	9178	74445	112393	186838
"2009.06.08"	"Pakistan"	"Peshawar"	1	2	3	3504	5677	9181	74446	112395	186841
"2009.06.08"	"Pakistan"	"Tiasar"	1	0	1	3505	5677	9182	74447	112395	186842
"2009.06.08"	"Bangladesh"	"Boalia"	0	3	3	3505	5680	9185	74447	112398	186845
"2009.06.09"	"Afghanistan"	"Asadabad"	1	54	55	3506	5734	9240	74448	112452	186900
"2009.06.09"	"Pakistan"	"Peshawar"	17	52	69	3523	5786	9309	74465	112504	186969
"2009.06.10"	"Thailand"	"Pattani"	1	2	3	3524	5788	9312	74466	112506	186972
"2009.06.10"	"Iraq"	"Bathaa"	30	70	100	3554	5858	9412	74496	112576	187072
"2009.06.10"	"Pal. Auth."	"Deir el-Balah"	1	0	1	3555	5858	9413	74497	112576	187073
"2009.06.10"	"Ingushetia"	"Nazran"	1	5	6	3556	5863	9419	74498	112581	187079
"2009.06.11"	"Iraq"	"Hawija"	3	9	12	3559	5872	9431	74501	112590	187091
"2009.06.11"	"Pakistan"	"Peshawar"	1	14	15	3560	5886	9446	74502	112604	187106
"2009.06.11"	"Mali"	"Timbuktu"	1	0	1	3561	5886	9447	74503	112604	187107
"2009.06.11"	"Iraq"	"Hamrin"	1	2	3	3562	5888	9450	74504	112606	187110
"2009.06.11"	"Thailand"	"Narathiwat"	1	0	1	3563	5888	9451	74505	112606	187111
"2009.06.11"	"Thailand"	"Narathiwat"	2	0	2	3565	5888	9453	74507	112606	187113
"2009.06.11"	"Turkey"	"Afyon"	1	0	1	3566	5888	9454	74508	112606	187114
"2009.06.12"	"Philippines"	"Kidapawan"	1	2	3	3567	5890	9457	74509	112608	187117
"2009.06.12"	"Thailand"	"Yala"	2	0	2	3569	5890	9459	74511	112608	187119
"2009.06.12"	"Pakistan"	"Lahore"	7	7	14	3576	5897	9473	74518	112615	187133
"2009.06.12"	"Thailand"	"Yala"	1	1	2	3577	5898	9475	74519	112616	187135
"2009.06.12"	"Pakistan"	"Nowshera"	5	105	110	3582	6003	9585	74524	112721	187245
"2009.06.12"	"Iraq"	"Baghdad"	6	12	18	3588	6015	9603	74530	112733	187263
"2009.06.12"	"Iraq"	"Balad Ruz"	1	1	2	3589	6016	9605	74531	112734	187265
"2009.06.12"	"Pakistan"	"Hangu"	4	6	10	3593	6022	9615	74535	112740	187275
"2009.06.12"	"Pal. Auth."	"Hajah"	1	0	1	3594	6022	9616	74536	112740	187276
"2009.06.13"	"Pakistan"	"Bahawalpur"	0	10	10	3594	6032	9626	74536	112750	187286
"2009.06.13"	"Pakistan"	"Kohat"	2	6	8	3596	6038	9634	74538	112756	187294
"2009.06.13"	"India"	"Poonch"	2	2	4	3598	6040	9638	74540	112758	187298
"2009.06.13"	"Afghanistan"	"Farah"	2	0	2	3600	6040	9640	74542	112758	187300
"2009.06.13"	"Ingushetia"	"Nazran"	1	0	1	3601	6040	9641	74543	112758	187301
"2009.06.13"	"Thailand"	"Yala"	1	12	13	3602	6052	9654	74544	112770	187314
"2009.06.13"	"Thailand"	"Yala"	2	0	2	3604	6052	9656	74546	112770	187316
"2009.06.13"	"Afghanistan"	"Paktia"	4	2	6	3608	6054	9662	74550	112772	187322
"2009.06.13"	"Afghanistan"	"Helmand"	8	21	29	3616	6075	9691	74558	112793	187351
"2009.06.13"	"Thailand"	"Narathiwat"	1	1	2	3617	6076	9693	74559	112794	187353
"2009.06.13"	"Philippines"	"Parang"	6	10	16	3623	6086	9709	74565	112804	187369
"2009.06.13"	"Iraq"	"Baiji"	1	7	8	3624	6093	9717	74566	112811	187377
"2009.06.14"	"Pakistan"	"Dera Ismail Khan"	9	36	45	3633	6129	9762	74575	112847	187422
"2009.06.14"	"Iraq"	"Mandali"	6	0	6	3639	6129	9768	74581	112847	187428
"2009.06.14"	"Pakistan"	"South Waziristan"	3	2	5	3642	6131	9773	74584	112849	187433
"2009.06.14"	"India"	"Srinagar"	1	0	1	3643	6131	9774	74585	112849	187434
"2009.06.14"	"Belgium"	"Brussels"	1	0	1	3644	6131	9775	74586	112849	187435
"2009.06.15"	"Philippines"	"Maguindanao"	1	3	4	3645	6134	9779	74587	112852	187439
"2009.06.15"	"Iran"	"Tehran"	7	12	19	3652	6146	9798	74594	112864	187458
"2009.06.15"	"Thailand"	"Pattani"	1	0	1	3653	6146	9799	74595	112864	187459
"2009.06.15"	"Yemen"	"Sanaa"	9	0	9	3662	6146	9808	74604	112864	187468
"2009.06.15"	"Thailand"	"Yala"	1	0	1	3663	6146	9809	74605	112864	187469
"2009.06.15"	"Iraq"	"Baghdad"	6	25	31	3669	6171	9840	74611	112889	187500
"2009.06.15"	"Pakistan"	"Swat"	2	0	2	3671	6171	9842	74613	112889	187502
"2009.06.15"	"Pakistan"	"Mardan"	2	3	5	3673	6174	9847	74615	112892	187507
"2009.06.16"	"Pakistan"	"Kurram"	3	0	3	3676	6174	9850	74618	112892	187510
"2009.06.16"	"Somalia"	"Mogadishu"	1	0	1	3677	6174	9851	74619	112892	187511
"2009.06.16"	"Somalia"	"Galgalato"	6	0	6	3683	6174	9857	74625	112892	187517
"2009.06.16"	"Thailand"	"Pattani"	2	2	4	3685	6176	9861	74627	112894	187521
"2009.06.16"	"Thailand"	"Yala"	1	0	1	3686	6176	9862	74628	112894	187522
"2009.06.16"	"Pakistan"	"Shahdadkot"	3	0	3	3689	6176	9865	74631	112894	187525
"2009.06.16"	"Iraq"	"Kirkuk"	2	5	7	3691	6181	9872	74633	112899	187532
"2009.06.16"	"Pakistan"	"Peshawar"	1	1	2	3692	6182	9874	74634	112900	187534
"2009.06.17"	"Afghanistan"	"Khost"	2	2	4	3694	6184	9878	74636	112902	187538
"2009.06.17"	"Afghanistan"	"Helmand"	3	0	3	3697	6184	9881	74639	112902	187541
"2009.06.17"	"Algeria"	"El Mehir"	23	5	28	3720	6189	9909	74662	112907	187569
"2009.06.17"	"Somalia"	"Mogadishu"	9	48	57	3729	6237	9966	74671	112955	187626
"2009.06.17"	"India"	"Sopore"	1	0	1	3730	6237	9967	74672	112955	187627
"2009.06.17"	"Pakistan"	"Mohmand"	4	9	13	3734	6246	9980	74676	112964	187640
"2009.06.17"	"Somalia"	"Mogadishu"	1	1	2	3735	6247	9982	74677	112965	187642
"2009.06.18"	"Iraq"	"Mosul"	1	0	1	3736	6247	9983	74678	112965	187643
"2009.06.18"	"Somalia"	"Baladwayne"	35	45	80	3771	6292	10063	74713	113010	187723
"2009.06.18"	"Pakistan"	"Mir Ali"	2	0	2	3773	6292	10065	74715	113010	187725
"2009.06.18"	"Afghanistan"	"Kandahar"	2	4	6	3775	6296	10071	74717	113014	187731
"2009.06.18"	"Thailand"	"Yala"	1	0	1	3776	6296	10072	74718	113014	187732
"2009.06.18"	"Pakistan"	"Lahore"	1	0	1	3777	6296	10073	74719	113014	187733
"2009.06.18"	"Thailand"	"Yala"	2	0	2	3779	6296	10075	74721	113014	187735
"2009.06.19"	"Afghanistan"	"Kandahar"	1	1	2	3780	6297	10077	74722	113015	187737
"2009.06.19"	"India"	"Krimcha"	1	0	1	3781	6297	10078	74723	113015	187738
"2009.06.19"	"Iraq"	"Mosul"	3	0	3	3784	6297	10081	74726	113015	187741
"2009.06.19"	"India"	"Srinagar"	1	3	4	3785	6300	10085	74727	113018	187745
"2009.06.19"	"Pakistan"	"Ittanwali"	0	3	3	3785	6303	10088	74727	113021	187748
"2009.06.20"	"Chechnya"	"Grozny"	1	0	1	3786	6303	10089	74728	113021	187749
"2009.06.20"	"Iraq"	"Taza"	80	211	291	3866	6514	10380	74808	113232	188040
"2009.06.20"	"Iran"	"Tehran"	13	50	63	3879	6564	10443	74821	113282	188103
"2009.06.20"	"Iraq"	"Fallujah"	4	0	4	3883	6564	10447	74825	113282	188107
"2009.06.20"	"Iraq"	"Ramadi"	1	6	7	3884	6570	10454	74826	113288	188114
"2009.06.20"	"India"	"Anantnag"	1	0	1	3885	6570	10455	74827	113288	188115
"2009.06.20"	"Philippines"	"Mindanao"	3	32	35	3888	6602	10490	74830	113320	188150
"2009.06.21"	"Iraq"	"Baghdad"	8	1	9	3896	6603	10499	74838	113321	188159
"2009.06.21"	"Iraq"	"Baghdad"	2	13	15	3898	6616	10514	74840	113334	188174
"2009.06.21"	"Iraq"	"Baghdad"	2	0	2	3900	6616	10516	74842	113334	188176
"2009.06.21"	"Afghanistan"	"Bagram"	2	6	8	3902	6622	10524	74844	113340	188184
"2009.06.21"	"Afghanistan"	"Samangan"	2	0	2	3904	6622	10526	74846	113340	188186
"2009.06.21"	"Egypt"	"El-Fashn"	0	22	22	3904	6644	10548	74846	113362	188208
"2009.06.22"	"Philippines"	"Maguindanao"	1	4	5	3905	6648	10553	74847	113366	188213
"2009.06.22"	"Algeria"	"Khenchela"	5	1	6	3910	6649	10559	74852	113367	188219
"2009.06.22"	"Pakistan"	"Battagram"	2	7	9	3912	6656	10568	74854	113374	188228
"2009.06.22"	"Thailand"	"Narathiwat"	0	8	8	3912	6664	10576	74854	113382	188236
"2009.06.22"	"Ingushetia"	"Magas"	2	3	5	3914	6667	10581	74856	113385	188241
"2009.06.22"	"Iraq"	"Baghdad"	22	79	101	3936	6746	10682	74878	113464	188342
"2009.06.22"	"Iraq"	"Husseiniyah"	5	19	24	3941	6765	10706	74883	113483	188366
"2009.06.22"	"Iraq"	"Mosul"	3	0	3	3944	6765	10709	74886	113483	188369
"2009.06.22"	"Pakistan"	"Quetta"	3	0	3	3947	6765	10712	74889	113483	188372
"2009.06.22"	"Pakistan"	"Bannu"	3	1	4	3950	6766	10716	74892	113484	188376
"2009.06.23"	"Iraq"	"Ludhiana"	1	0	1	3951	6766	10717	74893	113484	188377
"2009.06.23"	"Afghanistan"	"Zabul"	2	0	2	3953	6766	10719	74895	113484	188379
"2009.06.23"	"Pakistan"	"Dera Ismail Khan"	1	0	1	3954	6766	10720	74896	113484	188380
"2009.06.23"	"Pakistan"	"Khyber"	1	1	2	3955	6767	10722	74897	113485	188382
"2009.06.23"	"Chechnya"	"Grozny"	2	0	2	3957	6767	10724	74899	113485	188384
"2009.06.23"	"Afghanistan"	"Ghazni"	2	0	2	3959	6767	10726	74901	113485	188386
"2009.06.23"	"Afghanistan"	"Jowzjan"	3	0	3	3962	6767	10729	74904	113485	188389
"2009.06.23"	"Somalia"	"Jowhar"	2	4	6	3964	6771	10735	74906	113489	188395
"2009.06.23"	"Pakistan"	"Quetta"	1	0	1	3965	6771	10736	74907	113489	188396
"2009.06.23"	"Mauritania"	"Nouakchott"	1	0	1	3966	6771	10737	74908	113489	188397
"2009.06.24"	"Afghanistan"	"Helmand"	7	4	11	3973	6775	10748	74915	113493	188408
"2009.06.24"	"Germany"	"Schweinfurt"	1	0	1	3974	6775	10749	74916	113493	188409
"2009.06.24"	"Ingushetia"	"Karabulak"	1	0	1	3975	6775	10750	74917	113493	188410
"2009.06.24"	"Iraq"	"Baghdad"	69	135	204	4044	6910	10954	74986	113628	188614
"2009.06.24"	"Iraq"	"Mosul"	2	9	11	4046	6919	10965	74988	113637	188625
"2009.06.24"	"Iraq"	"Baghdad"	1	10	11	4047	6929	10976	74989	113647	188636
"2009.06.24"	"Pakistan"	"Peshawar"	3	0	3	4050	6929	10979	74992	113647	188639
"2009.06.24"	"Pakistan"	"Bajaur"	1	4	5	4051	6933	10984	74993	113651	188644
"2009.06.24"	"Algeria"	"Setif"	1	0	1	4052	6933	10985	74994	113651	188645
"2009.06.25"	"Somalia"	"Shabelle"	5	13	18	4057	6946	11003	74999	113664	188663
"2009.06.25"	"Iraq"	"Mosul"	1	0	1	4058	6946	11004	75000	113664	188664
"2009.06.25"	"Iraq"	"Baghdad"	7	31	38	4065	6977	11042	75007	113695	188702
"2009.06.25"	"Pakistan"	"Buner"	1	0	1	4066	6977	11043	75008	113695	188703
"2009.06.26"	"Pakistan"	"Muzaffarabad"	2	3	5	4068	6980	11048	75010	113698	188708
"2009.06.26"	"Afghanistan"	"Khost"	1	5	6	4069	6985	11054	75011	113703	188714
"2009.06.26"	"Iraq"	"Baghdad"	19	50	69	4088	7035	11123	75030	113753	188783
"2009.06.26"	"Pakistan"	"North Waziristan"	4	24	28	4092	7059	11151	75034	113777	188811
"2009.06.27"	"Philippines"	"Tipo Tipo"	2	0	2	4094	7059	11153	75036	113777	188813
"2009.06.27"	"Sudan"	"Hashaba"	8	20	28	4102	7079	11181	75044	113797	188841
"2009.06.27"	"India"	"Rajouri"	2	0	2	4104	7079	11183	75046	113797	188843
"2009.06.27"	"Afghanistan"	"Helmand"	8	0	8	4112	7079	11191	75054	113797	188851
"2009.06.27"	"Philippines"	"Tacurong"	0	9	9	4112	7088	11200	75054	113806	188860
"2009.06.27"	"Iraq"	"Baghdad"	1	4	5	4113	7092	11205	75055	113810	188865
"2009.06.27"	"Afghanistan"	"Khost"	1	0	1	4114	7092	11206	75056	113810	188866
"2009.06.27"	"Afghanistan"	"Kunar"	2	0	2	4116	7092	11208	75058	113810	188868
"2009.06.27"	"Bangladesh"	"Shariatpur"	1	0	1	4117	7092	11209	75059	113810	188869
"2009.06.28"	"Thailand"	"Narathiwat"	1	0	1	4118	7092	11210	75060	113810	188870
"2009.06.28"	"Iraq"	"Hamrin Dam"	1	3	4	4119	7095	11214	75061	113813	188874
"2009.06.28"	"Iraq"	"Mosul"	2	0	2	4121	7095	11216	75063	113813	188876
"2009.06.28"	"Pakistan"	"Waziristan"	22	35	57	4143	7130	11273	75085	113848	188933
"2009.06.28"	"Pakistan"	"Charsadda"	5	0	5	4148	7130	11278	75090	113848	188938
"2009.06.28"	"Somalia"	"Mogadisu"	5	14	19	4153	7144	11297	75095	113862	188957
"2009.06.28"	"Philippines"	"Sumisip"	7	2	9	4160	7146	11306	75102	113864	188966
"2009.06.29"	"Iran"	"Mashhad"	6	0	6	4166	7146	11312	75108	113864	188972
"2009.06.29"	"Philippines"	"Maguindanao"	1	14	15	4167	7160	11327	75109	113878	188987
"2009.06.29"	"Thailand"	"Narathiwat"	2	0	2	4169	7160	11329	75111	113878	188989
"2009.06.29"	"Iraq"	"Hamdaniya"	9	10	19	4178	7170	11348	75120	113888	189008
"2009.06.29"	"Belgium"	"Brussels"	1	0	1	4179	7170	11349	75121	113888	189009
"2009.06.30"	"Canada"	"Kingston Mills"	4	0	4	4183	7170	11353	75125	113888	189013
"2009.06.30"	"Pakistan"	"Hajika"	4	11	15	4187	7181	11368	75129	113899	189028
"2009.06.30"	"Somalia"	"Mogadishu"	2	5	7	4189	7186	11375	75131	113904	189035
"2009.06.30"	"Iraq"	"Kirkuk"	27	80	107	4216	7266	11482	75158	113984	189142
"2009.06.30"	"Afghanistan"	"Torkhum"	8	8	16	4224	7274	11498	75166	113992	189158
"2009.06.30"	"Thailand"	"Pattani"	1	0	1	4225	7274	11499	75167	113992	189159
"2009.06.30"	"Iraq"	"Shurqat"	2	0	2	4227	7274	11501	75169	113992	189161
"2009.07.01"	"Pakistan"	"Lahore"	0	15	15	4227	7289	11516	75169	114007	189176
"2009.07.01"	"Pakistan"	"Hangu"	1	9	10	4228	7298	11526	75170	114016	189186
"2009.07.01"	"Pakistan"	"Lashkar"	2	4	6	4230	7302	11532	75172	114020	189192
"2009.07.01"	"Pakistan"	"Ghaziabad"	1	0	1	4231	7302	11533	75173	114020	189193
"2009.07.01"	"Iraq"	"Baquba"	1	3	4	4232	7305	11537	75174	114023	189197
"2009.07.01"	"Pakistan"	"Jamrud"	2	0	2	4234	7305	11539	75176	114023	189199
"2009.07.01"	"Pakistan"	"Dera Ismail Khan"	1	1	2	4235	7306	11541	75177	114024	189201
"2009.07.01"	"Pakistan"	"Nowshera"	2	3	5	4237	7309	11546	75179	114027	189206
"2009.07.01"	"Pakistan"	"Faisalabad"	0	1	1	4237	7310	11547	75179	114028	189207
"2009.07.02"	"Pal. Auth."	"Gaza"	1	0	1	4238	7310	11548	75180	114028	189208
"2009.07.02"	"Pakistan"	"Chacho Wali"	2	0	2	4240	7310	11550	75182	114028	189210
"2009.07.02"	"Iraq"	"Baghdad"	4	31	35	4244	7341	11585	75186	114059	189245
"2009.07.02"	"Pakistan"	"Peshawar"	2	2	4	4246	7343	11589	75188	114061	189249
"2009.07.02"	"Pakistan"	"Dera Ismail Khan"	2	6	8	4248	7349	11597	75190	114067	189257
"2009.07.02"	"Saudi Arabia"	"Riyadh"	2	0	2	4250	7349	11599	75192	114067	189259
"2009.07.02"	"England"	"London"	0	1	1	4250	7350	11600	75192	114068	189260
"2009.07.03"	"India"	"Kishtwar"	2	1	3	4252	7351	11603	75194	114069	189263
"2009.07.03"	"Ethiopia"	"Dessie"	2	0	2	4254	7351	11605	75196	114069	189265
"2009.07.04"	"Somalia"	"Mogadishu"	1	0	1	4255	7351	11606	75197	114069	189266
"2009.07.04"	"Pakistan"	"Mohmand"	12	0	12	4267	7351	11618	75209	114069	189278
"2009.07.04"	"Pakistan"	"Dera Ismail Khan"	1	0	1	4268	7351	11619	75210	114069	189279
"2009.07.04"	"Somalia"	"Mogadishu"	23	50	73	4291	7401	11692	75233	114119	189352
"2009.07.04"	"Ingushetia"	"Nazran"	9	9	18	4300	7410	11710	75242	114128	189370
"2009.07.04"	"Iraq"	"Mosul"	4	0	4	4304	7410	11714	75246	114128	189374
"2009.07.04"	"Iraq"	"Yusufiya"	1	12	13	4305	7422	11727	75247	114140	189387
"2009.07.04"	"Mali"	"Tessalit"	24	3	27	4329	7425	11754	75271	114143	189414
"2009.07.05"	"Philippines"	"Cotabato"	6	44	50	4335	7469	11804	75277	114187	189464
"2009.07.05"	"Pakistan"	"Lahore"	1	0	1	4336	7469	11805	75278	114187	189465
"2009.07.05"	"Pakistan"	"Mohmand"	2	0	2	4338	7469	11807	75280	114187	189467
"2009.07.05"	"Saudi Arabia"	"Riyadh"	2	0	2	4340	7469	11809	75282	114187	189469
"2009.07.06"	"Iraq"	"Baghdad"	5	0	5	4345	7469	11814	75287	114187	189474
"2009.07.06"	"Iraq"	"Mosul"	1	12	13	4346	7481	11827	75288	114199	189487
"2009.07.06"	"Pakistan"	"Dera Ismail Khan"	5	2	7	4351	7483	11834	75293	114201	189494
"2009.07.07"	"Iraq"	"Mosul"	4	0	4	4355	7483	11838	75297	114201	189498
"2009.07.07"	"Pakistan"	"Peshawar"	2	3	5	4357	7486	11843	75299	114204	189503
"2009.07.07"	"Afghanistan"	"Nuristan"	8	8	16	4365	7494	11859	75307	114212	189519
"2009.07.07"	"Afghanistan"	"Khost"	1	28	29	4366	7522	11888	75308	114240	189548
"2009.07.07"	"Philippines"	"Jolo"	2	27	29	4368	7549	11917	75310	114267	189577
"2009.07.07"	"Pakistan"	"Khyber"	1	0	1	4369	7549	11918	75311	114267	189578
"2009.07.07"	"Thailand"	"Narathiwat"	2	0	2	4371	7549	11920	75313	114267	189580
"2009.07.07"	"Thailand"	"Pattani"	1	0	1	4372	7549	11921	75314	114267	189581
"2009.07.07"	"Pakistan"	"Lahore"	0	1	1	4372	7550	11922	75314	114268	189582
"2009.07.08"	"Thailand"	"Pattani"	1	0	1	4373	7550	11923	75315	114268	189583
"2009.07.08"	"Iraq"	"Mosul"	15	24	39	4388	7574	11962	75330	114292	189622
"2009.07.08"	"Iraq"	"Baghdad"	2	5	7	4390	7579	11969	75332	114297	189629
"2009.07.08"	"Iraq"	"Musayyib"	2	18	20	4392	7597	11989	75334	114315	189649
"2009.07.08"	"Pakistan"	"Peshawar"	1	4	5	4393	7601	11994	75335	114319	189654
"2009.07.08"	"Ingushetia"	"Nazran"	1	0	1	4394	7601	11995	75336	114319	189655
"2009.07.08"	"India"	"Kulgam"	1	1	2	4395	7602	11997	75337	114320	189657
"2009.07.09"	"Pakistan"	"Bajaur"	4	0	4	4399	7602	12001	75341	114320	189661
"2009.07.09"	"France"	"Lyon"	1	0	1	4400	7602	12002	75342	114320	189662
"2009.07.09"	"Afghanistan"	"Kabul"	25	4	29	4425	7606	12031	75367	114324	189691
"2009.07.09"	"Iraq"	"Baghdad"	16	66	82	4441	7672	12113	75383	114390	189773
"2009.07.09"	"Afghanistan"	"Samangan"	2	2	4	4443	7674	12117	75385	114392	189777
"2009.07.09"	"Pakistan"	"Bannu"	2	5	7	4445	7679	12124	75387	114397	189784
"2009.07.09"	"Pakistan"	"Peshawar"	1	3	4	4446	7682	12128	75388	114400	189788
"2009.07.09"	"Iraq"	"Tal Afar"	35	61	96	4481	7743	12224	75423	114461	189884
"2009.07.09"	"Jordan"	"Amman"	1	0	1	4482	7743	12225	75424	114461	189885
"2009.07.09"	"Thailand"	"Pattani"	1	5	6	4483	7748	12231	75425	114466	189891
"2009.07.09"	"Jordan"	"Amman"	1	0	1	4484	7748	12232	75426	114466	189892
"2009.07.10"	"Thailand"	"Pattani"	1	0	1	4485	7748	12233	75427	114466	189893
"2009.07.10"	"China"	"Urumqi"	137	800	937	4622	8548	13170	75564	115266	190830
"2009.07.10"	"Somalia"	"Baidoa"	7	0	7	4629	8548	13177	75571	115266	190837
"2009.07.11"	"Somalia"	"Mogadishu"	3	1	4	4632	8549	13181	75574	115267	190841
"2009.07.11"	"Somalia"	"Mogadishu"	1	0	1	4633	8549	13182	75575	115267	190842
"2009.07.11"	"Afghanistan"	"Ghazni"	8	1	9	4641	8550	13191	75583	115268	190851
"2009.07.11"	"Afghanistan"	"Paktia"	18	20	38	4659	8570	13229	75601	115288	190889
"2009.07.11"	"Iraq"	"Mosul"	8	39	47	4667	8609	13276	75609	115327	190936
"2009.07.11"	"Iraq"	"Baghdad"	4	12	16	4671	8621	13292	75613	115339	190952
"2009.07.11"	"Pakistan"	"Kohat"	3	6	9	4674	8627	13301	75616	115345	190961
"2009.07.12"	"Iraq"	"Baghdad"	4	33	37	4678	8660	13338	75620	115378	190998
"2009.07.12"	"Pakistan"	"Lahore"	1	0	1	4679	8660	13339	75621	115378	190999
"2009.07.12"	"Iraq"	"Jurf al-Sakhar"	1	0	1	4680	8660	13340	75622	115378	191000
"2009.07.12"	"Iraq"	"Kirkuk"	1	0	1	4681	8660	13341	75623	115378	191001
"2009.07.13"	"Iraq"	"Fallujah"	1	0	1	4682	8660	13342	75624	115378	191002
"2009.07.13"	"Pakistan"	"Multan"	12	61	73	4694	8721	13415	75636	115439	191075
"2009.07.13"	"Chechnya"	"Grozny"	1	0	1	4695	8721	13416	75637	115439	191076
"2009.07.13"	"Dagestan"	"Rostov-on-Don"	2	5	7	4697	8726	13423	75639	115444	191083
"2009.07.13"	"Afghanistan"	"Kabul"	4	0	4	4701	8726	13427	75643	115444	191087
"2009.07.14"	"Iraq"	"Baghdad"	2	0	2	4703	8726	13429	75645	115444	191089
"2009.07.14"	"Iraq"	"Mosul"	1	0	1	4704	8726	13430	75646	115444	191090
"2009.07.14"	"Pakistan"	"Khyber"	2	3	5	4706	8729	13435	75648	115447	191095
"2009.07.15"	"Chechnya"	"Grozny"	1	0	1	4707	8729	13436	75649	115447	191096
"2009.07.15"	"Ingushetia"	"Border"	2	0	2	4709	8729	13438	75651	115447	191098
"2009.07.15"	"Thailand"	"Pattani"	2	1	3	4711	8730	13441	75653	115448	191101
"2009.07.15"	"Iraq"	"Baghdad"	5	28	33	4716	8758	13474	75658	115476	191134
"2009.07.15"	"Iraq"	"Ramadi"	6	25	31	4722	8783	13505	75664	115501	191165
"2009.07.15"	"Pakistan"	"Bannu"	2	6	8	4724	8789	13513	75666	115507	191173
"2009.07.15"	"Pakistan"	"Jandola"	2	1	3	4726	8790	13516	75668	115508	191176
"2009.07.15"	"Afghanistan"	"Ghazni"	2	1	3	4728	8791	13519	75670	115509	191179
"2009.07.16"	"Thailand"	"Yala"	1	0	1	4729	8791	13520	75671	115509	191180
"2009.07.16"	"Thailand"	"Narathiwat"	1	0	1	4730	8791	13521	75672	115509	191181
"2009.07.16"	"Iraq"	"Basra"	3	1	4	4733	8792	13525	75675	115510	191185
"2009.07.16"	"Jordan"	"Amman"	1	0	1	4734	8792	13526	75676	115510	191186
"2009.07.16"	"Pakistan"	"Karachi"	3	0	3	4737	8792	13529	75679	115510	191189
"2009.07.16"	"Pakistan"	"Miranshah"	3	4	7	4740	8796	13536	75682	115514	191196
"2009.07.16"	"India"	"Doda"	1	0	1	4741	8796	13537	75683	115514	191197
"2009.07.16"	"Pakistan"	"Bajaur"	1	0	1	4742	8796	13538	75684	115514	191198
"2009.07.16"	"Pakistan"	"Peshawar"	2	0	2	4744	8796	13540	75686	115514	191200
"2009.07.16"	"Dagestan"	"Gedzhukh"	1	0	1	4745	8796	13541	75687	115514	191201
"2009.07.17"	"Ingushetia"	"Sredniye Achaluki"	2	0	2	4747	8796	13543	75689	115514	191203
"2009.07.17"	"Afghanistan"	"Spin Boldak"	11	3	14	4758	8799	13557	75700	115517	191217
"2009.07.17"	"Indonesia"	"Jakarta"	9	50	59	4767	8849	13616	75709	115567	191276
"2009.07.17"	"Iraq"	"Kut"	1	0	1	4768	8849	13617	75710	115567	191277
"2009.07.17"	"Iraq"	"Baghdad"	2	9	11	4770	8858	13628	75712	115576	191288
"2009.07.17"	"Pakistan"	"Khyber"	1	0	1	4771	8858	13629	75713	115576	191289
"2009.07.17"	"Thailand"	"Yala"	2	5	7	4773	8863	13636	75715	115581	191296
"2009.07.17"	"India"	"Shopian"	1	0	1	4774	8863	13637	75716	115581	191297
"2009.07.17"	"Iraq"	"Garma"	2	11	13	4776	8874	13650	75718	115592	191310
"2009.07.18"	"Iraq"	"Garma"	4	8	12	4780	8882	13662	75722	115600	191322
"2009.07.18"	"Iraq"	"Fallujah"	1	13	14	4781	8895	13676	75723	115613	191336
"2009.07.18"	"Pakistan"	"Swat"	1	0	1	4782	8895	13677	75724	115613	191337
"2009.07.18"	"Afghanistan"	"Zabul"	3	3	6	4785	8898	13683	75727	115616	191343
"2009.07.18"	"Afghanistan"	"Nangarhar"	2	0	2	4787	8898	13685	75729	115616	191345
"2009.07.19"	"Yemen"	"Sanaa"	10	0	10	4797	8898	13695	75739	115616	191355
"2009.07.19"	"Afghanistan"	"Torkham"	2	1	3	4799	8899	13698	75741	115617	191358
"2009.07.19"	"Afghanistan"	"Kunduz"	1	0	1	4800	8899	13699	75742	115617	191359
"2009.07.19"	"Thailand"	"Yala"	1	0	1	4801	8899	13700	75743	115617	191360
"2009.07.19"	"Thailand"	"Narathiwat"	1	0	1	4802	8899	13701	75744	115617	191361
"2009.07.19"	"India"	"Doda"	1	0	1	4803	8899	13702	75745	115617	191362
"2009.07.20"	"Iraq"	"Ramadi"	4	9	13	4807	8908	13715	75749	115626	191375
"2009.07.20"	"Iraq"	"Mosul"	2	1	3	4809	8909	13718	75751	115627	191378
"2009.07.20"	"Iraq"	"Peshawar"	4	0	4	4813	8909	13722	75755	115627	191382
"2009.07.20"	"Pakistan"	"Lahore"	2	0	2	4815	8909	13724	75757	115627	191384
"2009.07.20"	"Somalia"	"Mahadday Weyne"	1	0	1	4816	8909	13725	75758	115627	191385
"2009.07.20"	"Thailand"	"Pattani"	1	0	1	4817	8909	13726	75759	115627	191386
"2009.07.20"	"Somalia"	"Mogadishu"	2	7	9	4819	8916	13735	75761	115634	191395
"2009.07.20"	"Germany"	"Munich"	1	0	1	4820	8916	13736	75762	115634	191396
"2009.07.20"	"Turkey"	"Istanbul"	1	0	1	4821	8916	13737	75763	115634	191397
"2009.07.21"	"Yemen"	"Saada"	1	2	3	4822	8918	13740	75764	115636	191400
"2009.07.21"	"Afghanistan"	"Paktia"	3	4	7	4825	8922	13747	75767	115640	191407
"2009.07.21"	"India"	"Shopian"	1	3	4	4826	8925	13751	75768	115643	191411
"2009.07.21"	"Iraq"	"Baghdad"	18	113	131	4844	9038	13882	75786	115756	191542
"2009.07.21"	"Dagestan"	"Khasavyurt"	1	0	1	4845	9038	13883	75787	115756	191543
"2009.07.21"	"Pal. Auth."	"Gaza"	0	50	50	4845	9088	13933	75787	115806	191593
"2009.07.21"	"Philippines"	"Cotabato"	1	1	2	4846	9089	13935	75788	115807	191595
"2009.07.22"	"Thailand"	"Yala"	1	0	1	4847	9089	13936	75789	115807	191596
"2009.07.22"	"Iraq"	"Diyala"	5	35	40	4852	9124	13976	75794	115842	191636
"2009.07.22"	"Afghanistan"	"Kunduz"	11	0	11	4863	9124	13987	75805	115842	191647
"2009.07.23"	"Philippines"	"Basilan"	3	0	3	4866	9124	13990	75808	115842	191650
"2009.07.23"	"Somalia"	"Mogadishu"	15	55	70	4881	9179	14060	75823	115897	191720
"2009.07.23"	"Thailand"	"Pattani"	1	0	1	4882	9179	14061	75824	115897	191721
"2009.07.23"	"Iraq"	"Kirkuk"	2	5	7	4884	9184	14068	75826	115902	191728
"2009.07.23"	"Pakistan"	"Quetta"	1	0	1	4885	9184	14069	75827	115902	191729
"2009.07.23"	"India"	"Shopian"	2	0	2	4887	9184	14071	75829	115902	191731
"2009.07.23"	"Yemen"	"Saada"	7	3	10	4894	9187	14081	75836	115905	191741
"2009.07.23"	"Pakistan"	"Lahore"	1	0	1	4895	9187	14082	75837	115905	191742
"2009.07.23"	"Pal. Auth."	"Jabalya"	1	0	1	4896	9187	14083	75838	115905	191743
"2009.07.23"	"Eritrea"	"Mitire"	1	0	1	4897	9187	14084	75839	115905	191744
"2009.07.24"	"Iraq"	"Tal Afar"	4	0	4	4901	9187	14088	75843	115905	191748
"2009.07.24"	"Pakistan"	"Quetta"	1	0	1	4902	9187	14089	75844	115905	191749
"2009.07.24"	"Afghanistan"	"Khost"	0	14	14	4902	9201	14103	75844	115919	191763
"2009.07.25"	"Iraq"	"Fallujah"	5	21	26	4907	9222	14129	75849	115940	191789
"2009.07.25"	"Pakistan"	"North Waziristan"	1	0	1	4908	9222	14130	75850	115940	191790
"2009.07.25"	"Bangladesh"	"Charsindhu"	0	5	5	4908	9227	14135	75850	115945	191795
"2009.07.26"	"Iraq"	"Baghdad"	4	0	4	4912	9227	14139	75854	115945	191799
"2009.07.26"	"Iraq"	"Khaldiyah"	5	12	17	4917	9239	14156	75859	115957	191816
"2009.07.26"	"Pakistan"	"North Waziristan"	3	0	3	4920	9239	14159	75862	115957	191819
"2009.07.26"	"Iraq"	"Ninewa"	1	0	1	4921	9239	14160	75863	115957	191820
"2009.07.26"	"Afghanistan"	"Helmand"	3	2	5	4924	9241	14165	75866	115959	191825
"2009.07.26"	"Afghanistan"	"Nangarhar"	2	0	2	4926	9241	14167	75868	115959	191827
"2009.07.26"	"Chechnya"	"Grozny"	6	10	16	4932	9251	14183	75874	115969	191843
"2009.07.27"	"Nigeria"	"Maiduguri"	1	0	1	4933	9251	14184	75875	115969	191844
"2009.07.27"	"Thailand"	"Pattani"	1	0	1	4934	9251	14185	75876	115969	191845
"2009.07.27"	"Thailand"	"Pattani"	1	0	1	4935	9251	14186	75877	115969	191846
"2009.07.27"	"Somalia"	"Mogadishu"	6	20	26	4941	9271	14212	75883	115989	191872
"2009.07.27"	"Nigeria"	"Bauchi"	5	12	17	4946	9283	14229	75888	116001	191889
"2009.07.27"	"Pakistan"	"Mansehra"	1	2	3	4947	9285	14232	75889	116003	191892
"2009.07.27"	"Somalia"	"Merca"	4	0	4	4951	9285	14236	75893	116003	191896
"2009.07.27"	"Pakistan"	"Faisalabad"	0	1	1	4951	9286	14237	75893	116004	191897
"2009.07.28"	"Iraq"	"Baghdad"	8	15	23	4959	9301	14260	75901	116019	191920
"2009.07.28"	"Pakistan"	"Miranshah"	2	5	7	4961	9306	14267	75903	116024	191927
"2009.07.28"	"Pakistan"	"Mingora"	1	0	1	4962	9306	14268	75904	116024	191928
"2009.07.28"	"Philippines"	"Basilan"	1	0	1	4963	9306	14269	75905	116024	191929
"2009.07.28"	"Afghanistan"	"Helmand"	8	4	12	4971	9310	14281	75913	116028	191941
"2009.07.28"	"Afghanistan"	"Kabul"	5	9	14	4976	9319	14295	75918	116037	191955
"2009.07.28"	"Thailand"	"Pattani"	2	0	2	4978	9319	14297	75920	116037	191957
"2009.07.28"	"Nigeria"	"Maiduguri"	1	0	1	4979	9319	14298	75921	116037	191958
"2009.07.28"	"Nigeria"	"Maiduguri"	3	0	3	4982	9319	14301	75924	116037	191961
"2009.07.29"	"Thailand"	"Yala"	1	0	1	4983	9319	14302	75925	116037	191962
"2009.07.29"	"Pakistan"	"Dera Ismail Khan"	1	4	5	4984	9323	14307	75926	116041	191967
"2009.07.29"	"Pakistan"	"Mohmand"	2	6	8	4986	9329	14315	75928	116047	191975
"2009.07.29"	"Algeria"	"Tipaza"	17	23	40	5003	9352	14355	75945	116070	192015
"2009.07.29"	"Afghanistan"	"Kandahar"	4	0	4	5007	9352	14359	75949	116070	192019
"2009.07.30"	"Pakistan"	"Gojra City"	7	19	26	5014	9371	14385	75956	116089	192045
"2009.07.30"	"Iraq"	"Baqubah"	7	10	17	5021	9381	14402	75963	116099	192062
"2009.07.30"	"Iraq"	"Qaim"	5	39	44	5026	9420	14446	75968	116138	192106
"2009.07.30"	"Pakistan"	"Swat"	1	2	3	5027	9422	14449	75969	116140	192109
"2009.07.30"	"Yemen"	"Sanaa"	3	3	6	5030	9425	14455	75972	116143	192115
"2009.07.31"	"Iraq"	"Kirkuk"	2	15	17	5032	9440	14472	75974	116158	192132
"2009.07.31"	"Afghanistan"	"Farah"	4	3	7	5036	9443	14479	75978	116161	192139
"2009.07.31"	"Iraq"	"Mosul"	2	2	4	5038	9445	14483	75980	116163	192143
"2009.07.31"	"Pakistan"	"Koral"	3	0	3	5041	9445	14486	75983	116163	192146
"2009.07.31"	"Iraq"	"Baghdad"	33	136	169	5074	9581	14655	76016	116299	192315
"2009.08.01"	"Afghanistan"	"Baghlan"	3	0	3	5077	9581	14658	76019	116299	192318
"2009.08.01"	"Iraq"	"Mosul"	1	0	1	5078	9581	14659	76020	116299	192319
"2009.08.01"	"India"	"Srinagar"	2	0	2	5080	9581	14661	76022	116299	192321
"2009.08.01"	"Afghanistan"	"Ghazni"	1	2	3	5081	9583	14664	76023	116301	192324
"2009.08.01"	"Pakistan"	"Gojra"	8	18	26	5089	9601	14690	76031	116319	192350
"2009.08.02"	"Chechnya"	"Sharoi"	5	4	9	5094	9605	14699	76036	116323	192359
"2009.08.02"	"Iraq"	"Haditha"	7	34	41	5101	9639	14740	76043	116357	192400
"2009.08.02"	"India"	"Shopian"	1	0	1	5102	9639	14741	76044	116357	192401
"2009.08.02"	"Pakistan"	"Paharipura"	2	0	2	5104	9639	14743	76046	116357	192403
"2009.08.02"	"Pakistan"	"Mashogagar"	1	0	1	5105	9639	14744	76047	116357	192404
"2009.08.02"	"Dagestan"	"Makhachkala"	4	0	4	5109	9639	14748	76051	116357	192408
"2009.08.02"	"Thailand"	"Pattani"	1	0	1	5110	9639	14749	76052	116357	192409
"2009.08.02"	"Thailand"	"Pattani"	1	0	1	5111	9639	14750	76053	116357	192410
"2009.08.03"	"Pakistan"	"Miranshah"	9	12	21	5120	9651	14771	76062	116369	192431
"2009.08.03"	"Afghanistan"	"Ghazni"	1	4	5	5121	9655	14776	76063	116373	192436
"2009.08.03"	"Afghanistan"	"Herat"	12	26	38	5133	9681	14814	76075	116399	192474
"2009.08.03"	"Pakistan"	"Gorja"	1	0	1	5134	9681	14815	76076	116399	192475
"2009.08.03"	"Somalia"	"Medina"	1	5	6	5135	9686	14821	76077	116404	192481
"2009.08.03"	"Iraq"	"Fallujah"	5	8	13	5140	9694	14834	76082	116412	192494
"2009.08.03"	"Iraq"	"Hilla"	6	27	33	5146	9721	14867	76088	116439	192527
"2009.08.03"	"Iraq"	"Iskandariya"	1	3	4	5147	9724	14871	76089	116442	192531
"2009.08.03"	"Algeria"	"Kabylie"	4	0	4	5151	9724	14875	76093	116442	192535
"2009.08.04"	"Iraq"	"Baghdad"	1	0	1	5152	9724	14876	76094	116442	192536
"2009.08.04"	"Pakistan"	"Lahore"	2	0	2	5154	9724	14878	76096	116442	192538
"2009.08.04"	"Thailand"	"Yala"	1	0	1	5155	9724	14879	76097	116442	192539
"2009.08.04"	"Thailand"	"Narathiwat"	1	0	1	5156	9724	14880	76098	116442	192540
"2009.08.04"	"Pakistan"	"Chashma"	3	3	6	5159	9727	14886	76101	116445	192546
"2009.08.04"	"Pakistan"	"Datakhel"	2	3	5	5161	9730	14891	76103	116448	192551
"2009.08.04"	"Afghanistan"	"Zabul"	2	17	19	5163	9747	14910	76105	116465	192570
"2009.08.04"	"Iraq"	"Mussayab"	1	0	1	5164	9747	14911	76106	116465	192571
"2009.08.05"	"Afghanistan"	"Nangahar"	6	0	6	5170	9747	14917	76112	116465	192577
"2009.08.05"	"Thailand"	"Narathiwat"	2	0	2	5172	9747	14919	76114	116465	192579
"2009.08.05"	"Thailand"	"Pattani"	1	0	1	5173	9747	14920	76115	116465	192580
"2009.08.05"	"Iraq"	"Baghdad"	5	8	13	5178	9755	14933	76120	116473	192593
"2009.08.05"	"Iraq"	"Jalawla"	1	0	1	5179	9755	14934	76121	116473	192594
"2009.08.05"	"Afghanistan"	"Nangarhar"	5	0	5	5184	9755	14939	76126	116473	192599
"2009.08.05"	"Iraq"	"Ramadi"	1	4	5	5185	9759	14944	76127	116477	192604
"2009.08.06"	"Iran"	"Tabriz"	7	0	7	5192	9759	14951	76134	116477	192611
"2009.08.06"	"Afghanistan"	"Helmand"	10	5	15	5202	9764	14966	76144	116482	192626
"2009.08.06"	"Iraq"	"Baghdad"	1	4	5	5203	9768	14971	76145	116486	192631
"2009.08.06"	"Iraq"	"Mosul"	1	0	1	5204	9768	14972	76146	116486	192632
"2009.08.06"	"Iraq"	"Kirkuk"	5	32	37	5209	9800	15009	76151	116518	192669
"2009.08.06"	"Iraq"	"Khanaqin"	2	0	2	5211	9800	15011	76153	116518	192671
"2009.08.06"	"Pakistan"	"Bajaur"	1	0	1	5212	9800	15012	76154	116518	192672
"2009.08.06"	"Pakistan"	"Dera Ismail Khan"	2	0	2	5214	9800	15014	76156	116518	192674
"2009.08.06"	"Pakistan"	"Multan"	1	0	1	5215	9800	15015	76157	116518	192675
"2009.08.06"	"Pakistan"	"Yasrab Colony"	2	0	2	5217	9800	15017	76159	116518	192677
"2009.08.07"	"Pakistan"	"Lahore"	3	0	3	5220	9800	15020	76162	116518	192680
"2009.08.07"	"Iraq"	"Mosul"	38	95	133	5258	9895	15153	76200	116613	192813
"2009.08.07"	"Chechnya"	"Grozny"	2	1	3	5260	9896	15156	76202	116614	192816
"2009.08.07"	"Iraq"	"Baghdad"	6	24	30	5266	9920	15186	76208	116638	192846
"2009.08.07"	"Iraq"	"Baghdad"	3	13	16	5269	9933	15202	76211	116651	192862
"2009.08.07"	"Pakistan"	"Khyber"	1	0	1	5270	9933	15203	76212	116651	192863
"2009.08.07"	"Pakistan"	"Tank"	19	18	37	5289	9951	15240	76231	116669	192900
"2009.08.07"	"Afghanistan"	"Kandahar"	6	4	10	5295	9955	15250	76237	116673	192910
"2009.08.07"	"Afghanistan"	"Ghazni"	1	2	3	5296	9957	15253	76238	116675	192913
"2009.08.08"	"Somalia"	"Mogadishu"	2	4	6	5298	9961	15259	76240	116679	192919
"2009.08.08"	"Iraq"	"Mosul"	1	0	1	5299	9961	15260	76241	116679	192920
"2009.08.08"	"Afghanistan"	"Helmand"	5	0	5	5304	9961	15265	76246	116679	192925
"2009.08.08"	"Thailand"	"Pattani"	1	0	1	5305	9961	15266	76247	116679	192926
"2009.08.08"	"Yemen"	"Baqim"	8	0	8	5313	9961	15274	76255	116679	192934
"2009.08.09"	"Somalia"	"Mogadishu"	2	0	2	5315	9961	15276	76257	116679	192936
"2009.08.09"	"Thailand"	"Yala"	1	0	1	5316	9961	15277	76258	116679	192937
"2009.08.09"	"Pakistan"	"Mohmand"	5	0	5	5321	9961	15282	76263	116679	192942
"2009.08.09"	"Pakistan"	"Bannu"	3	0	3	5324	9961	15285	76266	116679	192945
"2009.08.09"	"Iraq"	"Baghdad"	2	0	2	5326	9961	15287	76268	116679	192947
"2009.08.09"	"Pakistan"	"North Waziristan"	2	3	5	5328	9964	15292	76270	116682	192952
"2009.08.10"	"Iraq"	"Baghdad"	5	35	40	5333	9999	15332	76275	116717	192992
"2009.08.10"	"Iraq"	"Baghdad"	10	35	45	5343	10034	15377	76285	116752	193037
"2009.08.10"	"Iraq"	"Baghdad"	7	42	49	5350	10076	15426	76292	116794	193086
"2009.08.10"	"Iraq"	"Khazna"	42	190	232	5392	10266	15658	76334	116984	193318
"2009.08.10"	"Dagestan"	"Derbent"	1	1	2	5393	10267	15660	76335	116985	193320
"2009.08.10"	"Afghanistan"	"Logar"	5	26	31	5398	10293	15691	76340	117011	193351
"2009.08.10"	"Pakistan"	"North Waziristan"	1	3	4	5399	10296	15695	76341	117014	193355
"2009.08.11"	"Afghanistan"	"Kabul"	5	4	9	5404	10300	15704	76346	117018	193364
"2009.08.11"	"Pakistan"	"Peshawar"	2	3	5	5406	10303	15709	76348	117021	193369
"2009.08.11"	"Pakistan"	"Mohmand"	1	0	1	5407	10303	15710	76349	117021	193370
"2009.08.11"	"Iraq"	"Baghdad"	8	30	38	5415	10333	15748	76357	117051	193408
"2009.08.11"	"Jordan"	"Nasser"	1	0	1	5416	10333	15749	76358	117051	193409
"2009.08.12"	"Iraq"	"Mosul"	4	5	9	5420	10338	15758	76362	117056	193418
"2009.08.12"	"Iraq"	"Ramadi"	2	7	9	5422	10345	15767	76364	117063	193427
"2009.08.12"	"Afghanistan"	"Kunduz"	3	0	3	5425	10345	15770	76367	117063	193430
"2009.08.12"	"Afghanistan"	"Zabul"	2	6	8	5427	10351	15778	76369	117069	193438
"2009.08.12"	"India"	"Baramulla"	1	9	10	5428	10360	15788	76370	117078	193448
"2009.08.12"	"Pakistan"	"Orakzai"	1	0	1	5429	10360	15789	76371	117078	193449
"2009.08.12"	"Afghanistan"	"Gereshk"	14	0	14	5443	10360	15803	76385	117078	193463
"2009.08.12"	"Jordan"	"Madaba"	1	0	1	5444	10360	15804	76386	117078	193464
"2009.08.12"	"Thailand"	"Pattani"	1	4	5	5445	10364	15809	76387	117082	193469
"2009.08.13"	"Afghanistan"	"Helmand"	3	2	5	5448	10366	15814	76390	117084	193474
"2009.08.13"	"Thailand"	"Yala"	2	4	6	5450	10370	15820	76392	117088	193480
"2009.08.13"	"Iraq"	"Baghdad"	2	13	15	5452	10383	15835	76394	117101	193495
"2009.08.13"	"Dagestan"	"Buinaksk"	4	5	9	5456	10388	15844	76398	117106	193504
"2009.08.13"	"Pakistan"	"Bajour"	2	0	2	5458	10388	15846	76400	117106	193506
"2009.08.13"	"Pakistan"	"Wana"	4	2	6	5462	10390	15852	76404	117108	193512
"2009.08.13"	"Iraq"	"Mosul"	21	35	56	5483	10425	15908	76425	117143	193568
"2009.08.13"	"Dagestan"	"Buinaksk"	7	0	7	5490	10425	15915	76432	117143	193575
"2009.08.13"	"Somalia"	"Mogadishu"	2	4	6	5492	10429	15921	76434	117147	193581
"2009.08.14"	"Dagestan"	"Makhachkala"	2	0	2	5494	10429	15923	76436	117147	193583
"2009.08.15"	"Somalia"	"Mogadushu"	5	20	25	5499	10449	15948	76441	117167	193608
"2009.08.15"	"Afghanistan"	"Kabul"	4	0	4	5503	10449	15952	76445	117167	193612
"2009.08.15"	"Afghanistan"	"Kabul"	7	91	98	5510	10540	16050	76452	117258	193710
"2009.08.15"	"Pakistan"	"Khawaza Kehla"	5	4	9	5515	10544	16059	76457	117262	193719
"2009.08.15"	"Dagestan"	"Makhachkala"	2	0	2	5517	10544	16061	76459	117262	193721
"2009.08.15"	"Iraq"	"Mosul"	6	9	15	5523	10553	16076	76465	117271	193736
"2009.08.15"	"Algeria"	"Tizi Ouzou"	1	2	3	5524	10555	16079	76466	117273	193739
"2009.08.15"	"Egypt"	"Cairo"	1	0	1	5525	10555	16080	76467	117273	193740
"2009.08.16"	"Thailand"	"Yala"	1	0	1	5526	10555	16081	76468	117273	193741
"2009.08.16"	"Iraq"	"Fallujah"	4	5	9	5530	10560	16090	76472	117278	193750
"2009.08.16"	"Iraq"	"Baghdad"	8	21	29	5538	10581	16119	76480	117299	193779
"2009.08.16"	"Thailand"	"Narathiwat"	2	0	2	5540	10581	16121	76482	117299	193781
"2009.08.16"	"Pakistan"	"Swat"	21	0	21	5561	10581	16142	76503	117299	193802
"2009.08.16"	"Pakistan"	"Swat"	1	3	4	5562	10584	16146	76504	117302	193806
"2009.08.16"	"India"	"Doda"	1	0	1	5563	10584	16147	76505	117302	193807
"2009.08.17"	"Afghanistan"	"Kabul"	1	0	1	5564	10584	16148	76506	117302	193808
"2009.08.17"	"Iraq"	"Mussayab"	2	1	3	5566	10585	16151	76508	117303	193811
"2009.08.17"	"Pakistan"	"Sindh"	1	6	7	5567	10591	16158	76509	117309	193818
"2009.08.17"	"Pakistan"	"Peshawar"	7	9	16	5574	10600	16174	76516	117318	193834
"2009.08.17"	"Ingushetia"	"Nazran"	25	160	185	5599	10760	16359	76541	117478	194019
"2009.08.18"	"Somalia"	"Bulahawa"	1	0	1	5600	10760	16360	76542	117478	194020
"2009.08.18"	"Afghanistan"	"Kabul"	8	53	61	5608	10813	16421	76550	117531	194081
"2009.08.18"	"Iraq"	"Mosul"	2	0	2	5610	10813	16423	76552	117531	194083
"2009.08.18"	"Iraq"	"Baghdad"	2	15	17	5612	10828	16440	76554	117546	194100
"2009.08.18"	"Afghanistan"	"Uruzgan"	5	0	5	5617	10828	16445	76559	117546	194105
"2009.08.18"	"Afghanistan"	"Badakshan"	4	0	4	5621	10828	16449	76563	117546	194109
"2009.08.18"	"Pakistan"	"Miranshah"	7	4	11	5628	10832	16460	76570	117550	194120
"2009.08.18"	"Pakistan"	"Peshawar"	1	0	1	5629	10832	16461	76571	117550	194121
"2009.08.19"	"Philippines"	"Guindulungan"	1	1	2	5630	10833	16463	76572	117551	194123
"2009.08.19"	"Iraq"	"Baghdad"	95	563	658	5725	11396	17121	76667	118114	194781
"2009.08.19"	"Thailand"	"Yala"	1	0	1	5726	11396	17122	76668	118114	194782
"2009.08.19"	"Pakistan"	"Bajaur"	3	0	3	5729	11396	17125	76671	118114	194785
"2009.08.19"	"Afghanistan"	"Kandahar"	4	0	4	5733	11396	17129	76675	118114	194789
"2009.08.19"	"Iraq"	"Kirkuk"	0	0	0	5733	11396	17129	76675	118114	194789
"2009.08.19"	"Afghanistan"	"Paktika"	4	0	4	5737	11396	17133	76679	118114	194793
"2009.08.19"	"Afghanistan"	"Spin Boldak"	4	0	4	5741	11396	17137	76683	118114	194797
"2009.08.19"	"Belgium"	"Jette"	0	1	1	5741	11397	17138	76683	118115	194798
"2009.08.19"	"Somalia"	"Beledweyn"	3	0	3	5744	11397	17141	76686	118115	194801
"2009.08.20"	"Somalia"	"Ahlu Sunna"	33	22	55	5777	11419	17196	76719	118137	194856
"2009.08.20"	"Somalia"	"Bulahawa"	12	8	20	5789	11427	17216	76731	118145	194876
"2009.08.20"	"Philippines"	"Cotabato"	1	20	21	5790	11447	17237	76732	118165	194897
"2009.08.20"	"Iraq"	"Babel"	6	80	86	5796	11527	17323	76738	118245	194983
"2009.08.20"	"Thailand"	"Pattani"	1	0	1	5797	11527	17324	76739	118245	194984
"2009.08.20"	"Afghanistan"	"Kandahar"	1	0	1	5798	11527	17325	76740	118245	194985
"2009.08.21"	"Afghanistan"	"Helmand"	6	0	6	5804	11527	17331	76746	118245	194991
"2009.08.21"	"Pakistan"	"Multan"	1	2	3	5805	11529	17334	76747	118247	194994
"2009.08.21"	"Somalia"	"Mogadishu"	22	40	62	5827	11569	17396	76769	118287	195056
"2009.08.21"	"Iraq"	"Mosul"	4	1	5	5831	11570	17401	76773	118288	195061
"2009.08.21"	"Iraq"	"Baghdad"	2	20	22	5833	11590	17423	76775	118308	195083
"2009.08.21"	"Afghanistan"	"Ghazni"	2	0	2	5835	11590	17425	76777	118308	195085
"2009.08.21"	"Afghanistan"	"Balkh"	1	0	1	5836	11590	17426	76778	118308	195086
"2009.08.21"	"Chechnya"	"Grozny"	5	3	8	5841	11593	17434	76783	118311	195094
"2009.08.21"	"Pakistan"	"Peshawar"	1	1	2	5842	11594	17436	76784	118312	195096
"2009.08.22"	"Afghanistan"	"Baghlan"	6	0	6	5848	11594	17442	76790	118312	195102
"2009.08.22"	"Afghanistan"	"Kandahar"	0	2	2	5848	11596	17444	76790	118314	195104
"2009.08.22"	"Thailand"	"Yala"	3	4	7	5851	11600	17451	76793	118318	195111
"2009.08.22"	"Thailand"	"Narathiwat"	1	2	3	5852	11602	17454	76794	118320	195114
"2009.08.22"	"Iraq"	"Mosul"	2	0	2	5854	11602	17456	76796	118320	195116
"2009.08.22"	"Iraq"	"Mosul"	2	0	2	5856	11602	17458	76798	118320	195118
"2009.08.22"	"Iraq"	"Mosul"	3	0	3	5859	11602	17461	76801	118320	195121
"2009.08.22"	"Pakistan"	"Peshawar"	2	3	5	5861	11605	17466	76803	118323	195126
"2009.08.22"	"Thailand"	"Yala"	3	4	7	5864	11609	17473	76806	118327	195133
"2009.08.22"	"Iraq"	"Mosul"	1	0	1	5865	11609	17474	76807	118327	195134
"2009.08.23"	"Somalia"	"Mogadishu"	6	12	18	5871	11621	17492	76813	118339	195152
"2009.08.23"	"Pakistan"	"Sarjani"	3	0	3	5874	11621	17495	76816	118339	195155
"2009.08.23"	"Pakistan"	"Momin"	3	15	18	5877	11636	17513	76819	118354	195173
"2009.08.23"	"Iraq"	"Abu Khamis"	2	0	2	5879	11636	17515	76821	118354	195175
"2009.08.23"	"Pakistan"	"Bajaur"	1	2	3	5880	11638	17518	76822	118356	195178
"2009.08.23"	"Pakistan"	"South Waziristan"	4	0	4	5884	11638	17522	76826	118356	195182
"2009.08.23"	"Thailand"	"Narathiwat"	2	3	5	5886	11641	17527	76828	118359	195187
"2009.08.24"	"Afghanistan"	"Helmand"	2	0	2	5888	11641	17529	76830	118359	195189
"2009.08.24"	"Iraq"	"Kut"	10	19	29	5898	11660	17558	76840	118378	195218
"2009.08.24"	"Pakistan"	"Khyber Pass"	1	1	2	5899	11661	17560	76841	118379	195220
"2009.08.24"	"Algeria"	"El Guemaichia"	3	2	5	5902	11663	17565	76844	118381	195225
"2009.08.25"	"Chechnya"	"Mesker-Yurt"	4	3	7	5906	11666	17572	76848	118384	195232
"2009.08.25"	"Iraq"	"Abu Ghraib"	2	0	2	5908	11666	17574	76850	118384	195234
"2009.08.25"	"Afghanistan"	"Kandahar"	41	66	107	5949	11732	17681	76891	118450	195341
"2009.08.25"	"Thailand"	"Narathiwat"	0	42	42	5949	11774	17723	76891	118492	195383
"2009.08.25"	"Afghanistan"	"Paktika"	4	0	4	5953	11774	17727	76895	118492	195387
"2009.08.26"	"Thailand"	"Yala"	2	0	2	5955	11774	17729	76897	118492	195389
"2009.08.26"	"Thailand"	"Yala"	1	0	1	5956	11774	17730	76898	118492	195390
"2009.08.26"	"Pakistan"	"Wana"	2	0	2	5958	11774	17732	76900	118492	195392
"2009.08.26"	"Afghanistan"	"Kunduz"	1	0	1	5959	11774	17733	76901	118492	195393
"2009.08.26"	"Afghanistan"	"Baghlan"	1	2	3	5960	11776	17736	76902	118494	195396
"2009.08.26"	"Algeria"	"Kabylie"	1	0	1	5961	11776	17737	76903	118494	195397
"2009.08.26"	"Afghanistan"	"Paktika"	2	1	3	5963	11777	17740	76905	118495	195400
"2009.08.27"	"Afghanistan"	"Khost"	4	0	4	5967	11777	17744	76909	118495	195404
"2009.08.27"	"Iraq"	"Mosul"	5	10	15	5972	11787	17759	76914	118505	195419
"2009.08.27"	"Thailand"	"Yala"	1	0	1	5973	11787	17760	76915	118505	195420
"2009.08.27"	"Pakistan"	"Tokham"	22	27	49	5995	11814	17809	76937	118532	195469
"2009.08.28"	"Pakistan"	"Quetta"	6	7	13	6001	11821	17822	76943	118539	195482
"2009.08.28"	"Thailand"	"Pattani"	1	17	18	6002	11838	17840	76944	118556	195500
"2009.08.28"	"Iraq"	"Mosul"	5	6	11	6007	11844	17851	76949	118562	195511
"2009.08.29"	"Pakistan"	"Bannu"	2	0	2	6009	11844	17853	76951	118562	195513
"2009.08.29"	"Iraq"	"Mosul"	1	0	1	6010	11844	17854	76952	118562	195514
"2009.08.29"	"Afghanistan"	"Zabul"	2	21	23	6012	11865	17877	76954	118583	195537
"2009.08.29"	"Iraq"	"Mosul"	6	23	29	6018	11888	17906	76960	118606	195566
"2009.08.29"	"Iraq"	"Hamad"	12	15	27	6030	11903	17933	76972	118621	195593
"2009.08.29"	"Algeria"	"Algiers"	5	3	8	6035	11906	17941	76977	118624	195601
"2009.08.29"	"Yemen"	"Sawad"	9	16	25	6044	11922	17966	76986	118640	195626
"2009.08.29"	"Sudan"	"Wernyol"	43	62	105	6087	11984	18071	77029	118702	195731
"2009.08.30"	"Iraq"	"Mosul"	1	0	1	6088	11984	18072	77030	118702	195732
"2009.08.30"	"Pakistan"	"Mingora"	16	11	27	6104	11995	18099	77046	118713	195759
"2009.08.30"	"Iraq"	"Baghdad"	2	13	15	6106	12008	18114	77048	118726	195774
"2009.08.30"	"Pakistan"	"Swat"	3	0	3	6109	12008	18117	77051	118726	195777
"2009.08.31"	"Iraq"	"Khanaqin"	1	12	13	6110	12020	18130	77052	118738	195790
"2009.08.31"	"India"	"Srinagar"	2	12	14	6112	12032	18144	77054	118750	195804
"2009.09.01"	"Somalia"	"Mogadishu"	2	10	12	6114	12042	18156	77056	118760	195816
"2009.09.01"	"Iraq"	"Mosul"	3	1	4	6117	12043	18160	77059	118761	195820
"2009.09.01"	"India"	"Poonch"	1	0	1	6118	12043	18161	77060	118761	195821
"2009.09.01"	"Pakistan"	"Mohmand"	1	0	1	6119	12043	18162	77061	118761	195822
"2009.09.01"	"Afghanistan"	"Border"	1	0	1	6120	12043	18163	77062	118761	195823
"2009.09.01"	"Afghanistan"	"Zabul"	1	3	4	6121	12046	18167	77063	118764	195827
"2009.09.02"	"Thailand"	"Narathiwat"	2	0	2	6123	12046	18169	77065	118764	195829
"2009.09.02"	"Pakistan"	"Bannu"	2	0	2	6125	12046	18171	77067	118764	195831
"2009.09.02"	"Thailand"	"Narathiwat"	1	1	2	6126	12047	18173	77068	118765	195833
"2009.09.02"	"Thailand"	"Pattani"	2	0	2	6128	12047	18175	77070	118765	195835
"2009.09.02"	"Afghanistan"	"Jowzjan"	1	6	7	6129	12053	18182	77071	118771	195842
"2009.09.02"	"Iraq"	"Mosul"	2	1	3	6131	12054	18185	77073	118772	195845
"2009.09.02"	"India"	"Rajouri"	2	0	2	6133	12054	18187	77075	118772	195847
"2009.09.02"	"Pakistan"	"Hub"	3	0	3	6136	12054	18190	77078	118772	195850
"2009.09.02"	"Thailand"	"Pattani"	5	0	5	6141	12054	18195	77083	118772	195855
"2009.09.02"	"Afghanistan"	"Kabul"	23	50	73	6164	12104	18268	77106	118822	195928
"2009.09.02"	"Iraq"	"Tal Afar"	2	0	2	6166	12104	18270	77108	118822	195930
"2009.09.03"	"Iraq"	"Mussayab"	4	24	28	6170	12128	18298	77112	118846	195958
"2009.09.03"	"Thailand"	"Pattani"	1	27	28	6171	12155	18326	77113	118873	195986
"2009.09.04"	"Thailand"	"Yala"	1	12	13	6172	12167	18339	77114	118885	195999
"2009.09.04"	"Thailand"	"Pattani"	2	0	2	6174	12167	18341	77116	118885	196001
"2009.09.04"	"Ingushetia"	"Dattykh"	3	2	5	6177	12169	18346	77119	118887	196006
"2009.09.04"	"Pakistan"	"Peshawar"	2	0	2	6179	12169	18348	77121	118887	196008
"2009.09.04"	"Afghanistan"	"Nimroz"	3	0	3	6182	12169	18351	77124	118887	196011
"2009.09.05"	"Thailand"	"Yala"	1	1	2	6183	12170	18353	77125	118888	196013
"2009.09.05"	"Somalia"	"Mogadishu"	6	18	24	6189	12188	18377	77131	118906	196037
"2009.09.05"	"Iraq"	"Kirkuk"	1	0	1	6190	12188	18378	77132	118906	196038
"2009.09.05"	"Pakistan"	"Swat"	2	1	3	6192	12189	18381	77134	118907	196041
"2009.09.05"	"Afghanistan"	"Kunar"	2	3	5	6194	12192	18386	77136	118910	196046
"2009.09.06"	"Iraq"	"Mosul"	2	0	2	6196	12192	18388	77138	118910	196048
"2009.09.06"	"Thailand"	"Yala"	3	0	3	6199	12192	18391	77141	118910	196051
"2009.09.06"	"Iraq"	"Baghdad"	1	6	7	6200	12198	18398	77142	118916	196058
"2009.09.06"	"Chechnya"	"Grozny"	1	0	1	6201	12198	18399	77143	118916	196059
"2009.09.06"	"Pakistan"	"Mirpurkhas"	1	0	1	6202	12198	18400	77144	118916	196060
"2009.09.06"	"Iraq"	"Mosul"	2	0	2	6204	12198	18402	77146	118916	196062
"2009.09.07"	"Pakistan"	"South Waziristan"	5	0	5	6209	12198	18407	77151	118916	196067
"2009.09.07"	"Iraq"	"Ramadi"	9	13	22	6218	12211	18429	77160	118929	196089
"2009.09.07"	"Afghanistan"	"Uruzgan"	1	20	21	6219	12231	18450	77161	118949	196110
"2009.09.07"	"Iraq"	"Karbala"	4	8	12	6223	12239	18462	77165	118957	196122
"2009.09.07"	"Iraq"	"Baqubah"	6	9	15	6229	12248	18477	77171	118966	196137
"2009.09.07"	"Afghanistan"	"Kabul"	3	2	5	6232	12250	18482	77174	118968	196142
"2009.09.07"	"Iraq"	"Kirkuk"	1	0	1	6233	12250	18483	77175	118968	196143
"2009.09.08"	"Afghanistan"	"Nuristan"	8	8	16	6241	12258	18499	77183	118976	196159
"2009.09.08"	"Somalia"	"Mogadishu"	8	31	39	6249	12289	18538	77191	119007	196198
"2009.09.08"	"Pakistan"	"Orakzai"	4	6	10	6253	12295	18548	77195	119013	196208
"2009.09.08"	"Iraq"	"Baghdad"	12	26	38	6265	12321	18586	77207	119039	196246
"2009.09.08"	"Afghanistan"	"Baghlan"	1	21	22	6266	12342	18608	77208	119060	196268
"2009.09.08"	"Afghanistan"	"Kabul"	3	9	12	6269	12351	18620	77211	119069	196280
"2009.09.08"	"Thailand"	"Pattani"	1	0	1	6270	12351	18621	77212	119069	196281
"2009.09.08"	"Pakistan"	"NWFP"	1	1	2	6271	12352	18623	77213	119070	196283
"2009.09.09"	"Thailand"	"Pattani"	1	0	1	6272	12352	18624	77214	119070	196284
"2009.09.09"	"Iraq"	"Karbala"	4	0	4	6276	12352	18628	77218	119070	196288
"2009.09.09"	"Pakistan"	"South Waziristan"	1	2	3	6277	12354	18631	77219	119072	196291
"2009.09.09"	"Thailand"	"Pattani"	2	0	2	6279	12354	18633	77221	119072	196293
"2009.09.09"	"Afghanistan"	"Logar"	25	0	25	6304	12354	18658	77246	119072	196318
"2009.09.09"	"Iraq"	"Kirkuk"	8	2	10	6312	12356	18668	77254	119074	196328
"2009.09.10"	"Dagestan"	"Makhachkala"	2	0	2	6314	12356	18670	77256	119074	196330
"2009.09.10"	"Thailand"	"Yala"	2	0	2	6316	12356	18672	77258	119074	196332
"2009.09.10"	"Pakistan"	"South Waziristan"	2	4	6	6318	12360	18678	77260	119078	196338
"2009.09.10"	"Iraq"	"Mahmudiya"	4	29	33	6322	12389	18711	77264	119107	196371
"2009.09.10"	"Afghanistan"	"Helmand"	2	4	6	6324	12393	18717	77266	119111	196377
"2009.09.10"	"Iraq"	"Wardek"	20	27	47	6344	12420	18764	77286	119138	196424
"2009.09.10"	"Afghanistan"	"Kunduz"	7	2	9	6351	12422	18773	77293	119140	196433
"2009.09.10"	"Jordan"	"Aqaba"	1	0	1	6352	12422	18774	77294	119140	196434
"2009.09.11"	"Afghanistan"	"Kandahar"	6	0	6	6358	12422	18780	77300	119140	196440
"2009.09.11"	"Afghanistan"	"Kunar"	6	0	6	6364	12422	18786	77306	119140	196446
"2009.09.11"	"Afghanistan"	"Uruzgan"	14	0	14	6378	12422	18800	77320	119140	196460
"2009.09.11"	"Somalia"	"Mogadishu"	15	27	42	6393	12449	18842	77335	119167	196502
"2009.09.11"	"Ingushetia"	"Nazran"	1	4	5	6394	12453	18847	77336	119171	196507
"2009.09.11"	"Iraq"	"Safara"	5	0	5	6399	12453	18852	77341	119171	196512
"2009.09.11"	"Afghanistan"	"Farah"	3	0	3	6402	12453	18855	77344	119171	196515
"2009.09.11"	"Afghanistan"	"Kandahar"	2	0	2	6404	12453	18857	77346	119171	196517
"2009.09.11"	"Ethiopia"	"Senbete"	0	3	3	6404	12456	18860	77346	119174	196520
"2009.09.12"	"Bangladesh"	"Dhaka"	1	0	1	6405	12456	18861	77347	119174	196521
"2009.09.12"	"Thailand"	"Yala"	0	0	0	6405	12456	18861	77347	119174	196521
"2009.09.12"	"Ingushetia"	"Nazran"	1	0	1	6406	12456	18862	77348	119174	196522
"2009.09.12"	"Iraq"	"Baqubah"	4	0	4	6410	12456	18866	77352	119174	196526
"2009.09.12"	"Pakistan"	"Landikotal"	3	0	3	6413	12456	18869	77355	119174	196529
"2009.09.12"	"India"	"Srinagar"	3	10	13	6416	12466	18882	77358	119184	196542
"2009.09.12"	"Iraq"	"Baghdad"	4	24	28	6420	12490	18910	77362	119208	196570
"2009.09.13"	"Iraq"	"Baghdad"	1	4	5	6421	12494	18915	77363	119212	196575
"2009.09.13"	"Pakistan"	"Khyber"	3	2	5	6424	12496	18920	77366	119214	196580
"2009.09.13"	"India"	"Kishtwar"	1	0	1	6425	12496	18921	77367	119214	196581
"2009.09.13"	"Iraq"	"Muqdadiya"	2	12	14	6427	12508	18935	77369	119226	196595
"2009.09.13"	"Thailand"	"Yala"	5	0	5	6432	12508	18940	77374	119226	196600
"2009.09.13"	"Bangladesh"	"Dhaka"	1	0	1	6433	12508	18941	77375	119226	196601
"2009.09.14"	"Iraq"	"Mukheefa"	1	0	1	6434	12508	18942	77376	119226	196602
"2009.09.14"	"Iraq"	"Baqubah"	5	5	10	6439	12513	18952	77381	119231	196612
"2009.09.14"	"Iraq"	"Buhriz"	1	1	2	6440	12514	18954	77382	119232	196614
"2009.09.14"	"Iraq"	"Mosul"	3	1	4	6443	12515	18958	77385	119233	196618
"2009.09.14"	"Pakistan"	"Karachi"	1	0	1	6444	12515	18959	77386	119233	196619
"2009.09.14"	"Pakistan"	"Sialkot"	1	0	1	6445	12515	18960	77387	119233	196620
"2009.09.15"	"Iraq"	"Baghdad"	2	5	7	6447	12520	18967	77389	119238	196627
"2009.09.15"	"Somalia"	"Merca"	1	0	1	6448	12520	18968	77390	119238	196628
"2009.09.15"	"Italy"	"Trieste"	1	1	2	6449	12521	18970	77391	119239	196630
"2009.09.16"	"Philippines"	"Tungawan"	3	0	3	6452	12521	18973	77394	119239	196633
"2009.09.16"	"Egypt"	"Bagur"	1	2	3	6453	12523	18976	77395	119241	196636
"2009.09.16"	"Thailand"	"Narathiwat"	1	0	1	6454	12523	18977	77396	119241	196637
"2009.09.16"	"Iraq"	"Khalis"	3	6	9	6457	12529	18986	77399	119247	196646
"2009.09.16"	"Afghanistan"	"Kandahar"	2	8	10	6459	12537	18996	77401	119255	196656
"2009.09.16"	"Afghanistan"	"Khost"	1	2	3	6460	12539	18999	77402	119257	196659
"2009.09.17"	"Thailand"	"Pattani"	2	2	4	6462	12541	19003	77404	119259	196663
"2009.09.17"	"Iraq"	"Tuz Khurmato"	2	1	3	6464	12542	19006	77406	119260	196666
"2009.09.17"	"Iraq"	"Tal Afar"	3	3	6	6467	12545	19012	77409	119263	196672
"2009.09.17"	"Afghanistan"	"Kabul"	16	40	56	6483	12585	19068	77425	119303	196728
"2009.09.17"	"Somalia"	"Mogadishu"	21	30	51	6504	12615	19119	77446	119333	196779
"2009.09.17"	"Thailand"	"Pattani"	3	2	5	6507	12617	19124	77449	119335	196784
"2009.09.17"	"Pakistan"	"Peshawar"	2	0	2	6509	12617	19126	77451	119335	196786
"2009.09.18"	"Pakistan"	"Hangu"	1	0	1	6510	12617	19127	77452	119335	196787
"2009.09.18"	"Pakistan"	"Kohat"	3	0	3	6513	12617	19130	77455	119335	196790
"2009.09.18"	"Pakistan"	"Ustarzai"	39	54	93	6552	12671	19223	77494	119389	196883
"2009.09.18"	"India"	"Doda"	2	0	2	6554	12671	19225	77496	119389	196885
"2009.09.18"	"Iraq"	"Mahmoudiya"	7	21	28	6561	12692	19253	77503	119410	196913
"2009.09.18"	"Algeria"	"Boumerdes"	1	0	1	6562	12692	19254	77504	119410	196914
"2009.09.18"	"Algeria"	"Kabylie"	1	0	1	6563	12692	19255	77505	119410	196915
"2009.09.19"	"Iraq"	"Zubair"	2	0	2	6565	12692	19257	77507	119410	196917
"2009.09.19"	"Afghanistan"	"Herat"	2	7	9	6567	12699	19266	77509	119417	196926
"2009.09.19"	"Iraq"	"Mosul"	1	2	3	6568	12701	19269	77510	119419	196929
"2009.09.19"	"Pakistan"	"Darra Adam Khel"	2	0	2	6570	12701	19271	77512	119419	196931
"2009.09.19"	"Pakistan"	"Malakand"	5	0	5	6575	12701	19276	77517	119419	196936
"2009.09.19"	"Afghanistan"	"Helmand"	1	1	2	6576	12702	19278	77518	119420	196938
"2009.09.19"	"Afghanistan"	"Kandahar"	2	0	2	6578	12702	19280	77520	119420	196940
"2009.09.19"	"Afghanistan"	"Kandahar"	5	16	21	6583	12718	19301	77525	119436	196961
"2009.09.20"	"India"	"Ganderbal"	1	1	2	6584	12719	19303	77526	119437	196963
"2009.09.20"	"Russia"	"Cherkessk"	1	0	1	6585	12719	19304	77527	119437	196964
"2009.09.20"	"Ingushetia"	"Gazi-Yurt"	2	1	3	6587	12720	19307	77529	119438	196967
"2009.09.20"	"Iraq"	"Iskandariya"	1	4	5	6588	12724	19312	77530	119442	196972
"2009.09.20"	"Pakistan"	"Hangu"	4	4	8	6592	12728	19320	77534	119446	196980
"2009.09.20"	"Sudan"	"Jonglei"	51	46	97	6643	12774	19417	77585	119492	197077
"2009.09.20"	"Somalia"	"Wanlaweyn"	2	0	2	6645	12774	19419	77587	119492	197079
"2009.09.21"	"Iraq"	"Latifiya"	3	2	5	6648	12776	19424	77590	119494	197084
"2009.09.21"	"Philippines"	"Sulu"	8	9	17	6656	12785	19441	77598	119503	197101
"2009.09.22"	"Afghanistan"	"Farah"	5	2	7	6661	12787	19448	77603	119505	197108
"2009.09.22"	"India"	"Baramulla"	1	4	5	6662	12791	19453	77604	119509	197113
"2009.09.22"	"Somalia"	"Mogadishu"	8	20	28	6670	12811	19481	77612	119529	197141
"2009.09.23"	"Thailand"	"Yala"	1	1	2	6671	12812	19483	77613	119530	197143
"2009.09.23"	"Thailand"	"Pattani"	2	0	2	6673	12812	19485	77615	119530	197145
"2009.09.23"	"Afghanistan"	"Kandahar"	7	0	7	6680	12812	19492	77622	119530	197152
"2009.09.23"	"Iraq"	"Mosul"	4	1	5	6684	12813	19497	77626	119531	197157
"2009.09.23"	"Afghanistan"	"Herat"	1	2	3	6685	12815	19500	77627	119533	197160
"2009.09.24"	"Pakistan"	"Bannu"	9	0	9	6694	12815	19509	77636	119533	197169
"2009.09.24"	"Iraq"	"Mosul"	2	0	2	6696	12815	19511	77638	119533	197171
"2009.09.24"	"Afghanistan"	"Helmand"	4	2	6	6700	12817	19517	77642	119535	197177
"2009.09.24"	"Somalia"	"Mogadishu"	5	10	15	6705	12827	19532	77647	119545	197192
"2009.09.25"	"Afghanistan"	"Herat"	4	0	4	6709	12827	19536	77651	119545	197196
"2009.09.26"	"Thailand"	"Narathiwat"	2	0	2	6711	12827	19538	77653	119545	197198
"2009.09.26"	"Pakistan"	"Bannu"	13	64	77	6724	12891	19615	77666	119609	197275
"2009.09.26"	"Pakistan"	"Peshawar"	11	94	105	6735	12985	19720	77677	119703	197380
"2009.09.26"	"Iraq"	"Mosul"	1	0	1	6736	12985	19721	77678	119703	197381
"2009.09.27"	"Afghanistan"	"Badghis"	1	0	1	6737	12985	19722	77679	119703	197382
"2009.09.27"	"Iraq"	"Ramadi"	4	8	12	6741	12993	19734	77683	119711	197394
"2009.09.27"	"Afghanistan"	"Herat"	4	17	21	6745	13010	19755	77687	119728	197415
"2009.09.27"	"Thailand"	"Yala"	1	1	2	6746	13011	19757	77688	119729	197417
"2009.09.27"	"Afghanistan"	"Farah"	5	0	5	6751	13011	19762	77693	119729	197422
"2009.09.27"	"Pakistan"	"Sargodha"	2	0	2	6753	13011	19764	77695	119729	197424
"2009.09.27"	"Chechnya"	"Stary Achkoi"	2	0	2	6755	13011	19766	77697	119729	197426
"2009.09.28"	"Somalia"	"Mogadishu"	2	0	2	6757	13011	19768	77699	119729	197428
"2009.09.28"	"Iraq"	"Tal Afar"	4	0	4	6761	13011	19772	77703	119729	197432
"2009.09.28"	"Pakistan"	"North Waziristan"	2	5	7	6763	13016	19779	77705	119734	197439
"2009.09.28"	"Pakistan"	"Orakzai"	1	0	1	6764	13016	19780	77706	119734	197440
"2009.09.28"	"India"	"Pulwama"	1	0	1	6765	13016	19781	77707	119734	197441
"2009.09.28"	"Pakistan"	"Bannu"	4	0	4	6769	13016	19785	77711	119734	197445
"2009.09.28"	"Iraq"	"Baghdad"	5	28	33	6774	13044	19818	77716	119762	197478
"2009.09.28"	"Iraq"	"Ramadi"	7	16	23	6781	13060	19841	77723	119778	197501
"2009.09.28"	"Iraq"	"Diwaniyah"	3	5	8	6784	13065	19849	77726	119783	197509
"2009.09.28"	"Thailand"	"Narathiwat"	2	0	2	6786	13065	19851	77728	119783	197511
"2009.09.28"	"Thailand"	"Pattani"	2	0	2	6788	13065	19853	77730	119783	197513
"2009.09.28"	"Afghanistan"	"Kunar"	6	0	6	6794	13065	19859	77736	119783	197519
"2009.09.28"	"Thailand"	"Pattani"	1	0	1	6795	13065	19860	77737	119783	197520
"2009.09.28"	"Jordan"	"Amman"	1	0	1	6796	13065	19861	77738	119783	197521
"2009.09.28"	"Somalia"	"Marerey"	1	0	1	6797	13065	19862	77739	119783	197522
"2009.09.29"	"Thailand"	"Pattani"	2	2	4	6799	13067	19866	77741	119785	197526
"2009.09.29"	"Afghanistan"	"Kandahar"	30	39	69	6829	13106	19935	77771	119824	197595
"2009.09.29"	"Thailand"	"Pattani"	1	0	1	6830	13106	19936	77772	119824	197596
"2009.09.29"	"Iraq"	"Baghdad"	18	55	73	6848	13161	20009	77790	119879	197669
"2009.09.29"	"India"	"Baramulla"	3	2	5	6851	13163	20014	77793	119881	197674
"2009.09.29"	"Somalia"	"Kismayo"	1	0	1	6852	13163	20015	77794	119881	197675
"2009.09.29"	"Somalia"	"Mogadishu"	8	6	14	6860	13169	20029	77802	119887	197689
"2009.09.30"	"Iraq"	"Mahmudiya"	3	1	4	6863	13170	20033	77805	119888	197693
"2009.09.30"	"Iraq"	"Baghdad"	1	8	9	6864	13178	20042	77806	119896	197702
"2009.09.30"	"Iraq"	"Baghdad"	1	1	2	6865	13179	20044	77807	119897	197704
"2009.09.30"	"India"	"Bandipora"	1	0	1	6866	13179	20045	77808	119897	197705
"2009.09.30"	"Pakistan"	"Swat"	1	0	1	6867	13179	20046	77809	119897	197706
"2009.09.30"	"Pal. Auth."	"Hebron"	1	0	1	6868	13179	20047	77810	119897	197707
"2009.09.30"	"Philippines"	"Jolo"	3	2	5	6871	13181	20052	77813	119899	197712
"2009.09.30"	"Thailand"	"Narathiwat"	1	1	2	6872	13182	20054	77814	119900	197714
"2009.10.01"	"Somalia"	"Mogadishu"	5	6	11	6877	13188	20065	77819	119906	197725
"2009.10.02"	"Russia"	"Kabardino-Balkaria"	1	3	4	6878	13191	20069	77820	119909	197729
"2009.10.02"	"Somalia"	"Mogadishu"	6	15	21	6884	13206	20090	77826	119924	197750
"2009.10.02"	"Somalia"	"Kismayo"	22	70	92	6906	13276	20182	77848	119994	197842
"2009.10.02"	"Iraq"	"Shurouq"	1	4	5	6907	13280	20187	77849	119998	197847
"2009.10.02"	"Iraq"	"Diyala"	2	0	2	6909	13280	20189	77851	119998	197849
"2009.10.02"	"Pakistan"	"Mardan"	2	0	2	6911	13280	20191	77853	119998	197851
"2009.10.02"	"India"	"Sopore"	1	0	1	6912	13280	20192	77854	119998	197852
"2009.10.02"	"Afghanistan"	"Kunar"	1	3	4	6913	13283	20196	77855	120001	197856
"2009.10.02"	"Thailand"	"Pattani"	2	0	2	6915	13283	20198	77857	120001	197858
"2009.10.03"	"Pakistan"	"Islamabad"	1	2	3	6916	13285	20201	77858	120003	197861
"2009.10.03"	"Iraq"	"Mosul"	3	0	3	6919	13285	20204	77861	120003	197864
"2009.10.03"	"Afghanistan"	"Wardak"	2	0	2	6921	13285	20206	77863	120003	197866
"2009.10.03"	"Pakistan"	"Bajur"	2	0	2	6923	13285	20208	77865	120003	197868
"2009.10.03"	"Afghanistan"	"Kunduz"	4	20	24	6927	13305	20232	77869	120023	197892
"2009.10.04"	"Somalia"	"Kismayo"	8	14	22	6935	13319	20254	77877	120037	197914
"2009.10.04"	"Iraq"	"Kirkuk"	1	0	1	6936	13319	20255	77878	120037	197915
"2009.10.04"	"Thailand"	"Narathiwat"	1	0	1	6937	13319	20256	77879	120037	197916
"2009.10.04"	"Iraq"	"Baghdad"	2	4	6	6939	13323	20262	77881	120041	197922
"2009.10.04"	"Iraq"	"Kirkuk"	1	0	1	6940	13323	20263	77882	120041	197923
"2009.10.04"	"India"	"Srinagar"	1	0	1	6941	13323	20264	77883	120041	197924
"2009.10.05"	"Philippines"	"Jolo"	1	1	2	6942	13324	20266	77884	120042	197926
"2009.10.05"	"Iraq"	"Haditha"	6	15	21	6948	13339	20287	77890	120057	197947
"2009.10.05"	"Iraq"	"Mosul"	1	0	1	6949	13339	20288	77891	120057	197948
"2009.10.05"	"Thailand"	"Narathiwat"	1	17	18	6950	13356	20306	77892	120074	197966
"2009.10.05"	"Iraq"	"Kirkuk"	1	0	1	6951	13356	20307	77893	120074	197967
"2009.10.05"	"Pakistan"	"Islamabad"	5	6	11	6956	13362	20318	77898	120080	197978
"2009.10.06"	"Afghanistan"	"Ghazni"	2	25	27	6958	13387	20345	77900	120105	198005
"2009.10.06"	"Thailand"	"Narathiwat"	4	42	46	6962	13429	20391	77904	120147	198051
"2009.10.06"	"Iraq"	"Amiriyeh"	7	25	32	6969	13454	20423	77911	120172	198083
"2009.10.07"	"Thailand"	"Pattani"	2	0	2	6971	13454	20425	77913	120172	198085
"2009.10.07"	"Iraq"	"Shirqat"	3	0	3	6974	13454	20428	77916	120172	198088
"2009.10.07"	"Iraq"	"Abu Ghraib"	2	9	11	6976	13463	20439	77918	120181	198099
"2009.10.07"	"Afghanistan"	"Ghazni"	3	0	3	6979	13463	20442	77921	120181	198102
"2009.10.08"	"Afghanistan"	"Kabul"	17	76	93	6996	13539	20535	77938	120257	198195
"2009.10.08"	"Iraq"	"Jalawla"	2	4	6	6998	13543	20541	77940	120261	198201
"2009.10.08"	"Iraq"	"Yusufiya"	3	10	13	7001	13553	20554	77943	120271	198214
"2009.10.09"	"Chechnya"	"Grozny"	1	3	4	7002	13556	20558	77944	120274	198218
"2009.10.09"	"Afghanistan"	"Kabul"	2	4	6	7004	13560	20564	77946	120278	198224
"2009.10.09"	"Afghanistan"	"Paktia"	6	3	9	7010	13563	20573	77952	120281	198233
"2009.10.09"	"Somalia"	"Mogadishu"	3	0	3	7013	13563	20576	77955	120281	198236
"2009.10.09"	"Pakistan"	"Peshawar"	52	100	152	7065	13663	20728	78007	120381	198388
"2009.10.09"	"Iraq"	"Saqlawiya"	3	0	3	7068	13663	20731	78010	120381	198391
"2009.10.10"	"Somalia"	"Afgoye"	1	0	1	7069	13663	20732	78011	120381	198392
"2009.10.10"	"Somalia"	"Mogadishu"	1	0	1	7070	13663	20733	78012	120381	198393
"2009.10.10"	"Pakistan"	"Rawalpindi"	9	0	9	7079	13663	20742	78021	120381	198402
"2009.10.10"	"Somalia"	"Kismayo"	25	41	66	7104	13704	20808	78046	120422	198468
"2009.10.10"	"Pakistan"	"Khuzdar"	2	0	2	7106	13704	20810	78048	120422	198470
"2009.10.10"	"Afghanistan"	"Kunduz"	1	0	1	7107	13704	20811	78049	120422	198471
"2009.10.10"	"Somalia"	"Mogadishu"	1	0	1	7108	13704	20812	78050	120422	198472
"2009.10.11"	"Iraq"	"Mosul"	2	0	2	7110	13704	20814	78052	120422	198474
"2009.10.11"	"Thailand"	"Yala"	1	0	1	7111	13704	20815	78053	120422	198475
"2009.10.11"	"Thailand"	"Pattani"	1	0	1	7112	13704	20816	78054	120422	198476
"2009.10.11"	"Thailand"	"Narathiwat"	1	0	1	7113	13704	20817	78055	120422	198477
"2009.10.11"	"Iraq"	"Ramadi"	19	80	99	7132	13784	20916	78074	120502	198576
"2009.10.12"	"Pakistan"	"Alpuri"	41	45	86	7173	13829	21002	78115	120547	198662
"2009.10.12"	"Iraq"	"Buhriz"	4	5	9	7177	13834	21011	78119	120552	198671
"2009.10.12"	"Iraq"	"Abu Khamis"	2	2	4	7179	13836	21015	78121	120554	198675
"2009.10.12"	"Pakistan"	"Quetta"	1	0	1	7180	13836	21016	78122	120554	198676
"2009.10.13"	"Somalia"	"Mogadishu"	4	11	15	7184	13847	21031	78126	120565	198691
"2009.10.13"	"Iraq"	"Baquba"	6	10	16	7190	13857	21047	78132	120575	198707
"2009.10.14"	"Pakistan"	"Sherazi Mohalla"	1	0	1	7191	13857	21048	78133	120575	198708
"2009.10.14"	"Afghanistan"	"Zabul"	2	6	8	7193	13863	21056	78135	120581	198716
"2009.10.14"	"Iraq"	"Karbala"	6	45	51	7199	13908	21107	78141	120626	198767
"2009.10.15"	"Pakistan"	"Kohat"	11	16	27	7210	13924	21134	78152	120642	198794
"2009.10.15"	"Pakistan"	"Peshawar"	1	12	13	7211	13936	21147	78153	120654	198807
"2009.10.15"	"Pakistan"	"Lahore"	28	67	95	7239	14003	21242	78181	120721	198902
"2009.10.16"	"Pakistan"	"Peshawar"	15	24	39	7254	14027	21281	78196	120745	198941
"2009.10.16"	"Iraq"	"Tal Afar"	15	70	85	7269	14097	21366	78211	120815	199026
"2009.10.16"	"Iraq"	"Mosul"	1	0	1	7270	14097	21367	78212	120815	199027
"2009.10.16"	"Somalia"	"Mogadishu"	1	0	1	7271	14097	21368	78213	120815	199028
"2009.10.17"	"Iraq"	"Falluja"	4	10	14	7275	14107	21382	78217	120825	199042
"2009.10.17"	"Iraq"	"Mosul"	4	4	8	7279	14111	21390	78221	120829	199050
"2009.10.17"	"Pakistan"	"FATA"	3	6	9	7282	14117	21399	78224	120835	199059
"2009.10.18"	"Iraq"	"Baghdad"	5	16	21	7287	14133	21420	78229	120851	199080
"2009.10.18"	"Egypt"	"Attaleen"	1	0	1	7288	14133	21421	78230	120851	199081
"2009.10.18"	"Iran"	"Pisheen"	42	25	67	7330	14158	21488	78272	120876	199148
"2009.10.18"	"Iraq"	"Adhamiya"	8	29	37	7338	14187	21525	78280	120905	199185
"2009.10.18"	"Iraq"	"Mosul"	1	5	6	7339	14192	21531	78281	120910	199191
"2009.10.18"	"India"	"Poonch"	1	0	1	7340	14192	21532	78282	120910	199192
"2009.10.19"	"Thailand"	"Yala"	0	28	28	7340	14220	21560	78282	120938	199220
"2009.10.19"	"Iraq"	"Baghdad"	4	13	17	7344	14233	21577	78286	120951	199237
"2009.10.19"	"Somalia"	"Galkayo"	1	0	1	7345	14233	21578	78287	120951	199238
"2009.10.19"	"Somalia"	"Bardere"	1	0	1	7346	14233	21579	78288	120951	199239
"2009.10.20"	"Thailand"	"Narathiwat"	1	0	1	7347	14233	21580	78289	120951	199240
"2009.10.20"	"Pakistan"	"Islamabad"	6	29	35	7353	14262	21615	78295	120980	199275
"2009.10.20"	"Iraq"	"Mosul"	2	0	2	7355	14262	21617	78297	120980	199277
"2009.10.20"	"Iraq"	"Saqlawiya"	4	12	16	7359	14274	21633	78301	120992	199293
"2009.10.20"	"Pakistan"	"Orakzai"	2	0	2	7361	14274	21635	78303	120992	199295
"2009.10.21"	"Iraq"	"Kirkuk"	2	1	3	7363	14275	21638	78305	120993	199298
"2009.10.21"	"Iraq"	"Bousef"	2	0	2	7365	14275	21640	78307	120993	199300
"2009.10.21"	"Iraq"	"Mosul"	2	0	2	7367	14275	21642	78309	120993	199302
"2009.10.21"	"Iraq"	"Iskandariya"	2	12	14	7369	14287	21656	78311	121005	199316
"2009.10.21"	"Thailand"	"Narathiwat"	2	0	2	7371	14287	21658	78313	121005	199318
"2009.10.21"	"Thailand"	"Narathiwat"	3	2	5	7374	14289	21663	78316	121007	199323
"2009.10.21"	"Philippines"	"Patikul"	1	2	3	7375	14291	21666	78317	121009	199326
"2009.10.22"	"Algeria"	"Kabylia"	7	2	9	7382	14293	21675	78324	121011	199335
"2009.10.22"	"Ingushetia"	"Nazran"	1	2	3	7383	14295	21678	78325	121013	199338
"2009.10.22"	"Thailand"	"Yala"	1	0	1	7384	14295	21679	78326	121013	199339
"2009.10.22"	"Pakistan"	"Islamabad"	2	0	2	7386	14295	21681	78328	121013	199341
"2009.10.22"	"Somalia"	"Mogadishu"	18	60	78	7404	14355	21759	78346	121073	199419
"2009.10.22"	"Russia"	"Plievo"	1	0	1	7405	14355	21760	78347	121073	199420
"2009.10.23"	"Thailand"	"Pattani"	1	0	1	7406	14355	21761	78348	121073	199421
"2009.10.23"	"Iraq"	"Abu Ghraib"	2	3	5	7408	14358	21766	78350	121076	199426
"2009.10.23"	"Thailand"	"Pattani"	1	0	1	7409	14358	21767	78351	121076	199427
"2009.10.23"	"Thailand"	"Yala"	2	1	3	7411	14359	21770	78353	121077	199430
"2009.10.23"	"Pakistan"	"Peshawar"	0	15	15	7411	14374	21785	78353	121092	199445
"2009.10.23"	"Pakistan"	"Kamra"	8	17	25	7419	14391	21810	78361	121109	199470
"2009.10.23"	"Pakistan"	"South Waziristan"	18	6	24	7437	14397	21834	78379	121115	199494
"2009.10.24"	"Iraq"	"Tikrit"	2	7	9	7439	14404	21843	78381	121122	199503
"2009.10.24"	"Pakistan"	"Punjab"	1	0	1	7440	14404	21844	78382	121122	199504
"2009.10.24"	"Thailand"	"Pattani"	1	0	1	7441	14404	21845	78383	121122	199505
"2009.10.24"	"Thailand"	"Pattani"	1	0	1	7442	14404	21846	78384	121122	199506
"2009.10.25"	"Yemen"	"Dalea"	2	3	5	7444	14407	21851	78386	121125	199511
"2009.10.25"	"Somalia"	"Merca"	2	0	2	7446	14407	21853	78388	121125	199513
"2009.10.25"	"Iraq"	"Baghdad"	160	540	700	7606	14947	22553	78548	121665	200213
"2009.10.26"	"Iraq"	"Mosul"	2	2	4	7608	14949	22557	78550	121667	200217
"2009.10.26"	"Thailand"	"Pattani"	2	0	2	7610	14949	22559	78552	121667	200219
"2009.10.26"	"Iraq"	"Karbalah"	4	12	16	7614	14961	22575	78556	121679	200235
"2009.10.27"	"Iraq"	"Tikrit"	2	0	2	7616	14961	22577	78558	121679	200237
"2009.10.27"	"Iraq"	"Baiji"	1	0	1	7617	14961	22578	78559	121679	200238
"2009.10.27"	"Pakistan"	"Bajaur"	1	0	1	7618	14961	22579	78560	121679	200239
"2009.10.27"	"Pakistan"	"Mohmand"	2	3	5	7620	14964	22584	78562	121682	200244
"2009.10.28"	"Thailand"	"Pattani"	2	0	2	7622	14964	22586	78564	121682	200246
"2009.10.28"	"Pakistan"	"Peshawar"	117	200	317	7739	15164	22903	78681	121882	200563
"2009.10.28"	"Thailand"	"Pattani"	1	0	1	7740	15164	22904	78682	121882	200564
"2009.10.28"	"Afghanistan"	"Kabul"	9	9	18	7749	15173	22922	78691	121891	200582
"2009.10.28"	"Iraq"	"Mosul"	3	5	8	7752	15178	22930	78694	121896	200590
"2009.10.28"	"Thailand"	"Pattani"	1	0	1	7753	15178	22931	78695	121896	200591
"2009.10.28"	"Iraq"	"Baghdad"	3	4	7	7756	15182	22938	78698	121900	200598
"2009.10.29"	"Afghanistan"	"Kandahar"	4	0	4	7760	15182	22942	78702	121900	200602
"2009.10.29"	"Iraq"	"Mosul"	3	1	4	7763	15183	22946	78705	121901	200606
"2009.10.29"	"Iraq"	"Baquba"	1	2	3	7764	15185	22949	78706	121903	200609
"2009.10.30"	"Thailand"	"Yala"	1	1	2	7765	15186	22951	78707	121904	200611
"2009.10.30"	"Pakistan"	"Pir Sarhandi Goth"	1	0	1	7766	15186	22952	78708	121904	200612
"2009.10.30"	"Iraq"	"Tikrit"	1	0	1	7767	15186	22953	78709	121904	200613
"2009.10.30"	"Afghanistan"	"Nangarhar"	9	0	9	7776	15186	22962	78718	121904	200622
"2009.10.30"	"Iraq"	"Baghdad"	1	3	4	7777	15189	22966	78719	121907	200626
"2009.10.31"	"Pakistan"	"Bara"	7	12	19	7784	15201	22985	78726	121919	200645
"2009.10.31"	"Pakistan"	"Khyber"	2	7	9	7786	15208	22994	78728	121926	200654
"2009.10.31"	"Philippines"	"Sulu"	1	4	5	7787	15212	22999	78729	121930	200659
"2009.10.31"	"Thailand"	"Yala"	1	0	1	7788	15212	23000	78730	121930	200660
"2009.11.01"	"Iraq"	"Ramadi"	3	5	8	7791	15217	23008	78733	121935	200668
"2009.11.01"	"Iraq"	"Mussayab"	9	38	47	7800	15255	23055	78742	121973	200715
"2009.11.01"	"Philippines"	"Banisilan"	1	2	3	7801	15257	23058	78743	121975	200718
"2009.11.01"	"India"	"Srinagar"	2	0	2	7803	15257	23060	78745	121975	200720
"2009.11.01"	"Dagestan"	"Bavtugai"	1	0	1	7804	15257	23061	78746	121975	200721
"2009.11.01"	"Iraq"	"Karbala"	3	15	18	7807	15272	23079	78749	121990	200739
"2009.11.01"	"Somalia"	"Lascanood"	5	4	9	7812	15276	23088	78754	121994	200748
"2009.11.02"	"Pakistan"	"Rawalpindi"	36	63	99	7848	15339	23187	78790	122057	200847
"2009.11.02"	"Iraq"	"Khanaqin"	2	0	2	7850	15339	23189	78792	122057	200849
"2009.11.02"	"Pakistan"	"Lahore"	0	25	25	7850	15364	23214	78792	122082	200874
"2009.11.02"	"Thailand"	"Yala"	2	0	2	7852	15364	23216	78794	122082	200876
"2009.11.02"	"Thailand"	"Narathiwat"	1	0	1	7853	15364	23217	78795	122082	200877
"2009.11.02"	"USA"	"Glendale"	1	1	2	7854	15365	23219	78796	122083	200879
"2009.11.02"	"Thailand"	"Pattani"	2	0	2	7856	15365	23221	78798	122083	200881
"2009.11.02"	"Thailand"	"Yala"	2	0	2	7858	15365	23223	78800	122083	200883
"2009.11.03"	"Yemen"	"Hadramut"	8	0	8	7866	15365	23231	78808	122083	200891
"2009.11.03"	"Iraq"	"Abu Ghraib"	3	0	3	7869	15365	23234	78811	122083	200894
"2009.11.03"	"Saudi Arabia"	"Jazan"	1	11	12	7870	15376	23246	78812	122094	200906
"2009.11.03"	"Afghanistan"	"Helmand"	5	8	13	7875	15384	23259	78817	122102	200919
"2009.11.03"	"Thailand"	"Pattani"	2	0	2	7877	15384	23261	78819	122102	200921
"2009.11.04"	"Pakistan"	"Bajaur"	2	2	4	7879	15386	23265	78821	122104	200925
"2009.11.05"	"Philippines"	"Zamboanga"	2	8	10	7881	15394	23275	78823	122112	200935
"2009.11.05"	"USA"	"Ft. Hood"	13	31	44	7894	15425	23319	78836	122143	200979
"2009.11.06"	"Somalia"	"Merca"	1	0	1	7895	15425	23320	78837	122143	200980
"2009.11.06"	"Iraq"	"Rashad"	1	0	1	7896	15425	23321	78838	122143	200981
"2009.11.06"	"Iraq"	"Baqubah"	1	1	2	7897	15426	23323	78839	122144	200983
"2009.11.06"	"Pakistan"	"Hangu"	1	4	5	7898	15430	23328	78840	122148	200988
"2009.11.07"	"Iraq"	"Abu Ghraib"	1	3	4	7899	15433	23332	78841	122151	200992
"2009.11.07"	"Pakistan"	"Hangu"	3	2	5	7902	15435	23337	78844	122153	200997
"2009.11.07"	"Yemen"	"Al Khubah"	4	36	40	7906	15471	23377	78848	122189	201037
"2009.11.07"	"Afghanistan"	"Helmand"	3	0	3	7909	15471	23380	78851	122189	201040
"2009.11.08"	"Thailand"	"Pattani"	2	3	5	7911	15474	23385	78853	122192	201045
"2009.11.08"	"India"	"Rajouri"	2	1	3	7913	15475	23388	78855	122193	201048
"2009.11.08"	"Pakistan"	"Mattani"	12	36	48	7925	15511	23436	78867	122229	201096
"2009.11.08"	"Somalia"	"Hodon"	2	8	10	7927	15519	23446	78869	122237	201106
"2009.11.08"	"Iraq"	"Kirkuk"	1	0	1	7928	15519	23447	78870	122237	201107
"2009.11.08"	"Iraq"	"Kut"	1	0	1	7929	15519	23448	78871	122237	201108
"2009.11.09"	"Algeria"	"Tarah"	2	5	7	7931	15524	23455	78873	122242	201115
"2009.11.09"	"Thailand"	"Narathiwat"	1	0	1	7932	15524	23456	78874	122242	201116
"2009.11.09"	"Pakistan"	"Peshawar"	3	5	8	7935	15529	23464	78877	122247	201124
"2009.11.09"	"Thailand"	"Yala"	1	1	2	7936	15530	23466	78878	122248	201126
"2009.11.09"	"Philippines"	"Jolo"	1	0	1	7937	15530	23467	78879	122248	201127
"2009.11.09"	"Iraq"	"Kut"	1	0	1	7938	15530	23468	78880	122248	201128
"2009.11.09"	"Pakistan"	"Bajaur"	3	1	4	7941	15531	23472	78883	122249	201132
"2009.11.10"	"Pakistan"	"Peshawar"	34	104	138	7975	15635	23610	78917	122353	201270
"2009.11.10"	"Iraq"	"Balad"	2	2	4	7977	15637	23614	78919	122355	201274
"2009.11.10"	"Thailand"	"Narathiwat"	1	0	1	7978	15637	23615	78920	122355	201275
"2009.11.10"	"Afghanistan"	"Paktika"	2	13	15	7980	15650	23630	78922	122368	201290
"2009.11.10"	"Thailand"	"Pattani"	1	0	1	7981	15650	23631	78923	122368	201291
"2009.11.10"	"Iran"	"Tehran"	1	0	1	7982	15650	23632	78924	122368	201292
"2009.11.11"	"Afghanistan"	"Zabul"	2	3	5	7984	15653	23637	78926	122371	201297
"2009.11.11"	"Pakistan"	"Mohmand"	10	14	24	7994	15667	23661	78936	122385	201321
"2009.11.11"	"Somalia"	"Puntland"	2	0	2	7996	15667	23663	78938	122385	201323
"2009.11.12"	"Afghanistan"	"Nangarhar"	2	2	4	7998	15669	23667	78940	122387	201327
"2009.11.12"	"Iraq"	"Baghdad"	1	0	1	7999	15669	23668	78941	122387	201328
"2009.11.12"	"Thailand"	"Pattani"	2	0	2	8001	15669	23670	78943	122387	201330
"2009.11.12"	"Iraq"	"Mosul"	3	0	3	8004	15669	23673	78946	122387	201333
"2009.11.12"	"Pakistan"	"Hangu"	2	6	8	8006	15675	23681	78948	122393	201341
"2009.11.12"	"Pakistan"	"Peshawar"	1	0	1	8007	15675	23682	78949	122393	201342
"2009.11.13"	"Thailand"	"Yala"	1	0	1	8008	15675	23683	78950	122393	201343
"2009.11.13"	"Iraq"	"Mosul"	1	0	1	8009	15675	23684	78951	122393	201344
"2009.11.13"	"Afghanistan"	"Kabul"	4	0	4	8013	15675	23688	78955	122393	201348
"2009.11.13"	"Iraq"	"Baghdad"	2	0	2	8015	15675	23690	78957	122393	201350
"2009.11.13"	"Pakistan"	"Peshawar"	10	55	65	8025	15730	23755	78967	122448	201415
"2009.11.13"	"Afghanistan"	"Kabul"	2	4	6	8027	15734	23761	78969	122452	201421
"2009.11.13"	"Pakistan"	"Bannu"	6	27	33	8033	15761	23794	78975	122479	201454
"2009.11.14"	"Thailand"	"Narathiwat"	2	0	2	8035	15761	23796	78977	122479	201456
"2009.11.14"	"Iraq"	"Mosul"	1	0	1	8036	15761	23797	78978	122479	201457
"2009.11.14"	"Pakistan"	"Peshawar"	15	25	40	8051	15786	23837	78993	122504	201497
"2009.11.14"	"Somalia"	"Mogadishu"	5	11	16	8056	15797	23853	78998	122515	201513
"2009.11.14"	"Somalia"	"Mogadishu"	1	0	1	8057	15797	23854	78999	122515	201514
"2009.11.15"	"Iraq"	"Mosul"	1	5	6	8058	15802	23860	79000	122520	201520
"2009.11.15"	"Pakistan"	"Bajaur"	1	0	1	8059	15802	23861	79001	122520	201521
"2009.11.16"	"Pakistan"	"Peshawar"	4	43	47	8063	15845	23908	79005	122563	201568
"2009.11.16"	"Afghanistan"	"Tagab"	14	38	52	8077	15883	23960	79019	122601	201620
"2009.11.16"	"Iraq"	"al-Saadan"	13	0	13	8090	15883	23973	79032	122601	201633
"2009.11.16"	"Iraq"	"Kirkuk"	6	17	23	8096	15900	23996	79038	122618	201656
"2009.11.16"	"India"	"Samba"	2	0	2	8098	15900	23998	79040	122618	201658
"2009.11.16"	"India"	"Kupwara"	2	0	2	8100	15900	24000	79042	122618	201660
"2009.11.17"	"Iraq"	"Baghdad"	2	6	8	8102	15906	24008	79044	122624	201668
"2009.11.17"	"Somalia"	"Eelboon"	1	0	1	8103	15906	24009	79045	122624	201669
"2009.11.17"	"Afghanistan"	"Kunduz"	4	0	4	8107	15906	24013	79049	122624	201673
"2009.11.17"	"Afghanistan"	"Helmand"	2	0	2	8109	15906	24015	79051	122624	201675
"2009.11.17"	"Thailand"	"Pattani"	1	0	1	8110	15906	24016	79052	122624	201676
"2009.11.19"	"Pakistan"	"Orakzai"	2	0	2	8112	15906	24018	79054	122624	201678
"2009.11.19"	"Pakistan"	"Karachi"	1	0	1	8113	15906	24019	79055	122624	201679
"2009.11.19"	"Russia"	"Moscow"	1	1	2	8114	15907	24021	79056	122625	201681
"2009.11.19"	"Afghanistan"	"Oruzgan"	10	13	23	8124	15920	24044	79066	122638	201704
"2009.11.19"	"Pakistan"	"Peshawar"	19	50	69	8143	15970	24113	79085	122688	201773
"2009.11.19"	"Thailand"	"Pattani"	1	0	1	8144	15970	24114	79086	122688	201774
"2009.11.19"	"Thailand"	"Pattani"	1	0	1	8145	15970	24115	79087	122688	201775
"2009.11.20"	"Afghanistan"	"Farah"	16	25	41	8161	15995	24156	79103	122713	201816
"2009.11.20"	"Pakistan"	"Karachi"	1	1	2	8162	15996	24158	79104	122714	201818
"2009.11.20"	"Pakistan"	"Peshawar"	3	7	10	8165	16003	24168	79107	122721	201828
"2009.11.20"	"Iraq"	"Mosul"	3	5	8	8168	16008	24176	79110	122726	201836
"2009.11.21"	"Saudi Arabia"	"Jebel Rumayh"	3	3	6	8171	16011	24182	79113	122729	201842
"2009.11.21"	"Pakistan"	"North Waziristan"	4	0	4	8175	16011	24186	79117	122729	201846
"2009.11.21"	"Iraq"	"Mosul"	1	0	1	8176	16011	24187	79118	122729	201847
"2009.11.21"	"Philippines"	"Surallah"	1	0	1	8177	16011	24188	79119	122729	201848
"2009.11.22"	"Afghanistan"	"Landikotal"	6	10	16	8183	16021	24204	79125	122739	201864
"2009.11.22"	"Thailand"	"Pattani"	1	0	1	8184	16021	24205	79126	122739	201865
"2009.11.22"	"Somalia"	"Afmadow"	2	0	2	8186	16021	24207	79128	122739	201867
"2009.11.22"	"Iraq"	"Garma"	7	5	12	8193	16026	24219	79135	122744	201879
"2009.11.22"	"Afghanistan"	"Helmand"	3	2	5	8196	16028	24224	79138	122746	201884
"2009.11.22"	"Iraq"	"Mosul"	1	4	5	8197	16032	24229	79139	122750	201889
"2009.11.22"	"Afghanistan"	"Spin Boldak"	5	0	5	8202	16032	24234	79144	122750	201894
"2009.11.24"	"Pakistan"	"Bajaur"	3	4	7	8205	16036	24241	79147	122754	201901
"2009.11.24"	"Thailand"	"Pattani"	2	0	2	8207	16036	24243	79149	122754	201903
"2009.11.24"	"Afghanistan"	"Khost"	5	3	8	8212	16039	24251	79154	122757	201911
"2009.11.24"	"Afghanistan"	"Khost"	4	0	4	8216	16039	24255	79158	122757	201915
"2009.11.24"	"Iraq"	"Baghdad"	2	0	2	8218	16039	24257	79160	122757	201917
"2009.11.25"	"Somalia"	"Mogadishu"	1	1	2	8219	16040	24259	79161	122758	201919
"2009.11.25"	"Iraq"	"Tarmiya"	6	0	6	8225	16040	24265	79167	122758	201925
"2009.11.25"	"Iraq"	"Karbala"	5	36	41	8230	16076	24306	79172	122794	201966
"2009.11.25"	"Yemen"	"San'a"	1	0	1	8231	16076	24307	79173	122794	201967
"2009.11.25"	"Iraq"	"Mosul"	3	1	4	8234	16077	24311	79176	122795	201971
"2009.11.25"	"Thailand"	"Narathiwat"	1	0	1	8235	16077	24312	79177	122795	201972
"2009.11.26"	"Thailand"	"Yala"	1	0	1	8236	16077	24313	79178	122795	201973
"2009.11.26"	"Iraq"	"Yousifiya"	2	10	12	8238	16087	24325	79180	122805	201985
"2009.11.26"	"Iraq"	"Iskandariya"	2	28	30	8240	16115	24355	79182	122833	202015
"2009.11.26"	"Dagestan"	"Makhachkala"	1	0	1	8241	16115	24356	79183	122833	202016
"2009.11.27"	"Pakistan"	"Bajaur"	1	3	4	8242	16118	24360	79184	122836	202020
"2009.11.27"	"Afghanistan"	"Farah"	3	0	3	8245	16118	24363	79187	122836	202023
"2009.11.27"	"Russia"	"Bologoye"	26	96	122	8271	16214	24485	79213	122932	202145
"2009.11.27"	"Pal. Auth."	"Gaza"	1	0	1	8272	16214	24486	79214	122932	202146
"2009.11.28"	"India"	"Bhopal"	3	0	3	8275	16214	24489	79217	122932	202149
"2009.11.28"	"Somalia"	"Baladweyn"	2	1	3	8277	16215	24492	79219	122933	202152
"2009.11.29"	"Afghanistan"	"Nimroz"	6	2	8	8283	16217	24500	79225	122935	202160
"2009.11.29"	"Pakistan"	"Kohat"	33	65	98	8316	16282	24598	79258	123000	202258
"2009.11.29"	"Iraq"	"Ghalbiyah"	1	2	3	8317	16284	24601	79259	123002	202261
"2009.11.30"	"Thailand"	"Pattani"	1	0	1	8318	16284	24602	79260	123002	202262
"2009.11.30"	"Iraq"	"Mosul"	1	3	4	8319	16287	24606	79261	123005	202266
"2009.12.01"	"Somalia"	"Bosasso"	2	25	27	8321	16312	24633	79263	123030	202293
"2009.12.01"	"Pakistan"	"Swat"	1	13	14	8322	16325	24647	79264	123043	202307
"2009.12.01"	"Pakistan"	"Orakzai"	3	0	3	8325	16325	24650	79267	123043	202310
"2009.12.01"	"Pakistan"	"Swat"	1	0	1	8326	16325	24651	79268	123043	202311
"2009.12.02"	"Pakistan"	"Islamabad"	2	11	13	8328	16336	24664	79270	123054	202324
"2009.12.02"	"Iraq"	"Baghdad"	1	0	1	8329	16336	24665	79271	123054	202325
"2009.12.03"	"Pakistan"	"Karol"	1	0	1	8330	16336	24666	79272	123054	202326
"2009.12.03"	"Thailand"	"Pattani"	3	0	3	8333	16336	24669	79275	123054	202329
"2009.12.03"	"Iraq"	"Tikrit"	11	15	26	8344	16351	24695	79286	123069	202355
"2009.12.03"	"Somalia"	"Mogadishu"	22	46	68	8366	16397	24763	79308	123115	202423
"2009.12.03"	"Iraq"	"Baghdad"	1	6	7	8367	16403	24770	79309	123121	202430
"2009.12.03"	"Ingushetia"	"Malgobek"	1	0	1	8368	16403	24771	79310	123121	202431
"2009.12.04"	"Jordan"	"Amman"	1	0	1	8369	16403	24772	79311	123121	202432
"2009.12.04"	"Dagestan"	"Khasavyurt"	2	7	9	8371	16410	24781	79313	123128	202441
"2009.12.04"	"Pakistan"	"Rawalpindi"	40	86	126	8411	16496	24907	79353	123214	202567
"2009.12.04"	"Iraq"	"Tuz Khormato"	1	0	1	8412	16496	24908	79354	123214	202568
"2009.12.04"	"Pakistan"	"Mohmand Agency"	6	13	19	8418	16509	24927	79360	123227	202587
"2009.12.04"	"India"	"Srinagar"	0	0	0	8418	16509	24927	79360	123227	202587
"2009.12.04"	"USA"	"Binghamton"	1	0	1	8419	16509	24928	79361	123227	202588
"2009.12.05"	"Iraq"	"Mosul"	5	1	6	8424	16510	24934	79366	123228	202594
"2009.12.05"	"Philippines"	"Jolo"	1	12	13	8425	16522	24947	79367	123240	202607
"2009.12.06"	"Iraq"	"Abu Ghraib"	4	0	4	8429	16522	24951	79371	123240	202611
"2009.12.06"	"Pakistan"	"Bajaur"	2	2	4	8431	16524	24955	79373	123242	202615
"2009.12.06"	"Somalia"	"Bosaso"	1	0	1	8432	16524	24956	79374	123242	202616
"2009.12.07"	"Pakistan"	"Peshawar"	11	45	56	8443	16569	25012	79385	123287	202672
"2009.12.07"	"Iraq"	"Tarmiyah"	8	0	8	8451	16569	25020	79393	123287	202680
"2009.12.07"	"Iraq"	"Tarmiyah"	1	4	5	8452	16573	25025	79394	123291	202685
"2009.12.07"	"Pakistan"	"Karachi"	1	0	1	8453	16573	25026	79395	123291	202686
"2009.12.07"	"India"	"Baramulla"	1	0	1	8454	16573	25027	79396	123291	202687
"2009.12.07"	"Thailand"	"Pattani"	1	4	5	8455	16577	25032	79397	123295	202692
"2009.12.07"	"Thailand"	"Narathiwat"	2	11	13	8457	16588	25045	79399	123306	202705
"2009.12.07"	"Iraq"	"Baghdad"	8	40	48	8465	16628	25093	79407	123346	202753
"2009.12.07"	"Pakistan"	"Lahore"	50	150	200	8515	16778	25293	79457	123496	202953
"2009.12.08"	"Pakistan"	"Multan"	12	20	32	8527	16798	25325	79469	123516	202985
"2009.12.08"	"Iraq"	"Baghdad"	127	448	575	8654	17246	25900	79596	123964	203560
"2009.12.08"	"Pal. Auth."	"Jerash"	1	0	1	8655	17246	25901	79597	123964	203561
"2009.12.09"	"Iraq"	"Mosul"	2	0	2	8657	17246	25903	79599	123964	203563
"2009.12.09"	"Thailand"	"Yala"	1	17	18	8658	17263	25921	79600	123981	203581
"2009.12.09"	"Thailand"	"Pattani"	1	0	1	8659	17263	25922	79601	123981	203582
"2009.12.09"	"Iraq"	"Baghdad"	4	11	15	8663	17274	25937	79605	123992	203597
"2009.12.10"	"Thailand"	"Narathiwat"	3	8	11	8666	17282	25948	79608	124000	203608
"2009.12.11"	"Iraq"	"Yusufiyah"	6	21	27	8672	17303	25975	79614	124021	203635
"2009.12.11"	"Iraq"	"Baghdad"	1	3	4	8673	17306	25979	79615	124024	203639
"2009.12.11"	"Afghanistan"	"Paktika"	5	15	20	8678	17321	25999	79620	124039	203659
"2009.12.12"	"Iraq"	"Kirkuk"	3	4	7	8681	17325	26006	79623	124043	203666
"2009.12.12"	"Iraq"	"Khalis"	1	2	3	8682	17327	26009	79624	124045	203669
"2009.12.13"	"Thailand"	"Pattani"	2	0	2	8684	17327	26011	79626	124045	203671
"2009.12.13"	"Somalia"	"Afgoye"	1	0	1	8685	17327	26012	79627	124045	203672
"2009.12.13"	"Iraq"	"Fallujah"	2	15	17	8687	17342	26029	79629	124060	203689
"2009.12.13"	"Iraq"	"Mosul"	2	21	23	8689	17363	26052	79631	124081	203712
"2009.12.14"	"Thailand"	"Pattani"	2	0	2	8691	17363	26054	79633	124081	203714
"2009.12.14"	"Thailand"	"Narathiwat"	1	0	1	8692	17363	26055	79634	124081	203715
"2009.12.14"	"Iraq"	"al-Manari"	4	0	4	8696	17363	26059	79638	124081	203719
"2009.12.14"	"Thailand"	"Pattani"	1	0	1	8697	17363	26060	79639	124081	203720
"2009.12.14"	"Afghanistan"	"Lashkar Gah"	16	0	16	8713	17363	26076	79655	124081	203736
"2009.12.14"	"Iraq"	"Balad Ruz"	22	29	51	8735	17392	26127	79677	124110	203787
"2009.12.14"	"Iraq"	"Baghdad"	13	33	46	8748	17425	26173	79690	124143	203833
"2009.12.15"	"India"	"Shopian"	1	0	1	8749	17425	26174	79691	124143	203834
"2009.12.15"	"Somalia"	"Bossasso"	3	8	11	8752	17433	26185	79694	124151	203845
"2009.12.15"	"Afghanistan"	"Kabul"	7	44	51	8759	17477	26236	79701	124195	203896
"2009.12.15"	"Pakistan"	"Dera Ghazi Khan"	33	60	93	8792	17537	26329	79734	124255	203989
"2009.12.15"	"Afghanistan"	"Helmand"	2	0	2	8794	17537	26331	79736	124255	203991
"2009.12.15"	"Iraq"	"Mosul"	2	0	2	8796	17537	26333	79738	124255	203993
"2009.12.15"	"Iraq"	"Mosul"	4	40	44	8800	17577	26377	79742	124295	204037
"2009.12.15"	"Iraq"	"Nineveh"	3	0	3	8803	17577	26380	79745	124295	204040
"2009.12.15"	"UAE"	"Abu Dhabi"	2	0	2	8805	17577	26382	79747	124295	204042
"2009.12.15"	"Afghanistan"	"Gardez"	5	0	5	8810	17577	26387	79752	124295	204047
"2009.12.16"	"Thailand"	"Yala"	3	0	3	8813	17577	26390	79755	124295	204050
"2009.12.16"	"Pakistan"	"Khyber"	4	27	31	8817	17604	26421	79759	124322	204081
"2009.12.16"	"Iraq"	"Baghdad"	2	5	7	8819	17609	26428	79761	124327	204088
"2009.12.16"	"Afghanistan"	"Herat"	4	0	4	8823	17609	26432	79765	124327	204092
"2009.12.17"	"Thailand"	"Yala"	2	0	2	8825	17609	26434	79767	124327	204094
"2009.12.17"	"Iraq"	"Baghdad"	1	10	11	8826	17619	26445	79768	124337	204105
"2009.12.17"	"Pakistan"	"Bara Tehsil"	3	5	8	8829	17624	26453	79771	124342	204113
"2009.12.17"	"Afghanistan"	"Kandahar"	7	3	10	8836	17627	26463	79778	124345	204123
"2009.12.17"	"Ingushetia"	"Nazran"	2	24	26	8838	17651	26489	79780	124369	204149
"2009.12.17"	"Iraq"	"Mosul"	1	0	1	8839	17651	26490	79781	124369	204150
"2009.12.18"	"Pakistan"	"Haripur"	3	0	3	8842	17651	26493	79784	124369	204153
"2009.12.18"	"Somalia"	"Mogadishu"	2	4	6	8844	17655	26499	79786	124373	204159
"2009.12.18"	"Iraq"	"Sulaimaniyah"	1	0	1	8845	17655	26500	79787	124373	204160
"2009.12.18"	"India"	"Pulwama"	2	0	2	8847	17655	26502	79789	124373	204162
"2009.12.18"	"Pakistan"	"Lower Dir"	15	28	43	8862	17683	26545	79804	124401	204205
"2009.12.19"	"Thailand"	"Narathiwat"	3	2	5	8865	17685	26550	79807	124403	204210
"2009.12.19"	"Iraq"	"Mosul"	3	1	4	8868	17686	26554	79810	124404	204214
"2009.12.19"	"Pakistan"	"Poonch"	1	2	3	8869	17688	26557	79811	124406	204217
"2009.12.20"	"Somalia"	"Mogadishu"	1	3	4	8870	17691	26561	79812	124409	204221
"2009.12.20"	"Iraq"	"Mosul"	2	0	2	8872	17691	26563	79814	124409	204223
"2009.12.21"	"Yemen"	"Abyan"	2	9	11	8874	17700	26574	79816	124418	204234
"2009.12.21"	"Somalia"	"Mogadishu"	5	0	5	8879	17700	26579	79821	124418	204239
"2009.12.21"	"Iraq"	"Tal Afar"	4	5	9	8883	17705	26588	79825	124423	204248
"2009.12.22"	"Pakistan"	"Peshawar"	3	16	19	8886	17721	26607	79828	124439	204267
"2009.12.22"	"India"	"Pampore"	2	1	3	8888	17722	26610	79830	124440	204270
"2009.12.22"	"Thailand"	"Pattani"	1	0	1	8889	17722	26611	79831	124440	204271
"2009.12.22"	"Thailand"	"Pattani"	1	1	2	8890	17723	26613	79832	124441	204273
"2009.12.22"	"Iraq"	"Iskandariya"	1	4	5	8891	17727	26618	79833	124445	204278
"2009.12.23"	"Afghanistan"	"Spin Boldak"	2	3	5	8893	17730	26623	79835	124448	204283
"2009.12.23"	"Afghanistan"	"Helmand"	3	4	7	8896	17734	26630	79838	124452	204290
"2009.12.23"	"Iraq"	"Baghdad"	5	46	51	8901	17780	26681	79843	124498	204341
"2009.12.23"	"Afghanistan"	"Helmand"	3	5	8	8904	17785	26689	79846	124503	204349
"2009.12.23"	"Iraq"	"Mosul"	2	0	2	8906	17785	26691	79848	124503	204351
"2009.12.24"	"Pakistan"	"Peshawar"	4	24	28	8910	17809	26719	79852	124527	204379
"2009.12.24"	"Israel"	"Einav"	1	0	1	8911	17809	26720	79853	124527	204380
"2009.12.24"	"Afghanistan"	"Kandahar"	8	3	11	8919	17812	26731	79861	124530	204391
"2009.12.24"	"Iraq"	"Hilla"	25	105	130	8944	17917	26861	79886	124635	204521
"2009.12.24"	"Iraq"	"Kirkuk"	4	0	4	8948	17917	26865	79890	124635	204525
"2009.12.24"	"Pakistan"	"Rawalpindi"	1	2	3	8949	17919	26868	79891	124637	204528
"2009.12.24"	"Somalia"	"Mogadishu"	6	25	31	8955	17944	26899	79897	124662	204559
"2009.12.24"	"Iraq"	"Baghdad"	12	53	65	8967	17997	26964	79909	124715	204624
"2009.12.24"	"Afghanistan"	"Paktika"	2	0	2	8969	17997	26966	79911	124715	204626
"2009.12.24"	"Iraq"	"Mosul"	1	0	1	8970	17997	26967	79912	124715	204627
"2009.12.25"	"Algeria"	"Tizi Ouzou"	1	2	3	8971	17999	26970	79913	124717	204630
"2009.12.25"	"Iraq"	"Mosul"	3	0	3	8974	17999	26973	79916	124717	204633
"2009.12.25"	"Iraq"	"Baghdad"	10	51	61	8984	18050	27034	79926	124768	204694
"2009.12.25"	"Pakistan"	"Peshawar"	2	0	2	8986	18050	27036	79928	124768	204696
"2009.12.25"	"Pakistan"	"Kalar Kahar"	0	60	60	8986	18110	27096	79928	124828	204756
"2009.12.26"	"Thailand"	"Pattani"	1	0	1	8987	18110	27097	79929	124828	204757
"2009.12.26"	"Iraq"	"Baghdad"	6	22	28	8993	18132	27125	79935	124850	204785
"2009.12.26"	"Pakistan"	"Karachi"	0	26	26	8993	18158	27151	79935	124876	204811
"2009.12.26"	"Pakistan"	"Punjab"	0	2	2	8993	18160	27153	79935	124878	204813
"2009.12.27"	"Thailand"	"Yala"	2	1	3	8995	18161	27156	79937	124879	204816
"2009.12.27"	"Pakistan"	"Sadda"	6	0	6	9001	18161	27162	79943	124879	204822
"2009.12.27"	"Pakistan"	"Muzaffarabad"	15	100	115	9016	18261	27277	79958	124979	204937
"2009.12.27"	"Iran"	"Tehran"	9	60	69	9025	18321	27346	79967	125039	205006
"2009.12.27"	"Iraq"	"Touz Khormato"	5	25	30	9030	18346	27376	79972	125064	205036
"2009.12.28"	"Pakistan"	"Chamarkand"	2	5	7	9032	18351	27383	79974	125069	205043
"2009.12.28"	"Pakistan"	"Karachi"	45	82	127	9077	18433	27510	80019	125151	205170
"2009.12.28"	"Afghanistan"	"Badghis"	2	3	5	9079	18436	27515	80021	125154	205175
"2009.12.28"	"Iraq"	"Mosul"	2	0	2	9081	18436	27517	80023	125154	205177
"2009.12.28"	"Pakistan"	"Orakzai"	9	6	15	9090	18442	27532	80032	125160	205192
"2009.12.28"	"Nigeria"	"Bauchi"	3	12	15	9093	18454	27547	80035	125172	205207
"2009.12.28"	"Somalia"	"Gedo"	1	0	1	9094	18454	27548	80036	125172	205208
"2009.12.29"	"Thailand"	"Pattani"	1	0	1	9095	18454	27549	80037	125172	205209
"2009.12.29"	"Thailand"	"Pattani"	1	0	1	9096	18454	27550	80038	125172	205210
"2009.12.29"	"Afghanistan"	"Herat"	1	2	3	9097	18456	27553	80039	125174	205213
"2009.12.29"	"Iraq"	"Baghdad"	4	18	22	9101	18474	27575	80043	125192	205235
"2009.12.29"	"Iraq"	"Tal Massoud"	5	0	5	9106	18474	27580	80048	125192	205240
"2009.12.29"	"Pakistan"	"Lahore"	2	0	2	9108	18474	27582	80050	125192	205242
"2009.12.30"	"Thailand"	"Narathiwat"	3	0	3	9111	18474	27585	80053	125192	205245
"2009.12.30"	"Thailand"	"Pattani"	1	0	1	9112	18474	27586	80054	125192	205246
"2009.12.30"	"Pakistan"	"Bajaur"	1	0	1	9113	18474	27587	80055	125192	205247
"2009.12.30"	"Afghanistan"	"Khost"	8	6	14	9121	18480	27601	80063	125198	205261
"2009.12.30"	"Thailand"	"Pattani"	2	0	2	9123	18480	27603	80065	125198	205263
"2009.12.30"	"Afghanistan"	"Kandahar"	5	0	5	9128	18480	27608	80070	125198	205268
"2009.12.30"	"Iraq"	"Khalis"	7	25	32	9135	18505	27640	80077	125223	205300
"2009.12.30"	"Iraq"	"Ramadi"	27	105	132	9162	18610	27772	80104	125328	205432
"2009.12.30"	"India"	"Baramulla"	4	0	4	9166	18610	27776	80108	125328	205436
"2009.12.31"	"Afghanistan"	"Uruzgan"	6	0	6	9172	18610	27782	80114	125328	205442
"2009.12.31"	"Pakistan"	"Kalat"	2	2	4	9174	18612	27786	80116	125330	205446
"2009.12.31"	"Thailand"	"Yala"	2	0	2	9176	18612	27788	80118	125330	205448
"2010.01.01"	"Pakistan"	"Shah Hason Khel"	105	100	205	105	100	205	80223	125430	205653
"2010.01.01"	"Somalia"	"Hodan"	1	0	1	106	100	206	80224	125430	205654
"2010.01.02"	"Afghanistan"	"Nimroz"	5	6	11	111	106	217	80229	125436	205665
"2010.01.02"	"Somalia"	"Dhusamareb"	47	150	197	158	256	414	80276	125586	205862
"2010.01.02"	"Iraq"	"Mosul"	2	0	2	160	256	416	80278	125586	205864
"2010.01.02"	"Iraq"	"Baghdad"	1	21	22	161	277	438	80279	125607	205886
"2010.01.02"	"Pakistan"	"Orakzai"	3	0	3	164	277	441	80282	125607	205889
"2010.01.02"	"Afghanistan"	"Kandahar"	4	0	4	168	277	445	80286	125607	205893
"2010.01.03"	"Pakistan"	"Hangu"	4	2	6	172	279	451	80290	125609	205899
"2010.01.03"	"Iraq"	"Tal Abta"	3	0	3	175	279	454	80293	125609	205902
"2010.01.03"	"Pakistan"	"Waziristan"	2	5	7	177	284	461	80295	125614	205909
"2010.01.03"	"Pakistan"	"Bajaur"	2	4	6	179	288	467	80297	125618	205915
"2010.01.04"	"Iraq"	"Kirkuk"	3	7	10	182	295	477	80300	125625	205925
"2010.01.04"	"Iraq"	"Mosul"	3	1	4	185	296	481	80303	125626	205929
"2010.01.05"	"Pakistan"	"Mohmand"	2	2	4	187	298	485	80305	125628	205933
"2010.01.05"	"Pakistan"	"Karachi"	1	0	1	188	298	486	80306	125628	205934
"2010.01.06"	"Dagestan"	"Makhachkala"	6	12	18	194	310	504	80312	125640	205952
"2010.01.06"	"Pakistan"	"Sudhanoti"	3	11	14	197	321	518	80315	125651	205966
"2010.01.06"	"Egypt"	"Rafah"	1	0	1	198	321	519	80316	125651	205967
"2010.01.06"	"Iraq"	"Mosul"	2	1	3	200	322	522	80318	125652	205970
"2010.01.06"	"India"	"Srinagar"	3	11	14	203	333	536	80321	125663	205984
"2010.01.06"	"Somalia"	"Bosasso"	1	0	1	204	333	537	80322	125663	205985
"2010.01.06"	"Ingushetia"	"Nazran"	1	0	1	205	333	538	80323	125663	205986
"2010.01.07"	"Afghanistan"	"Uruzgan"	8	0	8	213	333	546	80331	125663	205994
"2010.01.07"	"Afghanistan"	"Nangarhar"	9	44	53	222	377	599	80340	125707	206047
"2010.01.07"	"Iraq"	"Hit"	7	6	13	229	383	612	80347	125713	206060
"2010.01.07"	"Thailand"	"Yala"	1	0	1	230	383	613	80348	125713	206061
"2010.01.07"	"Iraq"	"Khanaqin"	3	15	18	233	398	631	80351	125728	206079
"2010.01.07"	"Egypt"	"Nag Hamadi"	7	10	17	240	408	648	80358	125738	206096
"2010.01.08"	"Pakistan"	"Karachi"	5	7	12	245	415	660	80363	125745	206108
"2010.01.08"	"Pakistan"	"Bajaur"	2	2	4	247	417	664	80365	125747	206112
"2010.01.08"	"Pakistan"	"Khyber"	8	11	19	255	428	683	80373	125758	206131
"2010.01.08"	"Iraq"	"Ras Al-Jadeh"	2	0	2	257	428	685	80375	125758	206133
"2010.01.08"	"Afghanistan"	"Logar"	2	0	2	259	428	687	80377	125758	206135
"2010.01.09"	"Iraq"	"Mosul"	1	0	1	260	428	688	80378	125758	206136
"2010.01.09"	"Afghanistan"	"Helmand"	2	6	8	262	434	696	80380	125764	206144
"2010.01.10"	"Thailand"	"Narathiwat"	2	0	2	264	434	698	80382	125764	206146
"2010.01.10"	"Pakistan"	"Mohmand"	2	0	2	266	434	700	80384	125764	206148
"2010.01.10"	"India"	"Kulgam"	2	1	3	268	435	703	80386	125765	206151
"2010.01.10"	"Afghanistan"	"Uruzgan"	3	0	3	271	435	706	80389	125765	206154
"2010.01.11"	"India"	"Jammu"	1	0	1	272	435	707	80390	125765	206155
"2010.01.11"	"Afghanistan"	"Uruzgan"	1	2	3	273	437	710	80391	125767	206158
"2010.01.11"	"Pakistan"	"Peshawar"	1	5	6	274	442	716	80392	125772	206164
"2010.01.11"	"Dagestan"	"Kizlyar"	2	0	2	276	442	718	80394	125772	206166
"2010.01.11"	"Iraq"	"Mosul"	1	0	1	277	442	719	80395	125772	206167
"2010.01.12"	"Iraq"	"Mosul"	1	0	1	278	442	720	80396	125772	206168
"2010.01.12"	"France"	"Paris"	0	1	1	278	443	721	80396	125773	206169
"2010.01.12"	"Iraq"	"Diyala"	3	5	8	281	448	729	80399	125778	206177
"2010.01.13"	"Pakistan"	"Hangu"	1	0	1	282	448	730	80400	125778	206178
"2010.01.13"	"Pakistan"	"Tank"	1	6	7	283	454	737	80401	125784	206185
"2010.01.13"	"Thailand"	"Pattani"	1	4	5	284	458	742	80402	125788	206190
"2010.01.13"	"Iraq"	"Saqlawiya"	7	6	13	291	464	755	80409	125794	206203
"2010.01.13"	"Afghanistan"	"Ghazni"	1	6	7	292	470	762	80410	125800	206210
"2010.01.13"	"Yemen"	"Shabwa"	2	0	2	294	470	764	80412	125800	206212
"2010.01.13"	"Algeria"	"Allaghane"	2	0	2	296	470	766	80414	125800	206214
"2010.01.14"	"Iraq"	"Najaf"	27	111	138	323	581	904	80441	125911	206352
"2010.01.14"	"India"	"Uttar Pradesh"	1	0	1	324	581	905	80442	125911	206353
"2010.01.14"	"Ingushetia"	"Nazran"	1	3	4	325	584	909	80443	125914	206357
"2010.01.14"	"Afghanistan"	"Uruzgan"	20	13	33	345	597	942	80463	125927	206390
"2010.01.14"	"Thailand"	"Pattani"	2	0	2	347	597	944	80465	125927	206392
"2010.01.14"	"Afghanistan"	"Helmand"	1	4	5	348	601	949	80466	125931	206397
"2010.01.14"	"Iraq"	"Baqubah"	2	10	12	350	611	961	80468	125941	206409
"2010.01.14"	"Pakistan"	"Mohmand"	2	7	9	352	618	970	80470	125948	206418
"2010.01.15"	"India"	"Sopore"	2	7	9	354	625	979	80472	125955	206427
"2010.01.15"	"Somalia"	"Mogadishu"	1	2	3	355	627	982	80473	125957	206430
"2010.01.15"	"Afghanistan"	"Spin Boldak"	5	0	5	360	627	987	80478	125957	206435
"2010.01.15"	"Somalia"	"Lasanod"	1	0	1	361	627	988	80479	125957	206436
"2010.01.15"	"Kenya"	"Nairobi"	1	5	6	362	632	994	80480	125962	206442
"2010.01.16"	"Philippines"	"North Cotabato"	3	3	6	365	635	1000	80483	125965	206448
"2010.01.16"	"Iraq"	"Baghdad"	5	3	8	370	638	1008	80488	125968	206456
"2010.01.17"	"Thailand"	"Pattani"	1	0	1	371	638	1009	80489	125968	206457
"2010.01.17"	"Thailand"	"Pattani"	2	0	2	373	638	1011	80491	125968	206459
"2010.01.17"	"Afghanistan"	"Chishti Sharif"	6	0	6	379	638	1017	80497	125968	206465
"2010.01.17"	"Nigeria"	"Jos"	48	96	144	427	734	1161	80545	126064	206609
"2010.01.17"	"Iraq"	"Kharab"	3	0	3	430	734	1164	80548	126064	206612
"2010.01.17"	"Iraq"	"Mosul"	2	0	2	432	734	1166	80550	126064	206614
"2010.01.18"	"Iraq"	"Mosul"	1	0	1	433	734	1167	80551	126064	206615
"2010.01.18"	"Afghanistan"	"Kabul"	5	71	76	438	805	1243	80556	126135	206691
"2010.01.18"	"Iraq"	"Baghdad"	5	0	5	443	805	1248	80561	126135	206696
"2010.01.18"	"Algeria"	"Kabylie"	1	0	1	444	805	1249	80562	126135	206697
"2010.01.18"	"Pakistan"	"Mohmand"	1	2	3	445	807	1252	80563	126137	206700
"2010.01.19"	"Pakistan"	"Mohmand"	2	2	4	447	809	1256	80565	126139	206704
"2010.01.19"	"Pakistan"	"Jandola"	2	0	2	449	809	1258	80567	126139	206706
"2010.01.19"	"Somalia"	"Bosasso"	1	0	1	450	809	1259	80568	126139	206707
"2010.01.19"	"Somalia"	"Mogadishu"	19	30	49	469	839	1308	80587	126169	206756
"2010.01.20"	"Pakistan"	"Karachi"	1	0	1	470	839	1309	80588	126169	206757
"2010.01.20"	"Iraq"	"Mosul"	0	45	45	470	884	1354	80588	126214	206802
"2010.01.21"	"Thailand"	"Narathiwat"	1	0	1	471	884	1355	80589	126214	206803
"2010.01.21"	"Iraq"	"Mussayab"	1	5	6	472	889	1361	80590	126219	206809
"2010.01.21"	"Pakistan"	"Bajaur"	3	22	25	475	911	1386	80593	126241	206834
"2010.01.22"	"Pakistan"	"Lahore"	1	0	1	476	911	1387	80594	126241	206835
"2010.01.22"	"Pakistan"	"Pattar"	2	0	2	478	911	1389	80596	126241	206837
"2010.01.22"	"Iraq"	"Baghdad"	2	0	2	480	911	1391	80598	126241	206839
"2010.01.22"	"Afghanistan"	"Ghazni"	4	1	5	484	912	1396	80602	126242	206844
"2010.01.22"	"Bangladesh"	"Netrokona"	0	2	2	484	914	1398	80602	126244	206846
"2010.01.23"	"Pakistan"	"Gomal"	4	11	15	488	925	1413	80606	126255	206861
"2010.01.23"	"Afghanistan"	"Paktika"	4	3	7	492	928	1420	80610	126258	206868
"2010.01.23"	"Afghanistan"	"Helmand"	1	0	1	493	928	1421	80611	126258	206869
"2010.01.23"	"Pakistan"	"Orakzai"	3	0	3	496	928	1424	80614	126258	206872
"2010.01.23"	"Afghanistan"	"Helmand"	2	2	4	498	930	1428	80616	126260	206876
"2010.01.23"	"Afghanistan"	"Khost"	1	0	1	499	930	1429	80617	126260	206877
"2010.01.23"	"Pakistan"	"North Waziristan"	7	0	7	506	930	1436	80624	126260	206884
"2010.01.24"	"Iraq"	"Mosul"	6	2	8	512	932	1444	80630	126262	206892
"2010.01.25"	"Yemen"	"Sanaa"	3	0	3	515	932	1447	80633	126262	206895
"2010.01.25"	"Somalia"	"Sool"	2	3	5	517	935	1452	80635	126265	206900
"2010.01.25"	"Iraq"	"Baghdad"	41	102	143	558	1037	1595	80676	126367	207043
"2010.01.25"	"Iraq"	"Kirkuk"	2	0	2	560	1037	1597	80678	126367	207045
"2010.01.25"	"Iraq"	"Mosul"	2	0	2	562	1037	1599	80680	126367	207047
"2010.01.26"	"Afghanistan"	"Helmand"	4	0	4	566	1037	1603	80684	126367	207051
"2010.01.26"	"Somalia"	"Mogadishu"	5	3	8	571	1040	1611	80689	126370	207059
"2010.01.26"	"Iraq"	"Mosul"	0	1	1	571	1041	1612	80689	126371	207060
"2010.01.26"	"Iraq"	"Baghdad"	22	80	102	593	1121	1714	80711	126451	207162
"2010.01.26"	"Thailand"	"Pattani"	3	0	3	596	1121	1717	80714	126451	207165
"2010.01.26"	"Pakistan"	"Salarzai"	1	0	1	597	1121	1718	80715	126451	207166
"2010.01.27"	"Somalia"	"Mogadishu"	1	0	1	598	1121	1719	80716	126451	207167
"2010.01.27"	"Ingushetia"	"Nazran"	2	2	4	600	1123	1723	80718	126453	207171
"2010.01.27"	"Somalia"	"Hiran"	8	0	8	608	1123	1731	80726	126453	207179
"2010.01.27"	"Pakistan"	"Dir"	3	0	3	611	1123	1734	80729	126453	207182
"2010.01.27"	"Iraq"	"Mosul"	2	0	2	613	1123	1736	80731	126453	207184
"2010.01.27"	"Iraq"	"Baghdad"	2	5	7	615	1128	1743	80733	126458	207191
"2010.01.27"	"Pakistan"	"Mardan"	1	5	6	616	1133	1749	80734	126463	207197
"2010.01.28"	"Somalia"	"Mogadishu"	2	5	7	618	1138	1756	80736	126468	207204
"2010.01.28"	"Iraq"	"Adel"	1	0	1	619	1138	1757	80737	126468	207205
"2010.01.28"	"Iraq"	"Mosul"	4	3	7	623	1141	1764	80741	126471	207212
"2010.01.28"	"Ingushetia"	"Nazran"	1	0	1	624	1141	1765	80742	126471	207213
"2010.01.28"	"Iran"	"Tehran"	2	0	2	626	1141	1767	80744	126471	207215
"2010.01.29"	"Thailand"	"Pattani"	1	2	3	627	1143	1770	80745	126473	207218
"2010.01.29"	"India"	"Kishtwar"	2	0	2	629	1143	1772	80747	126473	207220
"2010.01.29"	"Somalia"	"Mogadishu"	10	35	45	639	1178	1817	80757	126508	207265
"2010.01.29"	"Afghanistan"	"Lashkar Gah"	1	3	4	640	1181	1821	80758	126511	207269
"2010.01.29"	"Afghanistan"	"Wardak"	2	0	2	642	1181	1823	80760	126511	207271
"2010.01.30"	"Pakistan"	"Bajaur"	16	20	36	658	1201	1859	80776	126531	207307
"2010.01.30"	"Pakistan"	"North Waziristan"	2	0	2	660	1201	1861	80778	126531	207309
"2010.01.30"	"Iraq"	"Baghdad"	1	4	5	661	1205	1866	80779	126535	207314
"2010.01.30"	"Afghanistan"	"Uruzgan"	1	1	2	662	1206	1868	80780	126536	207316
"2010.01.30"	"Thailand"	"Pattani"	2	0	2	664	1206	1870	80782	126536	207318
"2010.01.30"	"Iraq"	"Samarrah"	2	20	22	666	1226	1892	80784	126556	207340
"2010.01.30"	"Somalia"	"Mogadishu"	12	25	37	678	1251	1929	80796	126581	207377
"2010.01.30"	"Pakistan"	"Bolochistan"	3	7	10	681	1258	1939	80799	126588	207387
"2010.01.31"	"Iraq"	"Mosul"	1	0	1	682	1258	1940	80800	126588	207388
"2010.01.31"	"Somalia"	"Mogadishu"	8	55	63	690	1313	2003	80808	126643	207451
"2010.01.31"	"Thailand"	"Pattani"	3	1	4	693	1314	2007	80811	126644	207455
"2010.01.31"	"Pakistan"	"Mohmand"	2	2	4	695	1316	2011	80813	126646	207459
"2010.02.01"	"Ingushetia"	"Nazran"	1	3	4	696	1319	2015	80814	126649	207463
"2010.02.01"	"Iraq"	"Baghdad"	54	117	171	750	1436	2186	80868	126766	207634
"2010.02.01"	"Ingushetia"	"Nazran"	1	3	4	751	1439	2190	80869	126769	207638
"2010.02.02"	"Iraq"	"Karbalah"	3	21	24	754	1460	2214	80872	126790	207662
"2010.02.02"	"Philippines"	"Maluso"	1	8	9	755	1468	2223	80873	126798	207671
"2010.02.02"	"Pakistan"	"Mohmand"	2	2	4	757	1470	2227	80875	126800	207675
"2010.02.03"	"Thailand"	"Narathiwat"	1	0	1	758	1470	2228	80876	126800	207676
"2010.02.03"	"Iraq"	"Touz Khormato"	1	0	1	759	1470	2229	80877	126800	207677
"2010.02.03"	"Iraq"	"Baghdad"	1	3	4	760	1473	2233	80878	126803	207681
"2010.02.03"	"Iraq"	"Karbalah"	23	147	170	783	1620	2403	80901	126950	207851
"2010.02.03"	"Pakistan"	"Swat"	9	115	124	792	1735	2527	80910	127065	207975
"2010.02.03"	"Germany"	"Northrhein-Westphalia"	1	0	1	793	1735	2528	80911	127065	207976
"2010.02.04"	"Iraq"	"Baghdad"	1	0	1	794	1735	2529	80912	127065	207977
"2010.02.04"	"Afghanistan"	"Kandahar"	3	17	20	797	1752	2549	80915	127082	207997
"2010.02.04"	"Turkey"	"Kahta"	1	0	1	798	1752	2550	80916	127082	207998
"2010.02.04"	"Somalia"	"Mudug"	1	0	1	799	1752	2551	80917	127082	207999
"2010.02.05"	"India"	"Sopore"	3	0	3	802	1752	2554	80920	127082	208002
"2010.02.05"	"Iraq"	"Karbalah"	41	154	195	843	1906	2749	80961	127236	208197
"2010.02.05"	"Pakistan"	"Karachi"	33	80	113	876	1986	2862	80994	127316	208310
"2010.02.05"	"Pakistan"	"Malakand"	1	0	1	877	1986	2863	80995	127316	208311
"2010.02.05"	"India"	"Baramulla"	2	0	2	879	1986	2865	80997	127316	208313
"2010.02.05"	"Afghanistan"	"Helmand"	2	20	22	881	2006	2887	80999	127336	208335
"2010.02.06"	"Thailand"	"Narathiwat"	1	1	2	882	2007	2889	81000	127337	208337
"2010.02.07"	"Afghanistan"	"Mazar-e Sharif"	3	1	4	885	2008	2893	81003	127338	208341
"2010.02.07"	"Afghanistan"	"Kandahar"	4	2	6	889	2010	2899	81007	127340	208347
"2010.02.07"	"Iraq"	"Diwaniya"	1	3	4	890	2013	2903	81008	127343	208351
"2010.02.07"	"Iraq"	"Mosul"	1	1	2	891	2014	2905	81009	127344	208353
"2010.02.07"	"Pakistan"	"North Waziristan"	1	0	1	892	2014	2906	81010	127344	208354
"2010.02.08"	"Pakistan"	"Rawalpindi"	4	1	5	896	2015	2911	81014	127345	208359
"2010.02.08"	"Iraq"	"Baghdad"	1	3	4	897	2018	2915	81015	127348	208363
"2010.02.08"	"India"	"Sopore"	1	0	1	898	2018	2916	81016	127348	208364
"2010.02.08"	"Pakistan"	"Khyber"	1	4	5	899	2022	2921	81017	127352	208369
"2010.02.08"	"Thailand"	"Yala"	1	0	1	900	2022	2922	81018	127352	208370
"2010.02.08"	"Somalia"	"Mogadishu"	10	20	30	910	2042	2952	81028	127372	208400
"2010.02.08"	"Thailand"	"Pattani"	1	0	1	911	2042	2953	81029	127372	208401
"2010.02.08"	"Pakistan"	"Punjab"	0	1	1	911	2043	2954	81029	127373	208402
"2010.02.09"	"Sudan"	"al-Baytari"	4	15	19	915	2058	2973	81033	127388	208421
"2010.02.09"	"Egypt"	"Menoufia"	1	0	1	916	2058	2974	81034	127388	208422
"2010.02.09"	"Iraq"	"Baghdad"	1	1	2	917	2059	2976	81035	127389	208424
"2010.02.10"	"Somalia"	"Hamarjajab"	5	7	12	922	2066	2988	81040	127396	208436
"2010.02.10"	"Pakistan"	"Khyber"	18	10	28	940	2076	3016	81058	127406	208464
"2010.02.10"	"Thailand"	"Pattani"	2	0	2	942	2076	3018	81060	127406	208466
"2010.02.10"	"Israel"	"Nablus"	1	0	1	943	2076	3019	81061	127406	208467
"2010.02.10"	"Thailand"	"Pattani"	1	0	1	944	2076	3020	81062	127406	208468
"2010.02.10"	"Iraq"	"Abu Ghraib"	2	4	6	946	2080	3026	81064	127410	208474
"2010.02.10"	"Iraq"	"Baquba"	2	1	3	948	2081	3029	81066	127411	208477
"2010.02.10"	"Pakistan"	"Khyber"	1	2	3	949	2083	3032	81067	127413	208480
"2010.02.11"	"Iraq"	"Baghdad"	1	0	1	950	2083	3033	81068	127413	208481
"2010.02.11"	"Iraq"	"Mosul"	1	0	1	951	2083	3034	81069	127413	208482
"2010.02.11"	"Pakistan"	"Bannu"	15	24	39	966	2107	3073	81084	127437	208521
"2010.02.11"	"Philippines"	"Cotabato"	1	0	1	967	2107	3074	81085	127437	208522
"2010.02.11"	"Dagestan"	"Makhachkala"	2	0	2	969	2107	3076	81087	127437	208524
"2010.02.11"	"Thailand"	"Narathiwat"	1	0	1	970	2107	3077	81088	127437	208525
"2010.02.12"	"Somalia"	"Afgoye"	2	0	2	972	2107	3079	81090	127437	208527
"2010.02.12"	"Yemen"	"Saada"	1	7	8	973	2114	3087	81091	127444	208535
"2010.02.12"	"Iraq"	"Buhriz"	2	0	2	975	2114	3089	81093	127444	208537
"2010.02.12"	"Thailand"	"Pattani"	1	0	1	976	2114	3090	81094	127444	208538
"2010.02.13"	"Pakistan"	"Kasur"	1	0	1	977	2114	3091	81095	127444	208539
"2010.02.13"	"India"	"Pune"	17	37	54	994	2151	3145	81112	127481	208593
"2010.02.13"	"Iraq"	"Kufa"	6	10	16	1000	2161	3161	81118	127491	208609
"2010.02.13"	"Afghanistan"	"Kandahar"	2	7	9	1002	2168	3170	81120	127498	208618
"2010.02.13"	"Thailand"	"Pattani"	1	2	3	1003	2170	3173	81121	127500	208621
"2010.02.13"	"Thailand"	"Narathiwat"	1	0	1	1004	2170	3174	81122	127500	208622
"2010.02.14"	"Dagestan"	"Novogodari"	3	0	3	1007	2170	3177	81125	127500	208625
"2010.02.14"	"Ingushetia"	"Nazran"	2	0	2	1009	2170	3179	81127	127500	208627
"2010.02.14"	"Thailand"	"Pattani"	2	0	2	1011	2170	3181	81129	127500	208629
"2010.02.14"	"Iraq"	"Baghdad"	2	6	8	1013	2176	3189	81131	127506	208637
"2010.02.14"	"Pakistan"	"Khyber"	3	0	3	1016	2176	3192	81134	127506	208640
"2010.02.14"	"Pakistan"	"Sindh"	3	16	19	1019	2192	3211	81137	127522	208659
"2010.02.14"	"Iraq"	"Mosul"	1	1	2	1020	2193	3213	81138	127523	208661
"2010.02.15"	"Iraq"	"Mosul"	1	0	1	1021	2193	3214	81139	127523	208662
"2010.02.15"	"Thailand"	"Narathiwat"	2	0	2	1023	2193	3216	81141	127523	208664
"2010.02.15"	"Yemen"	"Jawf"	1	0	1	1024	2193	3217	81142	127523	208665
"2010.02.15"	"Iraq"	"Mosul"	1	0	1	1025	2193	3218	81143	127523	208666
"2010.02.15"	"Thailand"	"Narathiwat"	1	0	1	1026	2193	3219	81144	127523	208667
"2010.02.15"	"Somalia"	"Mogadishu"	2	2	4	1028	2195	3223	81146	127525	208671
"2010.02.15"	"Lebanon"	"Ain el Hilweh"	2	0	2	1030	2195	3225	81148	127525	208673
"2010.02.15"	"Somalia"	"Diif"	1	0	1	1031	2195	3226	81149	127525	208674
"2010.02.16"	"Iraq"	"Mosul"	2	0	2	1033	2195	3228	81151	127525	208676
"2010.02.16"	"Iraq"	"Mosul"	2	9	11	1035	2204	3239	81153	127534	208687
"2010.02.17"	"Thailand"	"Narathiwat"	2	0	2	1037	2204	3241	81155	127534	208689
"2010.02.17"	"Philippines"	"Mindanao"	1	2	3	1038	2206	3244	81156	127536	208692
"2010.02.17"	"Iraq"	"Mosul"	1	0	1	1039	2206	3245	81157	127536	208693
"2010.02.18"	"Iraq"	"Baghdad"	13	26	39	1052	2232	3284	81170	127562	208732
"2010.02.18"	"Pakistan"	"Tirah"	31	110	141	1083	2342	3425	81201	127672	208873
"2010.02.18"	"Thailand"	"Yala"	1	12	13	1084	2354	3438	81202	127684	208886
"2010.02.18"	"Iraq"	"Mosul"	0	22	22	1084	2376	3460	81202	127706	208908
"2010.02.18"	"Pakistan"	"Mingora"	1	2	3	1085	2378	3463	81203	127708	208911
"2010.02.19"	"Somalia"	"Kismayo"	1	0	1	1086	2378	3464	81204	127708	208912
"2010.02.19"	"Philippines"	"Basilan"	2	1	3	1088	2379	3467	81206	127709	208915
"2010.02.19"	"Iraq"	"Ramadi"	10	15	25	1098	2394	3492	81216	127724	208940
"2010.02.19"	"Iraq"	"Tal Afar"	1	0	1	1099	2394	3493	81217	127724	208941
"2010.02.19"	"Afghanistan"	"Kandahar"	4	0	4	1103	2394	3497	81221	127724	208945
"2010.02.20"	"Pakistan"	"Balakot"	1	3	4	1104	2397	3501	81222	127727	208949
"2010.02.20"	"Bangladesh"	"Baghaichhari"	8	200	208	1112	2597	3709	81230	127927	209157
"2010.02.20"	"Afghanistan"	"Helmand"	2	0	2	1114	2597	3711	81232	127927	209159
"2010.02.20"	"Ingushetia"	"Nazran"	2	37	39	1116	2634	3750	81234	127964	209198
"2010.02.20"	"Iraq"	"Mosul"	1	0	1	1117	2634	3751	81235	127964	209199
"2010.02.20"	"Iraq"	"Mosul"	3	2	5	1120	2636	3756	81238	127966	209204
"2010.02.20"	"Pakistan"	"Swat"	1	0	1	1121	2636	3757	81239	127966	209205
"2010.02.20"	"Afghanistan"	"Helmand"	6	2	8	1127	2638	3765	81245	127968	209213
"2010.02.20"	"Somalia"	"Buale"	1	0	1	1128	2638	3766	81246	127968	209214
"2010.02.20"	"England"	"Huddersfield"	1	0	1	1129	2638	3767	81247	127968	209215
"2010.02.21"	"Pakistan"	"Khyber"	2	0	2	1131	2638	3769	81249	127968	209217
"2010.02.21"	"Iraq"	"Khanaqin"	5	1	6	1136	2639	3775	81254	127969	209223
"2010.02.21"	"Iraq"	"Tikrit"	1	2	3	1137	2641	3778	81255	127971	209226
"2010.02.21"	"Iraq"	"Taji"	1	7	8	1138	2648	3786	81256	127978	209234
"2010.02.21"	"Somalia"	"Mogadishu"	3	0	3	1141	2648	3789	81259	127978	209237
"2010.02.22"	"Iraq"	"Ramadi"	5	5	10	1146	2653	3799	81264	127983	209247
"2010.02.22"	"Iraq"	"Baghdad"	7	8	15	1153	2661	3814	81271	127991	209262
"2010.02.22"	"Algeria"	"Boumerdes"	1	5	6	1154	2666	3820	81272	127996	209268
"2010.02.22"	"Pakistan"	"Peshawar"	1	1	2	1155	2667	3822	81273	127997	209270
"2010.02.22"	"Iraq"	"Baghdad"	4	0	4	1159	2667	3826	81277	127997	209274
"2010.02.22"	"Thailand"	"Narathiwat"	2	0	2	1161	2667	3828	81279	127997	209276
"2010.02.22"	"India"	"Baramulla"	1	3	4	1162	2670	3832	81280	128000	209280
"2010.02.22"	"Pakistan"	"Mingora"	13	41	54	1175	2711	3886	81293	128041	209334
"2010.02.22"	"Pakistan"	"Swat"	6	5	11	1181	2716	3897	81299	128046	209345
"2010.02.22"	"Iraq"	"Baghdad"	8	0	8	1189	2716	3905	81307	128046	209353
"2010.02.22"	"Indonesia"	"Aceh"	2	0	2	1191	2716	3907	81309	128046	209355
"2010.02.23"	"Iraq"	"Mosul"	3	0	3	1194	2716	3910	81312	128046	209358
"2010.02.23"	"India"	"Baramulla"	3	3	6	1197	2719	3916	81315	128049	209364
"2010.02.23"	"Iraq"	"Mosul"	2	5	7	1199	2724	3923	81317	128054	209371
"2010.02.23"	"Iraq"	"Baghdad"	3	5	8	1202	2729	3931	81320	128059	209379
"2010.02.23"	"Afghanistan"	"Lashkar Gah"	7	14	21	1209	2743	3952	81327	128073	209400
"2010.02.23"	"Ingushetia"	"Ordzhonikidzevskaya"	1	0	1	1210	2743	3953	81328	128073	209401
"2010.02.24"	"Pakistan"	"Peshawar"	4	0	4	1214	2743	3957	81332	128073	209405
"2010.02.24"	"Iraq"	"Baghdad"	1	0	1	1215	2743	3958	81333	128073	209406
"2010.02.24"	"Pakistan"	"Hangu"	3	3	6	1218	2746	3964	81336	128076	209412
"2010.02.24"	"Pakistan"	"North Waziristan"	3	0	3	1221	2746	3967	81339	128076	209415
"2010.02.24"	"Dagestan"	"Gergebilsky"	5	1	6	1226	2747	3973	81344	128077	209421
"2010.02.25"	"Iraq"	"Mosul"	2	0	2	1228	2747	3975	81346	128077	209423
"2010.02.25"	"Iraq"	"Mosul"	2	0	2	1230	2747	3977	81348	128077	209425
"2010.02.25"	"India"	"Pulwama"	1	0	1	1231	2747	3978	81349	128077	209426
"2010.02.25"	"Saudi Arabia"	"Riyadh"	1	3	4	1232	2750	3982	81350	128080	209430
"2010.02.25"	"Somalia"	"Dhobley"	1	0	1	1233	2750	3983	81351	128080	209431
"2010.02.26"	"Afghanistan"	"Kabul"	17	32	49	1250	2782	4032	81368	128112	209480
"2010.02.26"	"Somalia"	"Mogadishu"	4	5	9	1254	2787	4041	81372	128117	209489
"2010.02.26"	"Iraq"	"Mosul"	3	22	25	1257	2809	4066	81375	128139	209514
"2010.02.26"	"Iraq"	"Baghdad"	1	0	1	1258	2809	4067	81376	128139	209515
"2010.02.26"	"Liberia"	"Voinjama"	4	23	27	1262	2832	4094	81380	128162	209542
"2010.02.26"	"Pakistan"	"Lahore"	0	3	3	1262	2835	4097	81380	128165	209545
"2010.02.27"	"Pakistan"	"Dera Ismail Khan"	7	38	45	1269	2873	4142	81387	128203	209590
"2010.02.27"	"Pakistan"	"Karak"	4	23	27	1273	2896	4169	81391	128226	209617
"2010.02.27"	"Pakistan"	"Dera Ismail Khan"	1	7	8	1274	2903	4177	81392	128233	209625
"2010.02.27"	"Philippines"	"Tubigan"	15	13	28	1289	2916	4205	81407	128246	209653
"2010.02.27"	"Thailand"	"Pattani"	1	0	1	1290	2916	4206	81408	128246	209654
"2010.02.27"	"Somalia"	"Diif"	1	0	1	1291	2916	4207	81409	128246	209655
"2010.02.27"	"Egypt"	"Teleda"	0	2	2	1291	2918	4209	81409	128248	209657
"2010.02.28"	"Afghanistan"	"Khost"	6	0	6	1297	2918	4215	81415	128248	209663
"2010.02.28"	"Afghanistan"	"Helmand"	11	0	11	1308	2918	4226	81426	128248	209674
"2010.02.28"	"Afghanistan"	"Kabul"	5	2	7	1313	2920	4233	81431	128250	209681
"2010.02.28"	"Iraq"	"Khalidiya"	2	2	4	1315	2922	4237	81433	128252	209685
"2010.03.01"	"Afghanistan"	"Kandahar"	1	15	16	1316	2937	4253	81434	128267	209701
"2010.03.01"	"Afghanistan"	"Lashkar Gah"	2	0	2	1318	2937	4255	81436	128267	209703
"2010.03.01"	"Afghanistan"	"Kandahar"	4	0	4	1322	2937	4259	81440	128267	209707
"2010.03.01"	"Pakistan"	"Karak"	4	24	28	1326	2961	4287	81444	128291	209735
"2010.03.01"	"Iraq"	"Baghdad"	4	0	4	1330	2961	4291	81448	128291	209739
"2010.03.01"	"Afghanistan"	"Baghdad"	3	0	3	1333	2961	4294	81451	128291	209742
"2010.03.01"	"Philippines"	"Mindanao"	1	0	1	1334	2961	4295	81452	128291	209743
"2010.03.01"	"India"	"Shimoga"	1	0	1	1335	2961	4296	81453	128291	209744
"2010.03.02"	"Thailand"	"Pattani"	2	2	4	1337	2963	4300	81455	128293	209748
"2010.03.02"	"Pakistan"	"Khuzdar"	2	12	14	1339	2975	4314	81457	128305	209762
"2010.03.03"	"Somalia"	"Mogadishu"	12	49	61	1351	3024	4375	81469	128354	209823
"2010.03.03"	"Iraq"	"Kirkuk"	2	0	2	1353	3024	4377	81471	128354	209825
"2010.03.03"	"Iraq"	"Baquba"	33	55	88	1386	3079	4465	81504	128409	209913
"2010.03.03"	"Iraq"	"Mosul"	1	0	1	1387	3079	4466	81505	128409	209914
"2010.03.04"	"Afghanistan"	"Kandahar"	5	0	5	1392	3079	4471	81510	128409	209919
"2010.03.04"	"Iraq"	"Baghdad"	17	61	78	1409	3140	4549	81527	128470	209997
"2010.03.04"	"Pakistan"	"Chamarkand"	1	0	1	1410	3140	4550	81528	128470	209998
"2010.03.05"	"Iraq"	"Mussayab"	1	0	1	1411	3140	4551	81529	128470	209999
"2010.03.05"	"Pakistan"	"Hangu"	12	35	47	1423	3175	4598	81541	128505	210046
"2010.03.05"	"Somalia"	"Dhobley"	1	0	1	1424	3175	4599	81542	128505	210047
"2010.03.06"	"Thailand"	"Narathiwat"	1	0	1	1425	3175	4600	81543	128505	210048
"2010.03.06"	"Iraq"	"Garma"	1	2	3	1426	3177	4603	81544	128507	210051
"2010.03.06"	"Iraq"	"Najaf"	4	54	58	1430	3231	4661	81548	128561	210109
"2010.03.07"	"Nigeria"	"Dogo Nahauwa"	528	600	1128	1958	3831	5789	82076	129161	211237
"2010.03.07"	"India"	"Srinagar"	1	0	1	1959	3831	5790	82077	129161	211238
"2010.03.07"	"Iraq"	"Baghdad"	51	140	191	2010	3971	5981	82128	129301	211429
"2010.03.07"	"Pakistan"	"Orakzai"	1	0	1	2011	3971	5982	82129	129301	211430
"2010.03.07"	"Yemen"	"Sanaa"	2	0	2	2013	3971	5984	82131	129301	211432
"2010.03.07"	"Pakistan"	"Lahore"	1	0	1	2014	3971	5985	82132	129301	211433
"2010.03.07"	"Afghanistan"	"Baghlan"	19	0	19	2033	3971	6004	82151	129301	211452
"2010.03.08"	"Niger"	"Niamey"	5	0	5	2038	3971	6009	82156	129301	211457
"2010.03.08"	"Afghanistan"	"Badghis"	12	0	12	2050	3971	6021	82168	129301	211469
"2010.03.08"	"Pakistan"	"Lashkar-e-Islam"	2	0	2	2052	3971	6023	82170	129301	211471
"2010.03.08"	"Pakistan"	"South Waziristan"	2	1	3	2054	3972	6026	82172	129302	211474
"2010.03.08"	"Pakistan"	"Lahore"	15	60	75	2069	4032	6101	82187	129362	211549
"2010.03.08"	"Iraq"	"Fallujah"	2	1	3	2071	4033	6104	82189	129363	211552
"2010.03.09"	"Iraq"	"Mosul"	1	0	1	2072	4033	6105	82190	129363	211553
"2010.03.09"	"Lebanon"	"Hakr al-Daheri"	1	0	1	2073	4033	6106	82191	129363	211554
"2010.03.09"	"Afghanistan"	"Khost"	2	3	5	2075	4036	6111	82193	129366	211559
"2010.03.09"	"Thailand"	"Pattani"	1	0	1	2076	4036	6112	82194	129366	211560
"2010.03.09"	"Somalia"	"Mogadishu"	1	0	1	2077	4036	6113	82195	129366	211561
"2010.03.09"	"Somalia"	"Mogadishu"	3	0	3	2080	4036	6116	82198	129366	211564
"2010.03.09"	"Pakistan"	"Punjab"	1	0	1	2081	4036	6117	82199	129366	211565
"2010.03.10"	"Afghanistan"	"Paktika"	5	4	9	2086	4040	6126	82204	129370	211574
"2010.03.10"	"Pakistan"	"Oghi"	6	0	6	2092	4040	6132	82210	129370	211580
"2010.03.10"	"Somalia"	"Mogadishu"	42	83	125	2134	4123	6257	82252	129453	211705
"2010.03.10"	"Afghanistan"	"Faryab"	2	4	6	2136	4127	6263	82254	129457	211711
"2010.03.10"	"Dagestan"	"Yasnaya Polyana"	1	0	1	2137	4127	6264	82255	129457	211712
"2010.03.11"	"Pakistan"	"Bajaur"	2	0	2	2139	4127	6266	82257	129457	211714
"2010.03.11"	"Afghanistan"	"Paktia"	3	1	4	2142	4128	6270	82260	129458	211718
"2010.03.11"	"Pakistan"	"Karachi"	4	0	4	2146	4128	6274	82264	129458	211722
"2010.03.11"	"Pakistan"	"Peshawar"	4	21	25	2150	4149	6299	82268	129479	211747
"2010.03.11"	"Afghanistan"	"Kapisa"	5	3	8	2155	4152	6307	82273	129482	211755
"2010.03.11"	"Thailand"	"Pattani"	1	0	1	2156	4152	6308	82274	129482	211756
"2010.03.11"	"Thailand"	"Pattani"	3	1	4	2159	4153	6312	82277	129483	211760
"2010.03.11"	"Somalia"	"Mogadishu"	2	0	2	2161	4153	6314	82279	129483	211762
"2010.03.12"	"India"	"Srinagar"	1	0	1	2162	4153	6315	82280	129483	211763
"2010.03.12"	"Pakistan"	"Lahore"	62	85	147	2224	4238	6462	82342	129568	211910
"2010.03.12"	"Iraq"	"Karbalah"	2	3	5	2226	4241	6467	82344	129571	211915
"2010.03.12"	"Egypt"	"Marsa Matruh"	0	23	23	2226	4264	6490	82344	129594	211938
"2010.03.12"	"Thailand"	"Yala"	2	2	4	2228	4266	6494	82346	129596	211942
"2010.03.12"	"Iraq"	"Zoubaa"	1	1	2	2229	4267	6496	82347	129597	211944
"2010.03.13"	"Afghanistan"	"Kandahar"	35	52	87	2264	4319	6583	82382	129649	212031
"2010.03.13"	"Iraq"	"Baghdad"	3	19	22	2267	4338	6605	82385	129668	212053
"2010.03.13"	"Pakistan"	"Mohmand"	3	0	3	2270	4338	6608	82388	129668	212056
"2010.03.13"	"Pakistan"	"Mingora"	17	51	68	2287	4389	6676	82405	129719	212124
"2010.03.14"	"India"	"Srinagar"	1	5	6	2288	4394	6682	82406	129724	212130
"2010.03.14"	"Iraq"	"Mosul"	4	2	6	2292	4396	6688	82410	129726	212136
"2010.03.14"	"Iraq"	"Mosul"	1	0	1	2293	4396	6689	82411	129726	212137
"2010.03.14"	"Pakistan"	"Khyber"	2	0	2	2295	4396	6691	82413	129726	212139
"2010.03.14"	"Pakistan"	"Dera Ismail Khan"	1	0	1	2296	4396	6692	82414	129726	212140
"2010.03.14"	"Afghanistan"	"Marjah"	1	0	1	2297	4396	6693	82415	129726	212141
"2010.03.15"	"Iraq"	"Fallujah"	8	28	36	2305	4424	6729	82423	129754	212177
"2010.03.15"	"Afghanistan"	"Ghazni"	3	0	3	2308	4424	6732	82426	129754	212180
"2010.03.15"	"Iraq"	"Mosul"	3	2	5	2311	4426	6737	82429	129756	212185
"2010.03.15"	"Iraq"	"Khaldiya"	1	0	1	2312	4426	6738	82430	129756	212186
"2010.03.15"	"Somalia"	"Mahaday"	1	0	1	2313	4426	6739	82431	129756	212187
"2010.03.16"	"Pakistan"	"Kurram"	3	0	3	2316	4426	6742	82434	129756	212190
"2010.03.16"	"Iraq"	"Mussayab"	8	11	19	2324	4437	6761	82442	129767	212209
"2010.03.16"	"Thailand"	"Pattani"	1	1	2	2325	4438	6763	82443	129768	212211
"2010.03.16"	"Iraq"	"Mosul"	2	0	2	2327	4438	6765	82445	129768	212213
"2010.03.16"	"Thailand"	"Narathiwat"	1	1	2	2328	4439	6767	82446	129769	212215
"2010.03.16"	"India"	"Srinagar"	4	9	13	2332	4448	6780	82450	129778	212228
"2010.03.17"	"Dagestan"	"Vedeno"	3	2	5	2335	4450	6785	82453	129780	212233
"2010.03.17"	"Thailand"	"Yala"	1	2	3	2336	4452	6788	82454	129782	212236
"2010.03.17"	"Nigeria"	"Dyie"	13	6	19	2349	4458	6807	82467	129788	212255
"2010.03.17"	"Iraq"	"Mosul"	1	0	1	2350	4458	6808	82468	129788	212256
"2010.03.17"	"Pakistan"	"Khyber"	5	2	7	2355	4460	6815	82473	129790	212263
"2010.03.18"	"Israel"	"Netiv Haasara"	1	0	1	2356	4460	6816	82474	129790	212264
"2010.03.18"	"Iraq"	"Sherquat"	2	0	2	2358	4460	6818	82476	129790	212266
"2010.03.18"	"Iraq"	"Baghdad"	1	0	1	2359	4460	6819	82477	129790	212267
"2010.03.18"	"Iraq"	"Mosul"	2	1	3	2361	4461	6822	82479	129791	212270
"2010.03.18"	"Pakistan"	"Bajaur"	1	0	1	2362	4461	6823	82480	129791	212271
"2010.03.18"	"Pakistan"	"Mohmand"	1	0	1	2363	4461	6824	82481	129791	212272
"2010.03.18"	"Dagestan"	"Batayurt"	1	0	1	2364	4461	6825	82482	129791	212273
"2010.03.19"	"Thailand"	"Pattani"	1	0	1	2365	4461	6826	82483	129791	212274
"2010.03.19"	"Iraq"	"Baghdad"	4	7	11	2369	4468	6837	82487	129798	212285
"2010.03.19"	"Pakistan"	"Kurram"	2	3	5	2371	4471	6842	82489	129801	212290
"2010.03.20"	"Somalia"	"Kismayo"	1	0	1	2372	4471	6843	82490	129801	212291
"2010.03.20"	"Pakistan"	"Quetta"	4	0	4	2376	4471	6847	82494	129801	212295
"2010.03.20"	"Pakistan"	"Kurram"	1	6	7	2377	4477	6854	82495	129807	212302
"2010.03.20"	"Pakistan"	"Peshawar"	1	0	1	2378	4477	6855	82496	129807	212303
"2010.03.21"	"Iraq"	"Yusufiya"	3	5	8	2381	4482	6863	82499	129812	212311
"2010.03.21"	"Iraq"	"Mosul"	1	0	1	2382	4482	6864	82500	129812	212312
"2010.03.21"	"Pakistan"	"North Waziristan"	4	0	4	2386	4482	6868	82504	129812	212316
"2010.03.21"	"Afghanistan"	"Khost"	3	3	6	2389	4485	6874	82507	129815	212322
"2010.03.21"	"Iraq"	"Garma"	2	0	2	2391	4485	6876	82509	129815	212324
"2010.03.21"	"Afghanistan"	"Helmand"	10	7	17	2401	4492	6893	82519	129822	212341
"2010.03.21"	"Pakistan"	"Quetta"	4	5	9	2405	4497	6902	82523	129827	212350
"2010.03.22"	"Iraq"	"Radwaniya"	2	0	2	2407	4497	6904	82525	129827	212352
"2010.03.22"	"Iraq"	"Mosul"	1	0	1	2408	4497	6905	82526	129827	212353
"2010.03.22"	"Iraq"	"Baghdad"	2	0	2	2410	4497	6907	82528	129827	212355
"2010.03.22"	"Pakistan"	"Rawalpindi"	1	1	2	2411	4498	6909	82529	129828	212357
"2010.03.23"	"Iraq"	"Balad Ruz"	1	0	1	2412	4498	6910	82530	129828	212358
"2010.03.23"	"Pakistan"	"Orakzai"	1	0	1	2413	4498	6911	82531	129828	212359
"2010.03.23"	"Somalia"	"Afgoye"	1	0	1	2414	4498	6912	82532	129828	212360
"2010.03.24"	"Afghanistan"	"Kabul"	2	1	3	2416	4499	6915	82534	129829	212363
"2010.03.24"	"Afghanistan"	"Ghazni"	3	0	3	2419	4499	6918	82537	129829	212366
"2010.03.24"	"Afghanistan"	"Uruzgan"	2	0	2	2421	4499	6920	82539	129829	212368
"2010.03.24"	"Iraq"	"Radwaniya"	5	0	5	2426	4499	6925	82544	129829	212373
"2010.03.24"	"Iraq"	"Hit"	3	2	5	2429	4501	6930	82547	129831	212378
"2010.03.25"	"Iraq"	"Baghdad"	2	0	2	2431	4501	6932	82549	129831	212380
"2010.03.25"	"Afghanistan"	"Khost"	2	4	6	2433	4505	6938	82551	129835	212386
"2010.03.25"	"Iraq"	"Ramadi"	1	8	9	2434	4513	6947	82552	129843	212395
"2010.03.25"	"Iraq"	"Touz Khormato"	2	6	8	2436	4519	6955	82554	129849	212403
"2010.03.25"	"Iraq"	"Baghdad"	2	0	2	2438	4519	6957	82556	129849	212405
"2010.03.25"	"Pakistan"	"Orakzai"	2	0	2	2440	4519	6959	82558	129849	212407
"2010.03.26"	"Israel"	"Gaza Border"	2	2	4	2442	4521	6963	82560	129851	212411
"2010.03.26"	"Iraq"	"Khalis"	53	105	158	2495	4626	7121	82613	129956	212569
"2010.03.26"	"Afghanistan"	"Khost"	1	3	4	2496	4629	7125	82614	129959	212573
"2010.03.26"	"Germany"	"Berlin"	0	3	3	2496	4632	7128	82614	129962	212576
"2010.03.27"	"Afghanistan"	"Kabul"	6	7	13	2502	4639	7141	82620	129969	212589
"2010.03.27"	"Afghanistan"	"Helmand"	1	0	1	2503	4639	7142	82621	129969	212590
"2010.03.27"	"Somalia"	"Mogadishu"	4	2	6	2507	4641	7148	82625	129971	212596
"2010.03.27"	"Iraq"	"Saadiya"	3	1	4	2510	4642	7152	82628	129972	212600
"2010.03.28"	"Iraq"	"Mosul"	1	3	4	2511	4645	7156	82629	129975	212604
"2010.03.28"	"Iraq"	"Quaim"	6	24	30	2517	4669	7186	82635	129999	212634
"2010.03.28"	"Pakistan"	"Thal"	6	0	6	2523	4669	7192	82641	129999	212640
"2010.03.28"	"Somalia"	"Mogadishu"	1	0	1	2524	4669	7193	82642	129999	212641
"2010.03.29"	"Russia"	"Moscow"	38	102	140	2562	4771	7333	82680	130101	212781
"2010.03.29"	"Thailand"	"Yala"	1	0	1	2563	4771	7334	82681	130101	212782
"2010.03.29"	"Iraq"	"Kirkuk"	1	0	1	2564	4771	7335	82682	130101	212783
"2010.03.29"	"Pakistan"	"Tank"	1	2	3	2565	4773	7338	82683	130103	212786
"2010.03.29"	"Pakistan"	"Mamoond"	2	8	10	2567	4781	7348	82685	130111	212796
"2010.03.29"	"Iraq"	"Karbala"	12	74	86	2579	4855	7434	82697	130185	212882
"2010.03.29"	"Pakistan"	"Kurram"	3	0	3	2582	4855	7437	82700	130185	212885
"2010.03.29"	"Pakistan"	"Peshawar"	2	3	5	2584	4858	7442	82702	130188	212890
"2010.03.30"	"India"	"Hyderabad"	1	25	26	2585	4883	7468	82703	130213	212916
"2010.03.30"	"Iraq"	"Mosul"	2	0	2	2587	4883	7470	82705	130213	212918
"2010.03.30"	"Afghanistan"	"Herat"	5	2	7	2592	4885	7477	82710	130215	212925
"2010.03.31"	"Pakistan"	"Khyber"	6	20	26	2598	4905	7503	82716	130235	212951
"2010.03.31"	"Thailand"	"Pattani"	1	2	3	2599	4907	7506	82717	130237	212954
"2010.03.31"	"Afghanistan"	"Lashkar Gah"	13	43	56	2612	4950	7562	82730	130280	213010
"2010.03.31"	"Dagestan"	"Kizlyar"	12	23	35	2624	4973	7597	82742	130303	213045
"2010.03.31"	"Iraq"	"Mosul"	2	0	2	2626	4973	7599	82744	130303	213047
"2010.03.31"	"Thailand"	"Pattani"	1	0	1	2627	4973	7600	82745	130303	213048
"2010.04.01"	"Thailand"	"Narathiwat"	6	10	16	2633	4983	7616	82751	130313	213064
"2010.04.01"	"Pakistan"	"Faisalabad"	3	0	3	2636	4983	7619	82754	130313	213067
"2010.04.01"	"Iraq"	"Baghdad"	2	0	2	2638	4983	7621	82756	130313	213069
"2010.04.02"	"Iraq"	"Hor Rajib"	25	6	31	2663	4989	7652	82781	130319	213100
"2010.04.02"	"Iraq"	"Jalawla"	2	1	3	2665	4990	7655	82783	130320	213103
"2010.04.02"	"Afghanistan"	"Khost"	3	0	3	2668	4990	7658	82786	130320	213106
"2010.04.02"	"Pakistan"	"Kurram"	1	1	2	2669	4991	7660	82787	130321	213108
"2010.04.02"	"India"	"Rajouri"	1	0	1	2670	4991	7661	82788	130321	213109
"2010.04.02"	"Somalia"	"Mogadishu"	20	62	82	2690	5053	7743	82808	130383	213191
"2010.04.03"	"Algeria"	"Tifra"	8	4	12	2698	5057	7755	82816	130387	213203
"2010.04.03"	"Afghanistan"	"Helmand"	3	0	3	2701	5057	7758	82819	130387	213206
"2010.04.03"	"Dagestan"	"Kizlyar"	1	0	1	2702	5057	7759	82820	130387	213207
"2010.04.03"	"Afghanistan"	"Marja"	2	4	6	2704	5061	7765	82822	130391	213213
"2010.04.03"	"Iraq"	"Baghdad"	41	237	278	2745	5298	8043	82863	130628	213491
"2010.04.04"	"Pakistan"	"Punjab"	0	10	10	2745	5308	8053	82863	130638	213501
"2010.04.04"	"Thailand"	"Narathiwat"	3	9	12	2748	5317	8065	82866	130647	213513
"2010.04.04"	"Iraq"	"Mosul"	3	40	43	2751	5357	8108	82869	130687	213556
"2010.04.04"	"Pakistan"	"Mohmand"	3	0	3	2754	5357	8111	82872	130687	213559
"2010.04.05"	"Ingushetia"	"Karabulak"	2	1	3	2756	5358	8114	82874	130688	213562
"2010.04.05"	"Pakistan"	"Timergarah"	55	80	135	2811	5438	8249	82929	130768	213697
"2010.04.05"	"Pakistan"	"Peshawar"	4	18	22	2815	5456	8271	82933	130786	213719
"2010.04.05"	"Iraq"	"Baghdad"	6	0	6	2821	5456	8277	82939	130786	213725
"2010.04.05"	"Nigeria"	"Jos"	3	12	15	2824	5468	8292	82942	130798	213740
"2010.04.05"	"Pakistan"	"Nasirabad"	2	0	2	2826	5468	8294	82944	130798	213742
"2010.04.05"	"Iraq"	"al-Shalamija"	2	2	4	2828	5470	8298	82946	130800	213746
"2010.04.06"	"Iraq"	"Baghdad"	50	187	237	2878	5657	8535	82996	130987	213983
"2010.04.07"	"Afghanistan"	"Jalalabad"	1	15	16	2879	5672	8551	82997	131002	213999
"2010.04.07"	"Iraq"	"Mosul"	2	4	6	2881	5676	8557	82999	131006	214005
"2010.04.07"	"Pakistan"	"Hangu"	2	0	2	2883	5676	8559	83001	131006	214007
"2010.04.07"	"India"	"Kupwara"	1	1	2	2884	5677	8561	83002	131007	214009
"2010.04.07"	"Algeria"	"Boumerdes"	1	2	3	2885	5679	8564	83003	131009	214012
"2010.04.07"	"Russia"	"Baksan"	2	0	2	2887	5679	8566	83005	131009	214014
"2010.04.08"	"Iraq"	"Khalis"	2	0	2	2889	5679	8568	83007	131009	214016
"2010.04.08"	"Nigeria"	"Dakyo"	2	0	2	2891	5679	8570	83009	131009	214018
"2010.04.08"	"Iraq"	"Shabak"	1	1	2	2892	5680	8572	83010	131010	214020
"2010.04.09"	"Iraq"	"Mosul"	2	0	2	2894	5680	8574	83012	131010	214022
"2010.04.09"	"Ingushetia"	"Ekazhevo"	1	0	1	2895	5680	8575	83013	131010	214023
"2010.04.10"	"Afghanistan"	"Kandahar"	2	3	5	2897	5683	8580	83015	131013	214028
"2010.04.10"	"Afghanistan"	"Herat"	3	8	11	2900	5691	8591	83018	131021	214039
"2010.04.10"	"Iraq"	"Qayara"	3	0	3	2903	5691	8594	83021	131021	214042
"2010.04.10"	"Iraq"	"Fallujah"	1	4	5	2904	5695	8599	83022	131025	214047
"2010.04.10"	"Russia"	"Nalchik"	1	0	1	2905	5695	8600	83023	131025	214048
"2010.04.10"	"Iraq"	"Mosul"	2	0	2	2907	5695	8602	83025	131025	214050
"2010.04.11"	"Iraq"	"Udhaim"	3	1	4	2910	5696	8606	83028	131026	214054
"2010.04.11"	"Pakistan"	"Mardan"	1	2	3	2911	5698	8609	83029	131028	214057
"2010.04.12"	"Afghanistan"	"Faryab"	4	2	6	2915	5700	8615	83033	131030	214063
"2010.04.12"	"Afghanistan"	"Kabul"	3	4	7	2918	5704	8622	83036	131034	214070
"2010.04.12"	"Somalia"	"Mogadishu"	6	10	16	2924	5714	8638	83042	131044	214086
"2010.04.12"	"Somalia"	"Mogadishu"	1	0	1	2925	5714	8639	83043	131044	214087
"2010.04.12"	"Iraq"	"Mosul"	3	15	18	2928	5729	8657	83046	131059	214105
"2010.04.12"	"Iraq"	"Baghdad"	5	12	17	2933	5741	8674	83051	131071	214122
"2010.04.13"	"Iraq"	"Baghdad"	3	5	8	2936	5746	8682	83054	131076	214130
"2010.04.13"	"Philippines"	"Isabela"	9	7	16	2945	5753	8698	83063	131083	214146
"2010.04.13"	"Afghanistan"	"Kandahar"	1	0	1	2946	5753	8699	83064	131083	214147
"2010.04.13"	"Pakistan"	"Sargodha"	0	1	1	2946	5754	8700	83064	131084	214148
"2010.04.14"	"Iraq"	"Baghdad"	2	6	8	2948	5760	8708	83066	131090	214156
"2010.04.14"	"Iraq"	"Mosul"	2	0	2	2950	5760	8710	83068	131090	214158
"2010.04.14"	"Indonesia"	"Jarkata"	3	156	159	2953	5916	8869	83071	131246	214317
"2010.04.14"	"Thailand"	"Narathiwat"	1	0	1	2954	5916	8870	83072	131246	214318
"2010.04.14"	"USA"	"Marquette Park"	5	2	7	2959	5918	8877	83077	131248	214325
"2010.04.15"	"Turkey"	"Istanbul"	1	0	1	2960	5918	8878	83078	131248	214326
"2010.04.15"	"Nigeria"	"Boto"	2	0	2	2962	5918	8880	83080	131248	214328
"2010.04.15"	"Thailand"	"Pattani"	2	1	3	2964	5919	8883	83082	131249	214331
"2010.04.15"	"Iraq"	"Samarrah"	14	0	14	2978	5919	8897	83096	131249	214345
"2010.04.15"	"Iraq"	"Mosul"	4	0	4	2982	5919	8901	83100	131249	214349
"2010.04.15"	"Pakistan"	"Mingora"	2	0	2	2984	5919	8903	83102	131249	214351
"2010.04.15"	"Yemen"	"Shabwa"	2	1	3	2986	5920	8906	83104	131250	214354
"2010.04.15"	"Afghanistan"	"Kandahar"	6	16	22	2992	5936	8928	83110	131266	214376
"2010.04.15"	"Chechnya"	"Achkhoi-Martan"	3	1	4	2995	5937	8932	83113	131267	214380
"2010.04.15"	"Dagestan"	"Krasny Voskhod"	1	0	1	2996	5937	8933	83114	131267	214381
"2010.04.16"	"Pakistan"	"Quetta"	10	35	45	3006	5972	8978	83124	131302	214426
"2010.04.16"	"Iraq"	"Baaj"	2	0	2	3008	5972	8980	83126	131302	214428
"2010.04.17"	"Iraq"	"Basra"	1	2	3	3009	5974	8983	83127	131304	214431
"2010.04.17"	"Pakistan"	"Kohat"	41	62	103	3050	6036	9086	83168	131366	214534
"2010.04.18"	"Iran"	"Urmiye Prison"	2	0	2	3052	6036	9088	83170	131366	214536
"2010.04.18"	"Somalia"	"Mogadishu"	16	24	40	3068	6060	9128	83186	131390	214576
"2010.04.18"	"Pakistan"	"Peshawar"	7	26	33	3075	6086	9161	83193	131416	214609
"2010.04.18"	"Iraq"	"Mosul"	4	0	4	3079	6086	9165	83197	131416	214613
"2010.04.18"	"Iraq"	"Bartala"	1	0	1	3080	6086	9166	83198	131416	214614
"2010.04.19"	"Nigeria"	"Riyom"	4	0	4	3084	6086	9170	83202	131416	214618
"2010.04.19"	"Iraq"	"Baqubah"	2	2	4	3086	6088	9174	83204	131418	214622
"2010.04.19"	"Pakistan"	"Swat"	2	3	5	3088	6091	9179	83206	131421	214627
"2010.04.19"	"Pakistan"	"Landikotal"	1	1	2	3089	6092	9181	83207	131422	214629
"2010.04.19"	"Afghanistan"	"Kandahar"	1	0	1	3090	6092	9182	83208	131422	214630
"2010.04.19"	"Pakistan"	"Peshawar"	1	15	16	3091	6107	9198	83209	131437	214646
"2010.04.19"	"Pakistan"	"Peshawar"	25	48	73	3116	6155	9271	83234	131485	214719
"2010.04.19"	"Afghanistan"	"Kandahar"	3	4	7	3119	6159	9278	83237	131489	214726
"2010.04.19"	"Afghanistan"	"Kabul"	2	6	8	3121	6165	9286	83239	131495	214734
"2010.04.20"	"Dagestan"	"Makhachkala"	3	0	3	3124	6165	9289	83242	131495	214737
"2010.04.20"	"Iraq"	"Tarmiyah"	5	0	5	3129	6165	9294	83247	131495	214742
"2010.04.20"	"Iraq"	"Hit"	3	0	3	3132	6165	9297	83250	131495	214745
"2010.04.20"	"Pakistan"	"Hangu"	4	12	16	3136	6177	9313	83254	131507	214761
"2010.04.20"	"Pal. Auth."	"Surif"	1	0	1	3137	6177	9314	83255	131507	214762
"2010.04.21"	"Thailand"	"Pattani"	2	52	54	3139	6229	9368	83257	131559	214816
"2010.04.21"	"Somalia"	"Mogadishu"	5	0	5	3144	6229	9373	83262	131559	214821
"2010.04.21"	"Iraq"	"Baghdad"	2	0	2	3146	6229	9375	83264	131559	214823
"2010.04.21"	"Iraq"	"Baqubah"	3	14	17	3149	6243	9392	83267	131573	214840
"2010.04.21"	"India"	"Jammu"	1	0	1	3150	6243	9393	83268	131573	214841
"2010.04.21"	"Pakistan"	"Khyber"	1	4	5	3151	6247	9398	83269	131577	214846
"2010.04.21"	"Thailand"	"Pattani"	1	0	1	3152	6247	9399	83270	131577	214847
"2010.04.21"	"Thailand"	"Narathiwat"	1	0	1	3153	6247	9400	83271	131577	214848
"2010.04.21"	"Pakistan"	"Sargodha"	1	1	2	3154	6248	9402	83272	131578	214850
"2010.04.22"	"Thailand"	"Narathiwat"	1	0	1	3155	6248	9403	83273	131578	214851
"2010.04.22"	"Iraq"	"Souz"	1	3	4	3156	6251	9407	83274	131581	214855
"2010.04.22"	"Pakistan"	"Charsadda"	4	0	4	3160	6251	9411	83278	131581	214859
"2010.04.23"	"Pakistan"	"Datta Khel"	7	16	23	3167	6267	9434	83285	131597	214882
"2010.04.23"	"Iraq"	"Baghdad"	69	303	372	3236	6570	9806	83354	131900	215254
"2010.04.23"	"Pakistan"	"Miranshah"	4	0	4	3240	6570	9810	83358	131900	215258
"2010.04.23"	"England"	"Leicester"	0	1	1	3240	6571	9811	83358	131901	215259
"2010.04.24"	"Nigeria"	"Jos"	5	0	5	3245	6571	9816	83363	131901	215264
"2010.04.24"	"Pakistan"	"Akwal"	3	1	4	3248	6572	9820	83366	131902	215268
"2010.04.24"	"Somalia"	"Mogadishu"	2	2	4	3250	6574	9824	83368	131904	215272
"2010.04.24"	"Iraq"	"Mosul"	3	0	3	3253	6574	9827	83371	131904	215275
"2010.04.24"	"Iraq"	"Baghdad"	3	19	22	3256	6593	9849	83374	131923	215297
"2010.04.24"	"Pakistan"	"Karachi"	1	0	1	3257	6593	9850	83375	131923	215298
"2010.04.25"	"Thailand"	"Pattani"	1	4	5	3258	6597	9855	83376	131927	215303
"2010.04.25"	"Afghanistan"	"Zabul"	4	12	16	3262	6609	9871	83380	131939	215319
"2010.04.26"	"Iraq"	"Baqubah"	2	7	9	3264	6616	9880	83382	131946	215328
"2010.04.26"	"Iraq"	"Fallujah"	3	2	5	3267	6618	9885	83385	131948	215333
"2010.04.26"	"India"	"Budgam"	1	1	2	3268	6619	9887	83386	131949	215335
"2010.04.26"	"Afghanistan"	"Kunduz"	3	4	7	3271	6623	9894	83389	131953	215342
"2010.04.27"	"Afghanistan"	"Kandahar"	3	35	38	3274	6658	9932	83392	131988	215380
"2010.04.27"	"Somalia"	"Mogadishu"	2	8	10	3276	6666	9942	83394	131996	215390
"2010.04.27"	"Iraq"	"Baghdad"	2	12	14	3278	6678	9956	83396	132008	215404
"2010.04.27"	"Iraq"	"Kirkuk"	1	1	2	3279	6679	9958	83397	132009	215406
"2010.04.27"	"Somalia"	"Afgoi"	1	0	1	3280	6679	9959	83398	132009	215407
"2010.04.27"	"Iraq"	"Baghdad"	4	2	6	3284	6681	9965	83402	132011	215413
"2010.04.28"	"Yemen"	"Damaj"	4	0	4	3288	6681	9969	83406	132011	215417
"2010.04.28"	"Thailand"	"Pattani"	1	2	3	3289	6683	9972	83407	132013	215420
"2010.04.28"	"Pakistan"	"Peshawar"	4	15	19	3293	6698	9991	83411	132028	215439
"2010.04.28"	"Afghanistan"	"Khost"	12	0	12	3305	6698	10003	83423	132028	215451
"2010.04.28"	"Iraq"	"Baghdad"	6	18	24	3311	6716	10027	83429	132046	215475
"2010.04.28"	"Pakistan"	"Quetta"	1	0	1	3312	6716	10028	83430	132046	215476
"2010.04.29"	"Iraq"	"Baghdad"	8	20	28	3320	6736	10056	83438	132066	215504
"2010.04.29"	"Dagestan"	"Kazbekovsky"	2	17	19	3322	6753	10075	83440	132083	215523
"2010.04.29"	"Iraq"	"Baghdad"	1	0	1	3323	6753	10076	83441	132083	215524
"2010.04.29"	"Somalia"	"El Bahay"	6	10	16	3329	6763	10092	83447	132093	215540
"2010.04.30"	"France"	"Strasbourg"	0	1	1	3329	6764	10093	83447	132094	215541
"2010.04.30"	"India"	"Batamaloo"	1	0	1	3330	6764	10094	83448	132094	215542
"2010.04.30"	"Iraq"	"Garma"	3	10	13	3333	6774	10107	83451	132104	215555
"2010.04.30"	"Pakistan"	"Karam Kot"	1	0	1	3334	6774	10108	83452	132104	215556
"2010.04.30"	"Pakistan"	"Karachi"	1	5	6	3335	6779	10114	83453	132109	215562
"2010.05.01"	"Iraq"	"Baghdad"	3	2	5	3338	6781	10119	83456	132111	215567
"2010.05.01"	"Iraq"	"Mosul"	1	0	1	3339	6781	10120	83457	132111	215568
"2010.05.01"	"Pakistan"	"Swat"	3	12	15	3342	6793	10135	83460	132123	215583
"2010.05.01"	"Russia"	"Nalchik"	1	29	30	3343	6822	10165	83461	132152	215613
"2010.05.01"	"Somalia"	"Mogadishu"	45	70	115	3388	6892	10280	83506	132222	215728
"2010.05.02"	"Afghanistan"	"Paktia"	8	14	22	3396	6906	10302	83514	132236	215750
"2010.05.02"	"Somalia"	"Kismayo"	2	12	14	3398	6918	10316	83516	132248	215764
"2010.05.02"	"Iraq"	"Mosul"	4	171	175	3402	7089	10491	83520	132419	215939
"2010.05.02"	"Pakistan"	"Swat"	1	3	4	3403	7092	10495	83521	132422	215943
"2010.05.03"	"Iraq"	"Sharqat"	2	4	6	3405	7096	10501	83523	132426	215949
"2010.05.03"	"Iraq"	"Kirkuk"	1	0	1	3406	7096	10502	83524	132426	215950
"2010.05.03"	"Afghanistan"	"Khost"	1	2	3	3407	7098	10505	83525	132428	215953
"2010.05.04"	"Afghanistan"	"Kunduz"	3	0	3	3410	7098	10508	83528	132428	215956
"2010.05.04"	"Iraq"	"Mosul"	3	0	3	3413	7098	10511	83531	132428	215959
"2010.05.04"	"Somalia"	"Hawa Abdi"	1	0	1	3414	7098	10512	83532	132428	215960
"2010.05.04"	"Somalia"	"Xarardheere"	1	0	1	3415	7098	10513	83533	132428	215961
"2010.05.05"	"Somalia"	"Mogadishu"	1	0	1	3416	7098	10514	83534	132428	215962
"2010.05.05"	"Afghanistan"	"Nimruz"	4	15	19	3420	7113	10533	83538	132443	215981
"2010.05.05"	"Iraq"	"Mosul"	2	1	3	3422	7114	10536	83540	132444	215984
"2010.05.05"	"Iraq"	"Ameriya"	4	0	4	3426	7114	10540	83544	132444	215988
"2010.05.05"	"Iraq"	"Mosul"	1	0	1	3427	7114	10541	83545	132444	215989
"2010.05.06"	"Thailand"	"Yala"	1	0	1	3428	7114	10542	83546	132444	215990
"2010.05.06"	"Iraq"	"Baghdad"	2	4	6	3430	7118	10548	83548	132448	215996
"2010.05.06"	"India"	"Rafiabad"	2	0	2	3432	7118	10550	83550	132448	215998
"2010.05.06"	"Pakistan"	"Bahawalnagar"	1	0	1	3433	7118	10551	83551	132448	215999
"2010.05.06"	"Pakistan"	"Cantt"	1	0	1	3434	7118	10552	83552	132448	216000
"2010.05.07"	"Dagestan"	"Derbent"	1	5	6	3435	7123	10558	83553	132453	216006
"2010.05.07"	"Pakistan"	"Ghazi Kot"	4	1	5	3439	7124	10563	83557	132454	216011
"2010.05.07"	"Somalia"	"Shabelle"	4	10	14	3443	7134	10577	83561	132464	216025
"2010.05.07"	"Iraq"	"Rashad"	3	4	7	3446	7138	10584	83564	132468	216032
"2010.05.07"	"Iraq"	"Mosul"	1	0	1	3447	7138	10585	83565	132468	216033
"2010.05.08"	"Iraq"	"Amirli"	3	5	8	3450	7143	10593	83568	132473	216041
"2010.05.08"	"Iraq"	"Mosul"	3	2	5	3453	7145	10598	83571	132475	216046
"2010.05.08"	"Afghanistan"	"Herat"	4	0	4	3457	7145	10602	83575	132475	216050
"2010.05.09"	"Philippines"	"Cotabato"	1	9	10	3458	7154	10612	83576	132484	216060
"2010.05.09"	"Iraq"	"Mosul"	1	0	1	3459	7154	10613	83577	132484	216061
"2010.05.09"	"India"	"Ganderbal"	1	0	1	3460	7154	10614	83578	132484	216062
"2010.05.09"	"Iraq"	"Tehran"	5	0	5	3465	7154	10619	83583	132484	216067
"2010.05.10"	"Iraq"	"Baghdad"	114	350	464	3579	7504	11083	83697	132834	216531
"2010.05.10"	"Pakistan"	"Karachi"	1	0	1	3580	7504	11084	83698	132834	216532
"2010.05.10"	"Pakistan"	"Orakzai"	9	5	14	3589	7509	11098	83707	132839	216546
"2010.05.10"	"Switzerland"	"Hongg"	1	0	1	3590	7509	11099	83708	132839	216547
"2010.05.11"	"Afghanistan"	"Kandahar"	1	0	1	3591	7509	11100	83709	132839	216548
"2010.05.11"	"Iraq"	"Baghdad"	5	16	21	3596	7525	11121	83714	132855	216569
"2010.05.12"	"Iraq"	"Baghdad"	9	39	48	3605	7564	11169	83723	132894	216617
"2010.05.12"	"Pakistan"	"North Waziristan"	2	0	2	3607	7564	11171	83725	132894	216619
"2010.05.12"	"Afghanistan"	"Uruzgan"	3	0	3	3610	7564	11174	83728	132894	216622
"2010.05.12"	"Afghanistan"	"Kandahar"	1	0	1	3611	7564	11175	83729	132894	216623
"2010.05.12"	"Iraq"	"Baghdad"	7	22	29	3618	7586	11204	83736	132916	216652
"2010.05.12"	"Pakistan"	"Chaman"	2	2	4	3620	7588	11208	83738	132918	216656
"2010.05.12"	"Pakistan"	"Peshawar"	3	3	6	3623	7591	11214	83741	132921	216662
"2010.05.12"	"Somalia"	"Mogadishu"	1	5	6	3624	7596	11220	83742	132926	216668
"2010.05.13"	"Dagestan"	"Makhachkala"	8	4	12	3632	7600	11232	83750	132930	216680
"2010.05.13"	"Iraq"	"Baghdad"	5	12	17	3637	7612	11249	83755	132942	216697
"2010.05.13"	"Pakistan"	"Karachi"	1	0	1	3638	7612	11250	83756	132942	216698
"2010.05.14"	"Afghanistan"	"Ghazni"	5	0	5	3643	7612	11255	83761	132942	216703
"2010.05.14"	"Iraq"	"Jbala"	0	20	20	3643	7632	11275	83761	132962	216723
"2010.05.14"	"Iraq"	"Baghdad"	4	8	12	3647	7640	11287	83765	132970	216735
"2010.05.14"	"Iraq"	"Mosul"	1	0	1	3648	7640	11288	83766	132970	216736
"2010.05.14"	"Thailand"	"Narathiwat"	1	0	1	3649	7640	11289	83767	132970	216737
"2010.05.14"	"Iraq"	"Tal Afar"	25	108	133	3674	7748	11422	83792	133078	216870
"2010.05.14"	"India"	"Hyderabad"	1	0	1	3675	7748	11423	83793	133078	216871
"2010.05.14"	"India"	"Srinagar"	1	5	6	3676	7753	11429	83794	133083	216877
"2010.05.15"	"Iraq"	"Mosul"	3	0	3	3679	7753	11432	83797	133083	216880
"2010.05.15"	"Afghanistan"	"Khost"	4	0	4	3683	7753	11436	83801	133083	216884
"2010.05.15"	"Yemen"	"Hibailin"	1	2	3	3684	7755	11439	83802	133085	216887
"2010.05.16"	"Afghanistan"	"Kunar"	3	0	3	3687	7755	11442	83805	133085	216890
"2010.05.16"	"Afghanistan"	"Kandahar"	1	0	1	3688	7755	11443	83806	133085	216891
"2010.05.16"	"Somalia"	"Mogadishu"	16	31	47	3704	7786	11490	83822	133116	216938
"2010.05.16"	"Afghanistan"	"Herat"	2	2	4	3706	7788	11494	83824	133118	216942
"2010.05.17"	"Iraq"	"Sadiyah"	1	0	1	3707	7788	11495	83825	133118	216943
"2010.05.17"	"Thailand"	"Pattani"	1	0	1	3708	7788	11496	83826	133118	216944
"2010.05.17"	"Thailand"	"Yala"	1	0	1	3709	7788	11497	83827	133118	216945
"2010.05.17"	"Iraq"	"al-Bushaneen"	1	0	1	3710	7788	11498	83828	133118	216946
"2010.05.17"	"Pakistan"	"Tank"	1	0	1	3711	7788	11499	83829	133118	216947
"2010.05.18"	"Iraq"	"Yathrib"	2	1	3	3713	7789	11502	83831	133119	216950
"2010.05.18"	"India"	"Poonch"	2	3	5	3715	7792	11507	83833	133122	216955
"2010.05.18"	"Afghanistan"	"Kabul"	1	9	10	3716	7801	11517	83834	133131	216965
"2010.05.18"	"Afghanistan"	"Kabul"	18	47	65	3734	7848	11582	83852	133178	217030
"2010.05.18"	"Pakistan"	"Dera Ismail Khan"	14	17	31	3748	7865	11613	83866	133195	217061
"2010.05.19"	"Thailand"	"Yala"	1	0	1	3749	7865	11614	83867	133195	217062
"2010.05.19"	"Russia"	"Dagestan"	3	0	3	3752	7865	11617	83870	133195	217065
"2010.05.19"	"Algeria"	"Boumerdes"	2	18	20	3754	7883	11637	83872	133213	217085
"2010.05.19"	"Iraq"	"Mosul"	2	1	3	3756	7884	11640	83874	133214	217088
"2010.05.19"	"Iraq"	"Mussayab"	6	19	25	3762	7903	11665	83880	133233	217113
"2010.05.19"	"Philippines"	"Basilan"	2	2	4	3764	7905	11669	83882	133235	217117
"2010.05.19"	"Somalia"	"Mogadishu"	1	0	1	3765	7905	11670	83883	133235	217118
"2010.05.19"	"Somalia"	"Mogadishu"	2	0	2	3767	7905	11672	83885	133235	217120
"2010.05.20"	"Thailand"	"Yala"	1	0	1	3768	7905	11673	83886	133235	217121
"2010.05.20"	"Iraq"	"Mosul"	3	8	11	3771	7913	11684	83889	133243	217132
"2010.05.20"	"Pakistan"	"North Waziristan"	2	0	2	3773	7913	11686	83891	133243	217134
"2010.05.20"	"Thailand"	"Narathiwat"	1	0	1	3774	7913	11687	83892	133243	217135
"2010.05.21"	"Somalia"	"Mogadishu"	3	5	8	3777	7918	11695	83895	133248	217143
"2010.05.21"	"Iraq"	"Diyala"	35	69	104	3812	7987	11799	83930	133317	217247
"2010.05.21"	"Thailand"	"Pattani"	1	0	1	3813	7987	11800	83931	133317	217248
"2010.05.21"	"Iraq"	"Muqdadiya"	4	1	5	3817	7988	11805	83935	133318	217253
"2010.05.21"	"Pakistan"	"Mir Ali"	1	0	1	3818	7988	11806	83936	133318	217254
"2010.05.22"	"Afghanistan"	"Kandahar"	3	0	3	3821	7988	11809	83939	133318	217257
"2010.05.22"	"Russia"	"Prokladnyi"	3	0	3	3824	7988	11812	83942	133318	217260
"2010.05.22"	"Iraq"	"Mosul"	2	4	6	3826	7992	11818	83944	133322	217266
"2010.05.22"	"Pakistan"	"Baizai"	1	3	4	3827	7995	11822	83945	133325	217270
"2010.05.22"	"Pakistan"	"FATA"	1	0	1	3828	7995	11823	83946	133325	217271
"2010.05.22"	"Somalia"	"Mogadishu"	20	55	75	3848	8050	11898	83966	133380	217346
"2010.05.22"	"Thailand"	"Narathiwat"	2	0	2	3850	8050	11900	83968	133380	217348
"2010.05.22"	"Thailand"	"Yala"	2	0	2	3852	8050	11902	83970	133380	217350
"2010.05.23"	"Nigeria"	"Jos"	2	0	2	3854	8050	11904	83972	133380	217352
"2010.05.23"	"India"	"Sopore"	1	0	1	3855	8050	11905	83973	133380	217353
"2010.05.24"	"Iraq"	"Ramadi"	1	0	1	3856	8050	11906	83974	133380	217354
"2010.05.24"	"Afghanistan"	"Farah"	5	8	13	3861	8058	11919	83979	133388	217367
"2010.05.24"	"Afghanistan"	"Khost"	6	0	6	3867	8058	11925	83985	133388	217373
"2010.05.24"	"Afghanistan"	"Faryab"	1	2	3	3868	8060	11928	83986	133390	217376
"2010.05.24"	"Iraq"	"Mosul"	2	1	3	3870	8061	11931	83988	133391	217379
"2010.05.24"	"Iraq"	"Mosul"	1	0	1	3871	8061	11932	83989	133391	217380
"2010.05.24"	"Pakistan"	"Quetta"	2	15	17	3873	8076	11949	83991	133406	217397
"2010.05.25"	"Iraq"	"Baghdad"	15	3	18	3888	8079	11967	84006	133409	217415
"2010.05.25"	"Philippines"	"Talipao"	3	3	6	3891	8082	11973	84009	133412	217421
"2010.05.26"	"Somalia"	"Mogadishu"	6	20	26	3897	8102	11999	84015	133432	217447
"2010.05.26"	"Russia"	"Starvropol"	7	40	47	3904	8142	12046	84022	133472	217494
"2010.05.26"	"Thailand"	"Yala"	2	52	54	3906	8194	12100	84024	133524	217548
"2010.05.26"	"Iraq"	"Mosul"	3	0	3	3909	8194	12103	84027	133524	217551
"2010.05.26"	"Pakistan"	"Lahore"	1	0	1	3910	8194	12104	84028	133524	217552
"2010.05.27"	"Pakistan"	"Bajur"	3	1	4	3913	8195	12108	84031	133525	217556
"2010.05.27"	"Iraq"	"Mosul"	1	11	12	3914	8206	12120	84032	133536	217568
"2010.05.28"	"Pakistan"	"Faisalabad"	0	5	5	3914	8211	12125	84032	133541	217573
"2010.05.28"	"Somalia"	"Mogadishu"	3	1	4	3917	8212	12129	84035	133542	217577
"2010.05.28"	"Pakistan"	"Lahore"	98	110	208	4015	8322	12337	84133	133652	217785
"2010.05.28"	"Pakistan"	"Karachi"	1	0	1	4016	8322	12338	84134	133652	217786
"2010.05.28"	"Pakistan"	"Quetta"	4	0	4	4020	8322	12342	84138	133652	217790
"2010.05.29"	"Iraq"	"Mosul"	2	0	2	4022	8322	12344	84140	133652	217792
"2010.05.29"	"Pakistan"	"Lahore"	3	1	4	4025	8323	12348	84143	133653	217796
"2010.05.29"	"Dagestan"	"Kaspiysk"	1	2	3	4026	8325	12351	84144	133655	217799
"2010.05.30"	"Afghanistan"	"Badakhshan"	7	1	8	4033	8326	12359	84151	133656	217807
"2010.05.30"	"Thailand"	"Pattani"	1	0	1	4034	8326	12360	84152	133656	217808
"2010.05.30"	"Iraq"	"Mosul"	1	3	4	4035	8329	12364	84153	133659	217812
"2010.05.30"	"Afghanistan"	"Khost"	19	23	42	4054	8352	12406	84172	133682	217854
"2010.05.30"	"Dagestan"	"Botayurt"	1	1	2	4055	8353	12408	84173	133683	217856
"2010.05.31"	"Iraq"	"Baghdad"	2	10	12	4057	8363	12420	84175	133693	217868
"2010.05.31"	"Pakistan"	"Quetta"	2	0	2	4059	8363	12422	84177	133693	217870
"2010.05.31"	"Ingushetia"	"Malgobek"	1	2	3	4060	8365	12425	84178	133695	217873
"2010.05.31"	"Pakistan"	"Lahore"	6	6	12	4066	8371	12437	84184	133701	217885
"2010.05.31"	"Jordan"	"Amman"	1	0	1	4067	8371	12438	84185	133701	217886
"2010.06.01"	"Pakistan"	"Muslimabad"	2	0	2	4069	8371	12440	84187	133701	217888
"2010.06.01"	"Iraq"	"Mosul"	3	1	4	4072	8372	12444	84190	133702	217892
"2010.06.01"	"Pakistan"	"Mohmand"	3	0	3	4075	8372	12447	84193	133702	217895
"2010.06.01"	"Pakistan"	"Karachi"	1	0	1	4076	8372	12448	84194	133702	217896
"2010.06.02"	"Iraq"	"Abu Ghraib"	1	3	4	4077	8375	12452	84195	133705	217900
"2010.06.02"	"Iraq"	"Mosul"	1	0	1	4078	8375	12453	84196	133705	217901
"2010.06.02"	"Afghanistan"	"Marjah"	4	0	4	4082	8375	12457	84200	133705	217905
"2010.06.02"	"Afghanistan"	"Nawzad"	4	0	4	4086	8375	12461	84204	133705	217909
"2010.06.02"	"Dagestan"	"Gubden"	1	0	1	4087	8375	12462	84205	133705	217910
"2010.06.03"	"Pakistan"	"Sahiwal"	0	3	3	4087	8378	12465	84205	133708	217913
"2010.06.03"	"Pakistan"	"Quetta"	2	0	2	4089	8378	12467	84207	133708	217915
"2010.06.03"	"Iraq"	"Sinjar"	4	14	18	4093	8392	12485	84211	133722	217933
"2010.06.03"	"Turkey"	"Iskenderun"	1	0	1	4094	8392	12486	84212	133722	217934
"2010.06.03"	"Iraq"	"Abu Ghraib"	8	0	8	4102	8392	12494	84220	133722	217942
"2010.06.03"	"Thailand"	"Pattani"	1	0	1	4103	8392	12495	84221	133722	217943
"2010.06.03"	"Somalia"	"Mogadishu"	2	5	7	4105	8397	12502	84223	133727	217950
"2010.06.04"	"Philippines"	"Basilan"	3	0	3	4108	8397	12505	84226	133727	217953
"2010.06.04"	"Ingushetia"	"Sagapshi"	2	21	23	4110	8418	12528	84228	133748	217976
"2010.06.04"	"Ingushetia"	"Malgobek"	1	16	17	4111	8434	12545	84229	133764	217993
"2010.06.04"	"Dagestan"	"Makhachkala"	1	1	2	4112	8435	12547	84230	133765	217995
"2010.06.04"	"Iraq"	"Missan"	2	2	4	4114	8437	12551	84232	133767	217999
"2010.06.04"	"Iraq"	"Mosul"	2	4	6	4116	8441	12557	84234	133771	218005
"2010.06.04"	"Pakistan"	"Miranshah"	1	0	1	4117	8441	12558	84235	133771	218006
"2010.06.04"	"Pakistan"	"Datta Khel"	1	0	1	4118	8441	12559	84236	133771	218007
"2010.06.04"	"Philippines"	"Sumisip"	2	1	3	4120	8442	12562	84238	133772	218010
"2010.06.05"	"Iraq"	"Mosul"	2	0	2	4122	8442	12564	84240	133772	218012
"2010.06.05"	"Pakistan"	"Khyber"	2	0	2	4124	8442	12566	84242	133772	218014
"2010.06.05"	"Yemen"	"Marib"	3	0	3	4127	8442	12569	84245	133772	218017
"2010.06.05"	"Afghanistan"	"Kandahar"	1	15	16	4128	8457	12585	84246	133787	218033
"2010.06.06"	"Thailand"	"Narathiwat"	1	0	1	4129	8457	12586	84247	133787	218034
"2010.06.06"	"Thailand"	"Pattani"	3	0	3	4132	8457	12589	84250	133787	218037
"2010.06.06"	"Afghanistan"	"Kandahar"	1	11	12	4133	8468	12601	84251	133798	218049
"2010.06.06"	"Iraq"	"Baghdad"	6	18	24	4139	8486	12625	84257	133816	218073
"2010.06.07"	"Afghanistan"	"Kandahar"	2	0	2	4141	8486	12627	84259	133816	218075
"2010.06.07"	"Iraq"	"Baghdad"	6	37	43	4147	8523	12670	84265	133853	218118
"2010.06.07"	"Iraq"	"Sunidij"	3	1	4	4150	8524	12674	84268	133854	218122
"2010.06.07"	"Iraq"	"Abu Ghraib"	3	2	5	4153	8526	12679	84271	133856	218127
"2010.06.07"	"Algeria"	"Bejaia"	3	5	8	4156	8531	12687	84274	133861	218135
"2010.06.08"	"Afghanistan"	"Sangin"	1	0	1	4157	8531	12688	84275	133861	218136
"2010.06.08"	"Iraq"	"al-Halla"	3	1	4	4160	8532	12692	84278	133862	218140
"2010.06.08"	"Iraq"	"Mosul"	2	0	2	4162	8532	12694	84280	133862	218142
"2010.06.08"	"Pakistan"	"Orakzai"	6	8	14	4168	8540	12708	84286	133870	218156
"2010.06.08"	"Pakistan"	"Punjab"	4	3	7	4172	8543	12715	84290	133873	218163
"2010.06.08"	"Pakistan"	"Quetta"	1	0	1	4173	8543	12716	84291	133873	218164
"2010.06.08"	"Iraq"	"Kirkuk"	1	0	1	4174	8543	12717	84292	133873	218165
"2010.06.09"	"Iraq"	"Shurqat"	2	2	4	4176	8545	12721	84294	133875	218169
"2010.06.09"	"Iraq"	"Muqdadiya"	2	4	6	4178	8549	12727	84296	133879	218175
"2010.06.09"	"Somalia"	"Mogadishu"	5	0	5	4183	8549	12732	84301	133879	218180
"2010.06.09"	"Pakistan"	"Mohmand"	2	0	2	4185	8549	12734	84303	133879	218182
"2010.06.09"	"Pakistan"	"Karachi"	1	0	1	4186	8549	12735	84304	133879	218183
"2010.06.09"	"Afghanistan"	"Kandahar"	1	0	1	4187	8549	12736	84305	133879	218184
"2010.06.09"	"Afghanistan"	"Nadahan"	40	73	113	4227	8622	12849	84345	133952	218297
"2010.06.09"	"Iraq"	"Baghdad"	2	5	7	4229	8627	12856	84347	133957	218304
"2010.06.09"	"Thailand"	"Yala"	1	23	24	4230	8650	12880	84348	133980	218328
"2010.06.09"	"Pakistan"	"Quetta"	4	0	4	4234	8650	12884	84352	133980	218332
"2010.06.10"	"Iraq"	"Tikrit"	5	15	20	4239	8665	12904	84357	133995	218352
"2010.06.10"	"Iraq"	"Baghdad"	4	8	12	4243	8673	12916	84361	134003	218364
"2010.06.10"	"Iraq"	"Kirkuk"	1	0	1	4244	8673	12917	84362	134003	218365
"2010.06.10"	"Pakistan"	"Karachi"	1	3	4	4245	8676	12921	84363	134006	218369
"2010.06.11"	"Russia"	"Nalchik"	1	0	1	4246	8676	12922	84364	134006	218370
"2010.06.11"	"Philippines"	"Maluso"	3	0	3	4249	8676	12925	84367	134006	218373
"2010.06.11"	"Afghanistan"	"Zabul"	4	0	4	4253	8676	12929	84371	134006	218377
"2010.06.11"	"Afghanistan"	"Kandahar"	9	8	17	4262	8684	12946	84380	134014	218394
"2010.06.11"	"Algeria"	"Lakhdaria"	4	20	24	4266	8704	12970	84384	134034	218418
"2010.06.11"	"Iraq"	"Baghdad"	3	9	12	4269	8713	12982	84387	134043	218430
"2010.06.11"	"Iraq"	"Jalawla"	8	27	35	4277	8740	13017	84395	134070	218465
"2010.06.11"	"Afghanistan"	"Mata Khan"	4	0	4	4281	8740	13021	84399	134070	218469
"2010.06.11"	"Thailand"	"Pattani"	1	0	1	4282	8740	13022	84400	134070	218470
"2010.06.11"	"Pakistan"	"Karachi"	1	0	1	4283	8740	13023	84401	134070	218471
"2010.06.12"	"Somalia"	"Huruwaa"	2	0	2	4285	8740	13025	84403	134070	218473
"2010.06.12"	"Pakistan"	"Khyber"	2	0	2	4287	8740	13027	84405	134070	218475
"2010.06.12"	"Iraq"	"Mosul"	1	0	1	4288	8740	13028	84406	134070	218476
"2010.06.12"	"Dagestan"	"Derbent"	2	1	3	4290	8741	13031	84408	134071	218479
"2010.06.12"	"Thailand"	"Yala"	4	0	4	4294	8741	13035	84412	134071	218483
"2010.06.12"	"Afghanistan"	"Kandahar"	5	0	5	4299	8741	13040	84417	134071	218488
"2010.06.12"	"Pakistan"	"Karachi"	2	0	2	4301	8741	13042	84419	134071	218490
"2010.06.12"	"Dagestan"	"Kaspiisk"	1	5	6	4302	8746	13048	84420	134076	218496
"2010.06.13"	"Pakistan"	"Bajaur"	3	0	3	4305	8746	13051	84423	134076	218499
"2010.06.13"	"Thailand"	"Yala"	1	3	4	4306	8749	13055	84424	134079	218503
"2010.06.13"	"Iraq"	"Mosul"	3	0	3	4309	8749	13058	84427	134079	218506
"2010.06.13"	"Iraq"	"Baghdad"	24	46	70	4333	8795	13128	84451	134125	218576
"2010.06.13"	"Pakistan"	"Karachi"	1	0	1	4334	8795	13129	84452	134125	218577
"2010.06.13"	"Thailand"	"Yala"	2	26	28	4336	8821	13157	84454	134151	218605
"2010.06.13"	"Canada"	"Montreal"	0	1	1	4336	8822	13158	84454	134152	218606
"2010.06.13"	"Pakistan"	"Quetta"	1	0	1	4337	8822	13159	84455	134152	218607
"2010.06.14"	"Afghanistan"	"Wardok"	4	0	4	4341	8822	13163	84459	134152	218611
"2010.06.14"	"Israel"	"Hebron"	1	2	3	4342	8824	13166	84460	134154	218614
"2010.06.14"	"Iraq"	"Baghdad"	2	4	6	4344	8828	13172	84462	134158	218620
"2010.06.14"	"Iraq"	"Balad"	3	0	3	4347	8828	13175	84465	134158	218623
"2010.06.14"	"Iraq"	"Mosul"	1	25	26	4348	8853	13201	84466	134183	218649
"2010.06.14"	"Thailand"	"Narathiwat"	1	0	1	4349	8853	13202	84467	134183	218650
"2010.06.14"	"Pakistan"	"Karachi"	2	0	2	4351	8853	13204	84469	134183	218652
"2010.06.14"	"Pakistan"	"Bannu"	2	4	6	4353	8857	13210	84471	134187	218658
"2010.06.14"	"Pakistan"	"Peshawar"	0	1	1	4353	8858	13211	84471	134188	218659
"2010.06.14"	"Iraq"	"Sammarah"	1	0	1	4354	8858	13212	84472	134188	218660
"2010.06.15"	"Afghanistan"	"Kandahar"	3	1	4	4357	8859	13216	84475	134189	218664
"2010.06.15"	"Iraq"	"Mosul"	3	0	3	4360	8859	13219	84478	134189	218667
"2010.06.15"	"Iraq"	"Mosul"	1	0	1	4361	8859	13220	84479	134189	218668
"2010.06.15"	"Pakistan"	"Mohmand"	2	0	2	4363	8859	13222	84481	134189	218670
"2010.06.15"	"Afghanistan"	"Helmand"	2	0	2	4365	8859	13224	84483	134189	218672
"2010.06.15"	"Afghanistan"	"Herat"	6	0	6	4371	8859	13230	84489	134189	218678
"2010.06.16"	"Iraq"	"Baghdad"	1	4	5	4372	8863	13235	84490	134193	218683
"2010.06.16"	"Dagestan"	"Kizilyurt"	1	0	1	4373	8863	13236	84491	134193	218684
"2010.06.17"	"Thailand"	"Pattani"	2	0	2	4375	8863	13238	84493	134193	218686
"2010.06.17"	"Iraq"	"Fallujah"	5	1	6	4380	8864	13244	84498	134194	218692
"2010.06.17"	"Iraq"	"Abu Saida"	2	3	5	4382	8867	13249	84500	134197	218697
"2010.06.17"	"Pakistan"	"Karachi"	2	0	2	4384	8867	13251	84502	134197	218699
"2010.06.17"	"Pakistan"	"Maidan Wardak"	1	0	1	4385	8867	13252	84503	134197	218700
"2010.06.18"	"Iraq"	"Qaim"	7	10	17	4392	8877	13269	84510	134207	218717
"2010.06.18"	"Somalia"	"Mogadishu"	3	0	3	4395	8877	13272	84513	134207	218720
"2010.06.18"	"Iraq"	"Baqubah"	0	30	30	4395	8907	13302	84513	134237	218750
"2010.06.18"	"Iraq"	"Qaim"	4	6	10	4399	8913	13312	84517	134243	218760
"2010.06.18"	"Iraq"	"Samarrah"	1	0	1	4400	8913	13313	84518	134243	218761
"2010.06.18"	"Iraq"	"Tuz Khurmato"	8	63	71	4408	8976	13384	84526	134306	218832
"2010.06.18"	"Pakistan"	"Mohmand"	6	0	6	4414	8976	13390	84532	134306	218838
"2010.06.18"	"Dagestan"	"Kaspiisk"	1	3	4	4415	8979	13394	84533	134309	218842
"2010.06.19"	"Iraq"	"Jbala"	3	0	3	4418	8979	13397	84536	134309	218845
"2010.06.19"	"Pakistan"	"Dera Ismail Khan"	1	8	9	4419	8987	13406	84537	134317	218854
"2010.06.19"	"Thailand"	"Pattani"	2	1	3	4421	8988	13409	84539	134318	218857
"2010.06.19"	"Yemen"	"Aden"	11	4	15	4432	8992	13424	84550	134322	218872
"2010.06.20"	"India"	"Poonch"	1	2	3	4433	8994	13427	84551	134324	218875
"2010.06.20"	"Pakistan"	"Kupwara"	2	2	4	4435	8996	13431	84553	134326	218879
"2010.06.20"	"Iraq"	"Baghdad"	28	57	85	4463	9053	13516	84581	134383	218964
"2010.06.20"	"Pakistan"	"Dir"	2	2	4	4465	9055	13520	84583	134385	218968
"2010.06.20"	"Iraq"	"Baghdad"	4	16	20	4469	9071	13540	84587	134401	218988
"2010.06.20"	"Iraq"	"Baghdad"	8	0	8	4477	9071	13548	84595	134401	218996
"2010.06.20"	"Pakistan"	"Khyber"	5	2	7	4482	9073	13555	84600	134403	219003
"2010.06.20"	"Pakistan"	"Peshawar"	2	0	2	4484	9073	13557	84602	134403	219005
"2010.06.20"	"Afghanistan"	"Lashkar Gah"	3	15	18	4487	9088	13575	84605	134418	219023
"2010.06.20"	"Afghanistan"	"Nangarhar"	2	0	2	4489	9088	13577	84607	134418	219025
"2010.06.20"	"India"	"Sopore"	1	0	1	4490	9088	13578	84608	134418	219026
"2010.06.21"	"Sudan"	"Darfur"	3	1	4	4493	9089	13582	84611	134419	219030
"2010.06.21"	"Afghanistan"	"Helmand"	10	2	12	4503	9091	13594	84621	134421	219042
"2010.06.21"	"Pakistan"	"Karachi"	1	2	3	4504	9093	13597	84622	134423	219045
"2010.06.21"	"Afghanistan"	"Kunar"	12	14	26	4516	9107	13623	84634	134437	219071
"2010.06.21"	"Afghanistan"	"Awtar"	1	0	1	4517	9107	13624	84635	134437	219072
"2010.06.21"	"Pakistan"	"Quetta"	2	0	2	4519	9107	13626	84637	134437	219074
"2010.06.21"	"Thailand"	"Pattani"	0	3	3	4519	9110	13629	84637	134440	219077
"2010.06.21"	"Pakistan"	"Punjab"	5	0	5	4524	9110	13634	84642	134440	219082
"2010.06.22"	"Ukraine"	"Dneprovka"	1	0	1	4525	9110	13635	84643	134440	219083
"2010.06.22"	"Iraq"	"Baghdad"	2	8	10	4527	9118	13645	84645	134448	219093
"2010.06.22"	"Pakistan"	"Orakzai"	7	12	19	4534	9130	13664	84652	134460	219112
"2010.06.22"	"India"	"Kupwara"	1	0	1	4535	9130	13665	84653	134460	219113
"2010.06.22"	"Iraq"	"Fallujah"	1	0	1	4536	9130	13666	84654	134460	219114
"2010.06.22"	"Iraq"	"Mosul"	3	0	3	4539	9130	13669	84657	134460	219117
"2010.06.23"	"Philippines"	"Basilan"	4	2	6	4543	9132	13675	84661	134462	219123
"2010.06.23"	"Pakistan"	"Karachi"	2	0	2	4545	9132	13677	84663	134462	219125
"2010.06.23"	"Afghanistan"	"Uruzgan"	7	0	7	4552	9132	13684	84670	134462	219132
"2010.06.24"	"Iraq"	"Khalis"	7	0	7	4559	9132	13691	84677	134462	219139
"2010.06.24"	"Iraq"	"Mosul"	8	19	27	4567	9151	13718	84685	134481	219166
"2010.06.25"	"Dagestan"	"Nazran"	2	0	2	4569	9151	13720	84687	134481	219168
"2010.06.25"	"Algeria"	"Tebessa"	0	5	5	4569	9156	13725	84687	134486	219173
"2010.06.25"	"Afghanistan"	"Uruzgan"	11	0	11	4580	9156	13736	84698	134486	219184
"2010.06.25"	"Algeria"	"Stah Guenter"	5	1	6	4585	9157	13742	84703	134487	219190
"2010.06.25"	"Iraq"	"Samarrah"	11	0	11	4596	9157	13753	84714	134487	219201
"2010.06.26"	"Iraq"	"Fallujah"	4	0	4	4600	9157	13757	84718	134487	219205
"2010.06.26"	"Afghanistan"	"Panjwaii"	2	0	2	4602	9157	13759	84720	134487	219207
"2010.06.26"	"Dagestan"	"Kizilyurt"	2	0	2	4604	9157	13761	84722	134487	219209
"2010.06.27"	"Bosnia"	"Bugojno"	1	6	7	4605	9163	13768	84723	134493	219216
"2010.06.27"	"Afghanistan"	"Meymaneh"	4	0	4	4609	9163	13772	84727	134493	219220
"2010.06.27"	"India"	"Jolly"	1	0	1	4610	9163	13773	84728	134493	219221
"2010.06.28"	"Iraq"	"Baghdad"	2	4	6	4612	9167	13779	84730	134497	219227
"2010.06.28"	"Pakistan"	"Karachi"	4	0	4	4616	9167	13783	84734	134497	219231
"2010.06.28"	"Afghanistan"	"Zabul"	6	5	11	4622	9172	13794	84740	134502	219242
"2010.06.28"	"Pakistan"	"Bajaur"	4	0	4	4626	9172	13798	84744	134502	219246
"2010.06.28"	"Iraq"	"Baghdad"	2	4	6	4628	9176	13804	84746	134506	219252
"2010.06.28"	"Afghanistan"	"Ghazni"	8	0	8	4636	9176	13812	84754	134506	219260
"2010.06.28"	"Ethiopia"	"Jarar"	7	6	13	4643	9182	13825	84761	134512	219273
"2010.06.28"	"DRC"	"Mutwanga"	16	0	16	4659	9182	13841	84777	134512	219289
"2010.06.29"	"Iraq"	"Mosul"	3	0	3	4662	9182	13844	84780	134512	219292
"2010.06.29"	"Iraq"	"Khalis"	4	0	4	4666	9182	13848	84784	134512	219296
"2010.06.29"	"Iraq"	"Baiji"	3	13	16	4669	9195	13864	84787	134525	219312
"2010.06.29"	"Afghanistan"	"Farah"	4	0	4	4673	9195	13868	84791	134525	219316
"2010.06.29"	"Iraq"	"Baghdad"	1	0	1	4674	9195	13869	84792	134525	219317
"2010.06.29"	"Afghanistan"	"Kabul"	1	0	1	4675	9195	13870	84793	134525	219318
"2010.06.29"	"Somalia"	"Mogadishu"	4	15	19	4679	9210	13889	84797	134540	219337
"2010.06.30"	"Ethiopia"	"Nogob"	9	11	20	4688	9221	13909	84806	134551	219357
"2010.06.30"	"Pakistan"	"Tumair"	1	0	1	4689	9221	13910	84807	134551	219358
"2010.06.30"	"Iraq"	"Kirkuk"	1	0	1	4690	9221	13911	84808	134551	219359
"2010.06.30"	"Iraq"	"Mosul"	1	0	1	4691	9221	13912	84809	134551	219360
"2010.06.30"	"Algeria"	"Tinzaouatine"	11	0	11	4702	9221	13923	84820	134551	219371
"2010.06.30"	"Chechnya"	"Grozny"	0	7	7	4702	9228	13930	84820	134558	219378
"2010.06.30"	"Iraq"	"Baghdad"	2	1	3	4704	9229	13933	84822	134559	219381
"2010.06.30"	"Pakistan"	"Hub"	4	5	9	4708	9234	13942	84826	134564	219390
"2010.07.01"	"Yemen"	"Zinjibar"	1	0	1	4709	9234	13943	84827	134564	219391
"2010.07.01"	"Pakistan"	"Lahore"	44	175	219	4753	9409	14162	84871	134739	219610
"2010.07.01"	"Iraq"	"Baghdad"	1	9	10	4754	9418	14172	84872	134748	219620
"2010.07.01"	"Iraq"	"Samarrah"	1	2	3	4755	9420	14175	84873	134750	219623
"2010.07.01"	"India"	"Kupwara"	2	0	2	4757	9420	14177	84875	134750	219625
"2010.07.01"	"India"	"Udhampur"	1	0	1	4758	9420	14178	84876	134750	219626
"2010.07.01"	"Thailand"	"Narathiwat"	5	0	5	4763	9420	14183	84881	134750	219631
"2010.07.01"	"Pakistan"	"Quetta"	2	1	3	4765	9421	14186	84883	134751	219634
"2010.07.01"	"Somalia"	"Hudur"	1	0	1	4766	9421	14187	84884	134751	219635
"2010.07.01"	"Ethiopia"	"Shabelle"	6	8	14	4772	9429	14201	84890	134759	219649
"2010.07.02"	"Thailand"	"Pattani"	1	0	1	4773	9429	14202	84891	134759	219650
"2010.07.02"	"Iraq"	"Mandali"	1	0	1	4774	9429	14203	84892	134759	219651
"2010.07.02"	"Iraq"	"Ramadi"	1	0	1	4775	9429	14204	84893	134759	219652
"2010.07.02"	"Pakistan"	"Khyber"	3	2	5	4778	9431	14209	84896	134761	219657
"2010.07.02"	"Pakistan"	"Quetta"	1	0	1	4779	9431	14210	84897	134761	219658
"2010.07.02"	"Thailand"	"Yala"	3	0	3	4782	9431	14213	84900	134761	219661
"2010.07.02"	"Afghanistan"	"Kunduz"	5	20	25	4787	9451	14238	84905	134781	219686
"2010.07.02"	"Kosovo"	"Mitrovica"	1	10	11	4788	9461	14249	84906	134791	219697
"2010.07.03"	"Pakistan"	"Gurguri"	4	7	11	4792	9468	14260	84910	134798	219708
"2010.07.03"	"Pakistan"	"Khyber"	2	5	7	4794	9473	14267	84912	134803	219715
"2010.07.03"	"Nigeria"	"Kizachi"	7	5	12	4801	9478	14279	84919	134808	219727
"2010.07.03"	"Yemen"	"Batis"	1	0	1	4802	9478	14280	84920	134808	219728
"2010.07.04"	"Iraq"	"Mosul"	1	0	1	4803	9478	14281	84921	134808	219729
"2010.07.04"	"India"	"Kerala"	0	1	1	4803	9479	14282	84921	134809	219730
"2010.07.04"	"Ingushetia"	"Magas"	2	4	6	4805	9483	14288	84923	134813	219736
"2010.07.04"	"Iraq"	"Ramadi"	4	23	27	4809	9506	14315	84927	134836	219763
"2010.07.04"	"Pakistan"	"Kalat"	4	7	11	4813	9513	14326	84931	134843	219774
"2010.07.04"	"Afghanistan"	"Helmand"	5	8	13	4818	9521	14339	84936	134851	219787
"2010.07.04"	"Thailand"	"Yala"	2	3	5	4820	9524	14344	84938	134854	219792
"2010.07.04"	"Iraq"	"Baqubah"	2	0	2	4822	9524	14346	84940	134854	219794
"2010.07.04"	"Iraq"	"Mosul"	2	4	6	4824	9528	14352	84942	134858	219800
"2010.07.04"	"Nigeria"	"Ganawuri"	3	0	3	4827	9528	14355	84945	134858	219803
"2010.07.05"	"Iraq"	"Mosul"	1	0	1	4828	9528	14356	84946	134858	219804
"2010.07.05"	"Somalia"	"Labadhagah"	8	0	8	4836	9528	14364	84954	134858	219812
"2010.07.05"	"Iraq"	"Kirkuk"	1	0	1	4837	9528	14365	84955	134858	219813
"2010.07.05"	"Pakistan"	"Peshawar"	1	0	1	4838	9528	14366	84956	134858	219814
"2010.07.05"	"Chechnya"	"Vedensky"	1	2	3	4839	9530	14369	84957	134860	219817
"2010.07.05"	"Pakistan"	"Lower Dir"	1	14	15	4840	9544	14384	84958	134874	219832
"2010.07.05"	"Nigeria"	"Jos"	3	0	3	4843	9544	14387	84961	134874	219835
"2010.07.05"	"Yemen"	"Hadramout"	2	3	5	4845	9547	14392	84963	134877	219840
"2010.07.05"	"Egypt"	"Cairo"	0	1	1	4845	9548	14393	84963	134878	219841
"2010.07.06"	"Afghanistan"	"Ghazni"	6	0	6	4851	9548	14399	84969	134878	219847
"2010.07.06"	"Iraq"	"Baghdad"	6	37	43	4857	9585	14442	84975	134915	219890
"2010.07.06"	"Iraq"	"Mosul"	2	0	2	4859	9585	14444	84977	134915	219892
"2010.07.06"	"Pakistan"	"Karachi"	1	0	1	4860	9585	14445	84978	134915	219893
"2010.07.07"	"Iraq"	"Baghdad"	54	265	319	4914	9850	14764	85032	135180	220212
"2010.07.07"	"Somalia"	"Elasha"	2	3	5	4916	9853	14769	85034	135183	220217
"2010.07.07"	"Iraq"	"Fallujah"	5	4	9	4921	9857	14778	85039	135187	220226
"2010.07.07"	"Iraq"	"Abu Ghraib"	5	6	11	4926	9863	14789	85044	135193	220237
"2010.07.07"	"Afghanistan"	"Kabul"	1	0	1	4927	9863	14790	85045	135193	220238
"2010.07.08"	"Pakistan"	"Karachi"	0	7	7	4927	9870	14797	85045	135200	220245
"2010.07.08"	"Iraq"	"Baghdad"	28	98	126	4955	9968	14923	85073	135298	220371
"2010.07.08"	"Afghanistan"	"Paktia"	6	0	6	4961	9968	14929	85079	135298	220377
"2010.07.08"	"Philippines"	"Talipao"	3	0	3	4964	9968	14932	85082	135298	220380
"2010.07.09"	"Iraq"	"Baghdad"	6	20	26	4970	9988	14958	85088	135318	220406
"2010.07.09"	"Pakistan"	"Mohmand"	105	75	180	5075	10063	15138	85193	135393	220586
"2010.07.09"	"Jordan"	"Naur"	1	0	1	5076	10063	15139	85194	135393	220587
"2010.07.09"	"Afghanistan"	"Ghazni"	1	0	1	5077	10063	15140	85195	135393	220588
"2010.07.10"	"Afghanistan"	"Kandahar"	1	5	6	5078	10068	15146	85196	135398	220594
"2010.07.10"	"Dagestan"	"Makhachkala"	1	0	1	5079	10068	15147	85197	135398	220595
"2010.07.10"	"India"	"Gari Madhiya"	2	0	2	5081	10068	15149	85199	135398	220597
"2010.07.10"	"Pakistan"	"Makeen"	3	5	8	5084	10073	15157	85202	135403	220605
"2010.07.10"	"Afghanistan"	"Kabul"	11	0	11	5095	10073	15168	85213	135403	220616
"2010.07.10"	"Afghanistan"	"Paktia"	11	0	11	5106	10073	15179	85224	135403	220627
"2010.07.11"	"Uganda"	"Kampala"	76	65	141	5182	10138	15320	85300	135468	220768
"2010.07.11"	"Iraq"	"Dania"	1	2	3	5183	10140	15323	85301	135470	220771
"2010.07.11"	"India"	"Doda"	1	0	1	5184	10140	15324	85302	135470	220772
"2010.07.11"	"Pakistan"	"Quetta"	1	0	1	5185	10140	15325	85303	135470	220773
"2010.07.12"	"India"	"Nadia"	0	3	3	5185	10143	15328	85303	135473	220776
"2010.07.12"	"Afghanistan"	"Helmand"	0	21	21	5185	10164	15349	85303	135494	220797
"2010.07.12"	"Pakistan"	"Karachi"	1	1	2	5186	10165	15351	85304	135495	220799
"2010.07.12"	"Pakistan"	"Orakzai"	1	4	5	5187	10169	15356	85305	135499	220804
"2010.07.12"	"Thailand"	"Narathiwat"	1	1	2	5188	10170	15358	85306	135500	220806
"2010.07.12"	"England"	"London"	0	1	1	5188	10171	15359	85306	135501	220807
"2010.07.13"	"Afghanistan"	"Kandahar"	9	9	18	5197	10180	15377	85315	135510	220825
"2010.07.13"	"Iraq"	"Yusufiya"	5	0	5	5202	10180	15382	85320	135510	220830
"2010.07.13"	"Iraq"	"Khalis"	3	7	10	5205	10187	15392	85323	135517	220840
"2010.07.13"	"Afghanistan"	"Uruzgan"	1	0	1	5206	10187	15393	85324	135517	220841
"2010.07.13"	"Afghanistan"	"Paktika"	2	0	2	5208	10187	15395	85326	135517	220843
"2010.07.13"	"Iraq"	"Baghdad"	2	5	7	5210	10192	15402	85328	135522	220850
"2010.07.13"	"Afghanistan"	"Helmand"	9	0	9	5219	10192	15411	85337	135522	220859
"2010.07.13"	"Pakistan"	"Karachi"	0	1	1	5219	10193	15412	85337	135523	220860
"2010.07.13"	"Pakistan"	"Karachi"	1	0	1	5220	10193	15413	85338	135523	220861
"2010.07.13"	"Dagestan"	"Derbent"	1	3	4	5221	10196	15417	85339	135526	220865
"2010.07.14"	"Iraq"	"Baghdad"	2	4	6	5223	10200	15423	85341	135530	220871
"2010.07.14"	"Iraq"	"Baghdad"	1	0	1	5224	10200	15424	85342	135530	220872
"2010.07.14"	"Pakistan"	"Bostikhel"	2	0	2	5226	10200	15426	85344	135530	220874
"2010.07.14"	"Thailand"	"Yala"	1	0	1	5227	10200	15427	85345	135530	220875
"2010.07.14"	"Iraq"	"Amiriya"	4	7	11	5231	10207	15438	85349	135537	220886
"2010.07.14"	"Yemen"	"Zijibar"	3	10	13	5234	10217	15451	85352	135547	220899
"2010.07.14"	"Dagestan"	"Kirov-Aul"	1	0	1	5235	10217	15452	85353	135547	220900
"2010.07.15"	"Pakistan"	"Sukkur"	5	6	11	5240	10223	15463	85358	135553	220911
"2010.07.15"	"Pakistan"	"Mingora"	6	45	51	5246	10268	15514	85364	135598	220962
"2010.07.15"	"Iran"	"Zahedan"	27	80	107	5273	10348	15621	85391	135678	221069
"2010.07.15"	"Iraq"	"Mahmoudiya"	2	10	12	5275	10358	15633	85393	135688	221081
"2010.07.15"	"Iraq"	"Tikrit"	9	15	24	5284	10373	15657	85402	135703	221105
"2010.07.16"	"Pakistan"	"North Waziristan"	2	0	2	5286	10373	15659	85404	135703	221107
"2010.07.16"	"Pakistan"	"Tirah Valley"	10	14	24	5296	10387	15683	85414	135717	221131
"2010.07.16"	"Dagestan"	"Makhachkala"	1	0	1	5297	10387	15684	85415	135717	221132
"2010.07.16"	"Iraq"	"Abu Ghraib"	3	2	5	5300	10389	15689	85418	135719	221137
"2010.07.16"	"Iraq"	"Fallujah"	2	0	2	5302	10389	15691	85420	135719	221139
"2010.07.16"	"Thailand"	"Yala"	2	1	3	5304	10390	15694	85422	135720	221142
"2010.07.16"	"Turkey"	"Diyarbakir"	1	0	1	5305	10390	15695	85423	135720	221143
"2010.07.16"	"Ethiopia"	"Addis Ababa"	0	1	1	5305	10391	15696	85423	135721	221144
"2010.07.17"	"Algeria"	"Tebessa"	4	0	4	5309	10391	15700	85427	135721	221148
"2010.07.17"	"Pakistan"	"Kurram"	18	2	20	5327	10393	15720	85445	135723	221168
"2010.07.17"	"Nigeria"	"Jos"	10	14	24	5337	10407	15744	85455	135737	221192
"2010.07.17"	"Iraq"	"Tuz Khormato"	2	3	5	5339	10410	15749	85457	135740	221197
"2010.07.18"	"Thailand"	"Pattani"	2	0	2	5341	10410	15751	85459	135740	221199
"2010.07.18"	"Thailand"	"Narathiwat"	1	0	1	5342	10410	15752	85460	135740	221200
"2010.07.18"	"Somalia"	"Mogadishu"	12	43	55	5354	10453	15807	85472	135783	221255
"2010.07.18"	"Somalia"	"Lasanod"	1	0	1	5355	10453	15808	85473	135783	221256
"2010.07.18"	"Iraq"	"Balasim"	48	50	98	5403	10503	15906	85521	135833	221354
"2010.07.18"	"Afghanistan"	"Kabul"	3	42	45	5406	10545	15951	85524	135875	221399
"2010.07.18"	"Pakistan"	"Sargodha"	6	20	26	5412	10565	15977	85530	135895	221425
"2010.07.19"	"Pakistan"	"Faislabad"	2	1	3	5414	10566	15980	85532	135896	221428
"2010.07.19"	"Iraq"	"Fallujah"	1	0	1	5415	10566	15981	85533	135896	221429
"2010.07.19"	"Iraq"	"Mosul"	4	5	9	5419	10571	15990	85537	135901	221438
"2010.07.19"	"Iraq"	"Baqubah"	4	15	19	5423	10586	16009	85541	135916	221457
"2010.07.19"	"Afghanistan"	"Kandahar"	6	4	10	5429	10590	16019	85547	135920	221467
"2010.07.20"	"Kenya"	"Liboi"	1	1	2	5430	10591	16021	85548	135921	221469
"2010.07.20"	"Iraq"	"Qurat Tabba"	8	22	30	5438	10613	16051	85556	135943	221499
"2010.07.20"	"Pakistan"	"Khar"	1	0	1	5439	10613	16052	85557	135943	221500
"2010.07.20"	"Iraq"	"Qsaireen"	6	8	14	5445	10621	16066	85563	135951	221514
"2010.07.20"	"Yemen"	"Harf Sufyan"	34	12	46	5479	10633	16112	85597	135963	221560
"2010.07.20"	"Afghanistan"	"Mazar-i-Sharif"	3	2	5	5482	10635	16117	85600	135965	221565
"2010.07.20"	"Afghanistan"	"Baghlan"	6	0	6	5488	10635	16123	85606	135965	221571
"2010.07.21"	"Thailand"	"Pattani"	1	0	1	5489	10635	16124	85607	135965	221572
"2010.07.21"	"Iraq"	"Abu Saida"	15	44	59	5504	10679	16183	85622	136009	221631
"2010.07.21"	"Iraq"	"Mosul"	1	1	2	5505	10680	16185	85623	136010	221633
"2010.07.21"	"India"	"Kishtwar"	1	0	1	5506	10680	16186	85624	136010	221634
"2010.07.21"	"Russia"	"Baksanskaya"	2	0	2	5508	10680	16188	85626	136010	221636
"2010.07.21"	"Somalia"	"Mogadishu"	1	4	5	5509	10684	16193	85627	136014	221641
"2010.07.22"	"Iraq"	"Baghdad"	3	15	18	5512	10699	16211	85630	136029	221659
"2010.07.22"	"Iraq"	"Mosul"	9	10	19	5521	10709	16230	85639	136039	221678
"2010.07.22"	"India"	"Kishtwar"	1	0	1	5522	10709	16231	85640	136039	221679
"2010.07.22"	"Yemen"	"Ataq"	6	1	7	5528	10710	16238	85646	136040	221686
"2010.07.22"	"Pakistan"	"Rawalpindi"	0	2	2	5528	10712	16240	85646	136042	221688
"2010.07.23"	"Afghanistan"	"Logar"	1	1	2	5529	10713	16242	85647	136043	221690
"2010.07.23"	"Afghanistan"	"Kandahar"	2	2	4	5531	10715	16246	85649	136045	221694
"2010.07.23"	"Jordan"	"Deir Alla"	1	0	1	5532	10715	16247	85650	136045	221695
"2010.07.23"	"Pakistan"	"Bajaur"	3	0	3	5535	10715	16250	85653	136045	221698
"2010.07.23"	"Pakistan"	"Lahore"	1	5	6	5536	10720	16256	85654	136050	221704
"2010.07.23"	"India"	"Poonch"	1	1	2	5537	10721	16258	85655	136051	221706
"2010.07.23"	"Dagestan"	"Chernyaevka"	2	4	6	5539	10725	16264	85657	136055	221712
"2010.07.24"	"Pakistan"	"Naushehra"	1	1	2	5540	10726	16266	85658	136056	221714
"2010.07.24"	"Afghanistan"	"Khost"	1	20	21	5541	10746	16287	85659	136076	221735
"2010.07.24"	"Iraq"	"Mosul"	2	18	20	5543	10764	16307	85661	136094	221755
"2010.07.24"	"Iraq"	"Basra"	1	4	5	5544	10768	16312	85662	136098	221760
"2010.07.24"	"Dagestan"	"Kizlyarsky"	3	0	3	5547	10768	16315	85665	136098	221763
"2010.07.25"	"Yemen"	"Shabwa"	6	0	6	5553	10768	16321	85671	136098	221769
"2010.07.25"	"Algeria"	"Kabylie"	1	8	9	5554	10776	16330	85672	136106	221778
"2010.07.25"	"Mali"	"Baskno"	1	0	1	5555	10776	16331	85673	136106	221779
"2010.07.25"	"Iraq"	"Mosul"	7	2	9	5562	10778	16340	85680	136108	221788
"2010.07.25"	"Pakistan"	"Khyber"	2	0	2	5564	10778	16342	85682	136108	221790
"2010.07.26"	"Thailand"	"Pattani"	1	0	1	5565	10778	16343	85683	136108	221791
"2010.07.26"	"Pakistan"	"Peshawar"	8	23	31	5573	10801	16374	85691	136131	221822
"2010.07.26"	"Iraq"	"Baghdad"	4	16	20	5577	10817	16394	85695	136147	221842
"2010.07.26"	"Iraq"	"Karbalah"	40	68	108	5617	10885	16502	85735	136215	221950
"2010.07.26"	"Pakistan"	"Darra Adamkhel"	5	0	5	5622	10885	16507	85740	136215	221955
"2010.07.26"	"Pakistan"	"Swat"	4	4	8	5626	10889	16515	85744	136219	221963
"2010.07.26"	"Yemen"	"Lahej"	4	9	13	5630	10898	16528	85748	136228	221976
"2010.07.27"	"Thailand"	"Pattani"	2	0	2	5632	10898	16530	85750	136228	221978
"2010.07.27"	"Thailand"	"Yala"	1	0	1	5633	10898	16531	85751	136228	221979
"2010.07.27"	"Thailand"	"Narathiwat"	1	0	1	5634	10898	16532	85752	136228	221980
"2010.07.27"	"Iraq"	"Mosul"	2	0	2	5636	10898	16534	85754	136228	221982
"2010.07.27"	"Iraq"	"Baghdad"	1	4	5	5637	10902	16539	85755	136232	221987
"2010.07.27"	"Somalia"	"Mogadishu"	13	40	53	5650	10942	16592	85768	136272	222040
"2010.07.27"	"Nigeria"	"Maiduguri"	32	0	32	5682	10942	16624	85800	136272	222072
"2010.07.28"	"Iraq"	"Fallujah"	2	8	10	5684	10950	16634	85802	136280	222082
"2010.07.28"	"Afghanistan"	"Zabul"	6	3	9	5690	10953	16643	85808	136283	222091
"2010.07.28"	"Afghanistan"	"Herat"	2	0	2	5692	10953	16645	85810	136283	222093
"2010.07.28"	"Iraq"	"Mosul"	5	6	11	5697	10959	16656	85815	136289	222104
"2010.07.28"	"Iraq"	"Baghdad"	6	15	21	5703	10974	16677	85821	136304	222125
"2010.07.28"	"Iraq"	"Karbala"	16	37	53	5719	11011	16730	85837	136341	222178
"2010.07.28"	"Afghanistan"	"Nimroz"	25	20	45	5744	11031	16775	85862	136361	222223
"2010.07.29"	"Pakistan"	"Kurram"	10	0	10	5754	11031	16785	85872	136361	222233
"2010.07.29"	"Afghanistan"	"Ghazni"	8	3	11	5762	11034	16796	85880	136364	222244
"2010.07.29"	"Iraq"	"Shurqat"	4	11	15	5766	11045	16811	85884	136375	222259
"2010.07.29"	"Iraq"	"Adhamiya"	16	14	30	5782	11059	16841	85900	136389	222289
"2010.07.30"	"Iraq"	"Buhriz"	4	0	4	5786	11059	16845	85904	136389	222293
"2010.07.30"	"Afghanistan"	"Kunduz"	3	19	22	5789	11078	16867	85907	136408	222315
"2010.07.30"	"Afghanistan"	"Kandahar"	2	1	3	5791	11079	16870	85909	136409	222318
"2010.07.30"	"Pakistan"	"Karachi"	1	0	1	5792	11079	16871	85910	136409	222319
"2010.07.31"	"Iraq"	"Yusufiya"	4	11	15	5796	11090	16886	85914	136420	222334
"2010.07.31"	"Iraq"	"Tarmiya"	3	8	11	5799	11098	16897	85917	136428	222345
"2010.07.31"	"Pakistan"	"North Waziristan"	2	0	2	5801	11098	16899	85919	136428	222347
"2010.07.31"	"Chechnya"	"Grozny"	2	0	2	5803	11098	16901	85921	136428	222349
"2010.08.01"	"Pakistan"	"South Waziristan"	2	0	2	5805	11098	16903	85923	136428	222351
"2010.08.02"	"Jordan"	"Aqaba"	1	5	6	5806	11103	16909	85924	136433	222357
"2010.08.02"	"Afghanistan"	"Kandahar"	5	1	6	5811	11104	16915	85929	136434	222363
"2010.08.02"	"Iraq"	"Fallujah"	3	7	10	5814	11111	16925	85932	136441	222373
"2010.08.02"	"Iraq"	"Baghdad"	10	22	32	5824	11133	16957	85942	136463	222405
"2010.08.02"	"Afghanistan"	"Faryab"	4	3	7	5828	11136	16964	85946	136466	222412
"2010.08.02"	"Dagestan"	"Gubden"	1	0	1	5829	11136	16965	85947	136466	222413
"2010.08.03"	"Dagestan"	"Makhachkala"	2	0	2	5831	11136	16967	85949	136466	222415
"2010.08.03"	"Iraq"	"Kut"	12	55	67	5843	11191	17034	85961	136521	222482
"2010.08.03"	"Iraq"	"Mosul"	9	15	24	5852	11206	17058	85970	136536	222506
"2010.08.03"	"Iraq"	"Baghdad"	5	0	5	5857	11206	17063	85975	136536	222511
"2010.08.04"	"Pakistan"	"Peshawar"	4	11	15	5861	11217	17078	85979	136547	222526
"2010.08.04"	"Somalia"	"Bondhere"	3	12	15	5864	11229	17093	85982	136559	222541
"2010.08.04"	"Afghanistan"	"Helmand"	1	0	1	5865	11229	17094	85983	136559	222542
"2010.08.04"	"Thailand"	"Pattani"	1	0	1	5866	11229	17095	85984	136559	222543
"2010.08.04"	"Afghanistan"	"Uruzgan"	1	1	2	5867	11230	17097	85985	136560	222545
"2010.08.05"	"India"	"Baramulla"	1	2	3	5868	11232	17100	85986	136562	222548
"2010.08.05"	"Afghanistan"	"Kunduz"	7	13	20	5875	11245	17120	85993	136575	222568
"2010.08.05"	"Yemen"	"Abyan"	3	1	4	5878	11246	17124	85996	136576	222572
"2010.08.05"	"Ingushetia"	"Nazran"	2	0	2	5880	11246	17126	85998	136576	222574
"2010.08.05"	"Iraq"	"Tikrit"	3	0	3	5883	11246	17129	86001	136576	222577
"2010.08.05"	"Iraq"	"Baghdad"	6	8	14	5889	11254	17143	86007	136584	222591
"2010.08.05"	"Iraq"	"Abu Ghraib"	3	0	3	5892	11254	17146	86010	136584	222594
"2010.08.05"	"Pakistan"	"Quetta"	1	1	2	5893	11255	17148	86011	136585	222596
"2010.08.05"	"Philippines"	"Zamboanga"	5	24	29	5898	11279	17177	86016	136609	222625
"2010.08.06"	"Iraq"	"Baghdad"	2	13	15	5900	11292	17192	86018	136622	222640
"2010.08.06"	"Iraq"	"Kirkuk"	1	0	1	5901	11292	17193	86019	136622	222641
"2010.08.06"	"Russia"	"Baksan"	2	0	2	5903	11292	17195	86021	136622	222643
"2010.08.07"	"Afghanistan"	"Helmand"	1	0	1	5904	11292	17196	86022	136622	222644
"2010.08.07"	"Afghanistan"	"Helmand"	5	13	18	5909	11305	17214	86027	136635	222662
"2010.08.07"	"Afghanistan"	"Maiwand"	1	1	2	5910	11306	17216	86028	136636	222664
"2010.08.07"	"Thailand"	"Yala"	1	0	1	5911	11306	17217	86029	136636	222665
"2010.08.07"	"Thailand"	"Pattani"	2	1	3	5913	11307	17220	86031	136637	222668
"2010.08.07"	"Afghanistan"	"Nuristan"	10	0	10	5923	11307	17230	86041	136637	222678
"2010.08.07"	"Iraq"	"Garma"	3	15	18	5926	11322	17248	86044	136652	222696
"2010.08.07"	"Iraq"	"Basra"	43	185	228	5969	11507	17476	86087	136837	222924
"2010.08.07"	"Thailand"	"Narathiwat"	1	0	1	5970	11507	17477	86088	136837	222925
"2010.08.08"	"Iraq"	"Fallujah"	4	14	18	5974	11521	17495	86092	136851	222943
"2010.08.08"	"Iraq"	"Ramadi"	8	50	58	5982	11571	17553	86100	136901	223001
"2010.08.08"	"Indonesia"	"Bekasi"	0	12	12	5982	11583	17565	86100	136913	223013
"2010.08.09"	"Thailand"	"Narathiwat"	1	0	1	5983	11583	17566	86101	136913	223014
"2010.08.09"	"Afghanistan"	"Badghis"	1	0	1	5984	11583	17567	86102	136913	223015
"2010.08.09"	"Iraq"	"Baghdad"	3	10	13	5987	11593	17580	86105	136923	223028
"2010.08.10"	"Iraq"	"Baghdad"	5	16	21	5992	11609	17601	86110	136939	223049
"2010.08.10"	"Pakistan"	"Mohmand"	3	0	3	5995	11609	17604	86113	136939	223052
"2010.08.10"	"India"	"Baramulla"	3	0	3	5998	11609	17607	86116	136939	223055
"2010.08.10"	"Afghanistan"	"Helmand"	5	0	5	6003	11609	17612	86121	136939	223060
"2010.08.10"	"Afghanistan"	"Kabul"	5	1	6	6008	11610	17618	86126	136940	223066
"2010.08.10"	"Russia"	"Kabardino-Balkaria"	2	0	2	6010	11610	17620	86128	136940	223068
"2010.08.11"	"Iraq"	"Sadiya"	11	4	15	6021	11614	17635	86139	136944	223083
"2010.08.11"	"Iraq"	"Baghdad"	1	1	2	6022	11615	17637	86140	136945	223085
"2010.08.11"	"Pakistan"	"Mohmand"	1	3	4	6023	11618	17641	86141	136948	223089
"2010.08.11"	"Pakistan"	"Karachi"	2	0	2	6025	11618	17643	86143	136948	223091
"2010.08.11"	"India"	"Rajouri"	2	21	23	6027	11639	17666	86145	136969	223114
"2010.08.12"	"Iraq"	"Baaj"	4	0	4	6031	11639	17670	86149	136969	223118
"2010.08.13"	"Afghanistan"	"Herat"	4	12	16	6035	11651	17686	86153	136981	223134
"2010.08.13"	"Yemen"	"Lahj"	1	0	1	6036	11651	17687	86154	136981	223135
"2010.08.13"	"Pakistan"	"Quetta"	1	0	1	6037	11651	17688	86155	136981	223136
"2010.08.14"	"India"	"Sopore"	1	0	1	6038	11651	17689	86156	136981	223137
"2010.08.14"	"Pakistan"	"Sindh"	2	8	10	6040	11659	17699	86158	136989	223147
"2010.08.14"	"Thailand"	"Pattani"	1	0	1	6041	11659	17700	86159	136989	223148
"2010.08.14"	"Thailand"	"Yala"	2	0	2	6043	11659	17702	86161	136989	223150
"2010.08.14"	"Iraq"	"Baghdad"	6	15	21	6049	11674	17723	86167	137004	223171
"2010.08.14"	"Egypt"	"Shimi"	0	11	11	6049	11685	17734	86167	137015	223182
"2010.08.14"	"Afghanistan"	"Dam Abad"	3	1	4	6052	11686	17738	86170	137016	223186
"2010.08.14"	"Afghanistan"	"Kunduz"	1	0	1	6053	11686	17739	86171	137016	223187
"2010.08.15"	"Iraq"	"Baghdad"	9	27	36	6062	11713	17775	86180	137043	223223
"2010.08.15"	"Iraq"	"Jurf al-Sakhar"	3	2	5	6065	11715	17780	86183	137045	223228
"2010.08.15"	"Iraq"	"Numaniya"	1	0	1	6066	11715	17781	86184	137045	223229
"2010.08.16"	"Afghanistan"	"Herat"	5	2	7	6071	11717	17788	86189	137047	223236
"2010.08.16"	"Afghanistan"	"Farah"	2	0	2	6073	11717	17790	86191	137047	223238
"2010.08.16"	"Afghanistan"	"Kunduz"	2	0	2	6075	11717	17792	86193	137047	223240
"2010.08.16"	"Somalia"	"Elasha Biyaha"	1	0	1	6076	11717	17793	86194	137047	223241
"2010.08.16"	"Pakistan"	"Karachi"	4	0	4	6080	11717	17797	86198	137047	223245
"2010.08.16"	"Somalia"	"Mogadishu"	9	53	62	6089	11770	17859	86207	137100	223307
"2010.08.16"	"Iraq"	"Muqdadiya"	4	9	13	6093	11779	17872	86211	137109	223320
"2010.08.16"	"Afghanistan"	"Ghazni"	2	5	7	6095	11784	17879	86213	137114	223327
"2010.08.17"	"Iraq"	"Diyala"	3	0	3	6098	11784	17882	86216	137114	223330
"2010.08.17"	"Pakistan"	"Karachi"	1	0	1	6099	11784	17883	86217	137114	223331
"2010.08.17"	"Pakistan"	"Peshawar"	2	0	2	6101	11784	17885	86219	137114	223333
"2010.08.17"	"Iraq"	"Baghdad"	10	46	56	6111	11830	17941	86229	137160	223389
"2010.08.17"	"Somalia"	"Mogadishu"	1	2	3	6112	11832	17944	86230	137162	223392
"2010.08.17"	"Afghanistan"	"Spin Boldak"	8	0	8	6120	11832	17952	86238	137162	223400
"2010.08.17"	"Afghanistan"	"Zabul"	2	0	2	6122	11832	17954	86240	137162	223402
"2010.08.17"	"Russia"	"North Ossetia"	2	23	25	6124	11855	17979	86242	137185	223427
"2010.08.17"	"Iraq"	"Baghdad"	61	129	190	6185	11984	18169	86303	137314	223617
"2010.08.18"	"Pal. Auth."	"Gaza"	1	0	1	6186	11984	18170	86304	137314	223618
"2010.08.18"	"Afghanistan"	"Kandahar"	1	0	1	6187	11984	18171	86305	137314	223619
"2010.08.18"	"Iraq"	"Mosul"	4	2	6	6191	11986	18177	86309	137316	223625
"2010.08.18"	"Iraq"	"Tikrit"	2	3	5	6193	11989	18182	86311	137319	223630
"2010.08.18"	"Pakistan"	"Nazimabad"	1	0	1	6194	11989	18183	86312	137319	223631
"2010.08.18"	"Iraq"	"Diyala"	3	0	3	6197	11989	18186	86315	137319	223634
"2010.08.18"	"India"	"Sopore"	1	2	3	6198	11991	18189	86316	137321	223637
"2010.08.18"	"India"	"Kulgam"	2	0	2	6200	11991	18191	86318	137321	223639
"2010.08.18"	"Indonesia"	"Medan"	1	1	2	6201	11992	18193	86319	137322	223641
"2010.08.19"	"Algeria"	"Baghlia"	3	4	7	6204	11996	18200	86322	137326	223648
"2010.08.19"	"Yemen"	"Abyan"	2	1	3	6206	11997	18203	86324	137327	223651
"2010.08.19"	"Afghanistan"	"Nangarhar"	2	14	16	6208	12011	18219	86326	137341	223667
"2010.08.19"	"China"	"Xinjiang"	7	14	21	6215	12025	18240	86333	137355	223688
"2010.08.19"	"Iraq"	"Mosul"	3	4	7	6218	12029	18247	86336	137359	223695
"2010.08.19"	"Pakistan"	"Orakzai"	1	0	1	6219	12029	18248	86337	137359	223696
"2010.08.19"	"Afghanistan"	"Logar"	2	0	2	6221	12029	18250	86339	137359	223698
"2010.08.20"	"Thailand"	"Yala"	1	0	1	6222	12029	18251	86340	137359	223699
"2010.08.20"	"Afghanistan"	"Kandahar"	1	0	1	6223	12029	18252	86341	137359	223700
"2010.08.20"	"Afghanistan"	"Helmand"	30	17	47	6253	12046	18299	86371	137376	223747
"2010.08.20"	"Yemen"	"Loder"	11	0	11	6264	12046	18310	86382	137376	223758
"2010.08.20"	"Pakistan"	"Sanghar"	1	0	1	6265	12046	18311	86383	137376	223759
"2010.08.20"	"Iraq"	"Baghdad"	3	6	9	6268	12052	18320	86386	137382	223768
"2010.08.20"	"Pakistan"	"Dera Ismail Khan"	2	1	3	6270	12053	18323	86388	137383	223771
"2010.08.21"	"Iraq"	"Baghdad"	3	1	4	6273	12054	18327	86391	137384	223775
"2010.08.21"	"Afghanistan"	"Helmand"	6	0	6	6279	12054	18333	86397	137384	223781
"2010.08.21"	"Afghanistan"	"Paktika"	8	5	13	6287	12059	18346	86405	137389	223794
"2010.08.21"	"Afghanistan"	"Herat"	2	0	2	6289	12059	18348	86407	137389	223796
"2010.08.21"	"Pakistan"	"Baghlia"	6	5	11	6295	12064	18359	86413	137394	223807
"2010.08.21"	"Ethiopia"	"Addis Ababa"	0	1	1	6295	12065	18360	86413	137395	223808
"2010.08.21"	"Dagestan"	"Kizlyar"	1	3	4	6296	12068	18364	86414	137398	223812
"2010.08.22"	"Tajikistan"	"Dushanbe"	5	1	6	6301	12069	18370	86419	137399	223818
"2010.08.22"	"India"	"Kulgam"	2	0	2	6303	12069	18372	86421	137399	223820
"2010.08.22"	"Iraq"	"Mussayab"	1	11	12	6304	12080	18384	86422	137410	223832
"2010.08.22"	"Pakistan"	"Peshawar"	1	3	4	6305	12083	18388	86423	137413	223836
"2010.08.22"	"India"	"Pulwama"	1	0	1	6306	12083	18389	86424	137413	223837
"2010.08.22"	"Pakistan"	"Dera Ismail Khan"	1	0	1	6307	12083	18390	86425	137413	223838
"2010.08.23"	"Thailand"	"Pattani"	2	4	6	6309	12087	18396	86427	137417	223844
"2010.08.23"	"Pakistan"	"Kurram"	8	10	18	6317	12097	18414	86435	137427	223862
"2010.08.23"	"Pakistan"	"South Waziristan"	26	40	66	6343	12137	18480	86461	137467	223928
"2010.08.23"	"Iraq"	"Baghdad"	3	15	18	6346	12152	18498	86464	137482	223946
"2010.08.23"	"Pakistan"	"Matni"	3	3	6	6349	12155	18504	86467	137485	223952
"2010.08.23"	"Iraq"	"Baiji"	7	0	7	6356	12155	18511	86474	137485	223959
"2010.08.23"	"Pakistan"	"Landikotal"	2	0	2	6358	12155	18513	86476	137485	223961
"2010.08.24"	"Mali"	"Bamako"	1	0	1	6359	12155	18514	86477	137485	223962
"2010.08.24"	"Iraq"	"Fallujah"	2	2	4	6361	12157	18518	86479	137487	223966
"2010.08.24"	"Somalia"	"Mogadishu"	33	150	183	6394	12307	18701	86512	137637	224149
"2010.08.24"	"Iraq"	"Baghdad"	3	0	3	6397	12307	18704	86515	137637	224152
"2010.08.24"	"Iraq"	"Baqubah"	3	13	16	6400	12320	18720	86518	137650	224168
"2010.08.24"	"Pakistan"	"Bajaur"	1	0	1	6401	12320	18721	86519	137650	224169
"2010.08.24"	"Pakistan"	"Peshawar"	1	0	1	6402	12320	18722	86520	137650	224170
"2010.08.25"	"Pakistan"	"Swat"	3	6	9	6405	12326	18731	86523	137656	224179
"2010.08.25"	"Pakistan"	"Mohmand"	2	2	4	6407	12328	18735	86525	137658	224183
"2010.08.25"	"Pakistan"	"Bajaur"	1	0	1	6408	12328	18736	86526	137658	224184
"2010.08.25"	"Iraq"	"Baghdad"	63	277	340	6471	12605	19076	86589	137935	224524
"2010.08.25"	"Thailand"	"Pattani"	1	0	1	6472	12605	19077	86590	137935	224525
"2010.08.25"	"Yemen"	"Zinjibar"	4	1	5	6476	12606	19082	86594	137936	224530
"2010.08.25"	"Afghanistan"	"Badghis"	3	0	3	6479	12606	19085	86597	137936	224533
"2010.08.26"	"Thailand"	"Pattani"	1	0	1	6480	12606	19086	86598	137936	224534
"2010.08.26"	"Thailand"	"Narathiwat"	1	0	1	6481	12606	19087	86599	137936	224535
"2010.08.26"	"Thailand"	"Yala"	1	0	1	6482	12606	19088	86600	137936	224536
"2010.08.26"	"Thailand"	"Pattani"	1	0	1	6483	12606	19089	86601	137936	224537
"2010.08.26"	"Somalia"	"Mogadishu"	14	8	22	6497	12614	19111	86615	137944	224559
"2010.08.26"	"Iraq"	"Mosul"	4	11	15	6501	12625	19126	86619	137955	224574
"2010.08.26"	"Iraq"	"Muqdadiya"	6	0	6	6507	12625	19132	86625	137955	224580
"2010.08.26"	"Pakistan"	"Bajaur"	1	0	1	6508	12625	19133	86626	137955	224581
"2010.08.26"	"Afghanistan"	"Kunduz"	8	1	9	6516	12626	19142	86634	137956	224590
"2010.08.26"	"Philippines"	"Balili"	4	0	4	6520	12626	19146	86638	137956	224594
"2010.08.27"	"Thailand"	"Pattani"	1	0	1	6521	12626	19147	86639	137956	224595
"2010.08.27"	"Thailand"	"Yala"	1	0	1	6522	12626	19148	86640	137956	224596
"2010.08.27"	"Iraq"	"Mosul"	1	0	1	6523	12626	19149	86641	137956	224597
"2010.08.27"	"Iraq"	"Kirkuk"	1	3	4	6524	12629	19153	86642	137959	224601
"2010.08.27"	"Iraq"	"Mosul"	2	0	2	6526	12629	19155	86644	137959	224603
"2010.08.27"	"Pakistan"	"Ghaziabad"	1	0	1	6527	12629	19156	86645	137959	224604
"2010.08.27"	"Iraq"	"Shurqat"	3	3	6	6530	12632	19162	86648	137962	224610
"2010.08.27"	"Iraq"	"Baaj"	3	0	3	6533	12632	19165	86651	137962	224613
"2010.08.27"	"Iraq"	"Mahaweel"	2	0	2	6535	12632	19167	86653	137962	224615
"2010.08.27"	"Nigeria"	"Borno"	3	0	3	6538	12632	19170	86656	137962	224618
"2010.08.28"	"Yemen"	"Abyan"	10	2	12	6548	12634	19182	86666	137964	224630
"2010.08.28"	"Thailand"	"Narathiwat"	1	0	1	6549	12634	19183	86667	137964	224631
"2010.08.28"	"Pakistan"	"Khyber"	1	0	1	6550	12634	19184	86668	137964	224632
"2010.08.29"	"Philippines"	"Bukidnon"	0	2	2	6550	12636	19186	86668	137966	224634
"2010.08.29"	"Chechnya"	"Tsentoroi"	7	5	12	6557	12641	19198	86675	137971	224646
"2010.08.29"	"Thailand"	"Pattani"	2	0	2	6559	12641	19200	86677	137971	224648
"2010.08.29"	"Thailand"	"Narathiwat"	1	0	1	6560	12641	19201	86678	137971	224649
"2010.08.29"	"Afghanistan"	"Kabul"	6	0	6	6566	12641	19207	86684	137971	224655
"2010.08.29"	"Iraq"	"Mosul"	5	12	17	6571	12653	19224	86689	137983	224672
"2010.08.29"	"Pakistan"	"Khyber"	2	4	6	6573	12657	19230	86691	137987	224678
"2010.08.30"	"Afghanistan"	"Marjah"	2	1	3	6575	12658	19233	86693	137988	224681
"2010.08.30"	"Afghanistan"	"Jalalabad"	1	3	4	6576	12661	19237	86694	137991	224685
"2010.08.30"	"Afghanistan"	"Helman"	1	0	1	6577	12661	19238	86695	137991	224686
"2010.08.30"	"Somalia"	"Mogadishu"	4	8	12	6581	12669	19250	86699	137999	224698
"2010.08.30"	"Iraq"	"Baghdad"	1	3	4	6582	12672	19254	86700	138002	224702
"2010.08.31"	"Somalia"	"Mogadishu"	8	14	22	6590	12686	19276	86708	138016	224724
"2010.08.31"	"Pakistan"	"Kurram"	7	1	8	6597	12687	19284	86715	138017	224732
"2010.08.31"	"Israel"	"Hebron"	4	0	4	6601	12687	19288	86719	138017	224736
"2010.08.31"	"Afghanistan"	"Kabul"	11	0	11	6612	12687	19299	86730	138017	224747
"2010.08.31"	"Iraq"	"Mosul"	2	1	3	6614	12688	19302	86732	138018	224750
"2010.08.31"	"India"	"Bandipora"	1	2	3	6615	12690	19305	86733	138020	224753
"2010.08.31"	"India"	"Kishtwar"	1	0	1	6616	12690	19306	86734	138020	224754
"2010.08.31"	"Afghanistan"	"Kabul"	3	12	15	6619	12702	19321	86737	138032	224769
"2010.08.31"	"Afghanistan"	"Badakhshan"	3	0	3	6622	12702	19324	86740	138032	224772
"2010.08.31"	"Somalia"	"Las Anod"	1	0	1	6623	12702	19325	86741	138032	224773
"2010.09.01"	"Pakistan"	"Karachi"	1	0	1	6624	12702	19326	86742	138032	224774
"2010.09.01"	"Israel"	"Samaria"	0	2	2	6624	12704	19328	86742	138034	224776
"2010.09.01"	"Thailand"	"Yala"	1	0	1	6625	12704	19329	86743	138034	224777
"2010.09.01"	"Thailand"	"Pattani"	2	0	2	6627	12704	19331	86745	138034	224779
"2010.09.01"	"Iraq"	"Mosul"	3	6	9	6630	12710	19340	86748	138040	224788
"2010.09.01"	"Algeria"	"Boumerdes"	2	26	28	6632	12736	19368	86750	138066	224816
"2010.09.01"	"Afghanistan"	"Kandahar"	2	2	4	6634	12738	19372	86752	138068	224820
"2010.09.01"	"Afghanistan"	"Helmand"	0	15	15	6634	12753	19387	86752	138083	224835
"2010.09.01"	"Pakistan"	"Lahore"	43	270	313	6677	13023	19700	86795	138353	225148
"2010.09.02"	"Thailand"	"Pattani"	1	1	2	6678	13024	19702	86796	138354	225150
"2010.09.02"	"Iraq"	"Baiji"	2	5	7	6680	13029	19709	86798	138359	225157
"2010.09.02"	"Iraq"	"Baghdad"	2	0	2	6682	13029	19711	86800	138359	225159
"2010.09.02"	"Pakistan"	"Kyber"	1	0	1	6683	13029	19712	86801	138359	225160
"2010.09.02"	"Pakistan"	"Bajaur"	1	2	3	6684	13031	19715	86802	138361	225163
"2010.09.02"	"Sudan"	"Tabra"	74	79	153	6758	13110	19868	86876	138440	225316
"2010.09.02"	"Pakistan"	"Turbat"	2	8	10	6760	13118	19878	86878	138448	225326
"2010.09.03"	"Somalia"	"Galgala"	5	0	5	6765	13118	19883	86883	138448	225331
"2010.09.03"	"Tajikistan"	"Khujand"	2	25	27	6767	13143	19910	86885	138473	225358
"2010.09.03"	"Pakistan"	"Mardan"	1	2	3	6768	13145	19913	86886	138475	225361
"2010.09.03"	"Pakistan"	"Quetta"	73	149	222	6841	13294	20135	86959	138624	225583
"2010.09.03"	"Azerbaijan"	"Gumbashly"	1	1	2	6842	13295	20137	86960	138625	225585
"2010.09.03"	"Iraq"	"Baghdad"	4	4	8	6846	13299	20145	86964	138629	225593
"2010.09.03"	"Iraq"	"Mosul"	1	0	1	6847	13299	20146	86965	138629	225594
"2010.09.03"	"Pakistan"	"Peshawar"	1	3	4	6848	13302	20150	86966	138632	225598
"2010.09.04"	"Thailand"	"Pattani"	1	1	2	6849	13303	20152	86967	138633	225600
"2010.09.04"	"Afghanistan"	"Kunduz"	7	17	24	6856	13320	20176	86974	138650	225624
"2010.09.04"	"Afghanistan"	"Faryab"	3	5	8	6859	13325	20184	86977	138655	225632
"2010.09.04"	"Dagestan"	"Makhachkala"	1	3	4	6860	13328	20188	86978	138658	225636
"2010.09.04"	"Afghanistan"	"Ghazni"	1	0	1	6861	13328	20189	86979	138658	225637
"2010.09.04"	"Pakistan"	"Sindh"	2	0	2	6863	13328	20191	86981	138658	225639
"2010.09.04"	"Afghanistan"	"Kandahar"	3	11	14	6866	13339	20205	86984	138669	225653
"2010.09.05"	"Pakistan"	"Punjab"	1	0	1	6867	13339	20206	86985	138669	225654
"2010.09.05"	"Iraq"	"Baghdad"	12	36	48	6879	13375	20254	86997	138705	225702
"2010.09.05"	"Dagestan"	"Buinaksk"	5	36	41	6884	13411	20295	87002	138741	225743
"2010.09.05"	"Yemen"	"Abyan"	3	0	3	6887	13411	20298	87005	138741	225746
"2010.09.05"	"Nigeria"	"Borno"	2	4	6	6889	13415	20304	87007	138745	225752
"2010.09.06"	"Algeria"	"Tebessa"	2	0	2	6891	13415	20306	87009	138745	225754
"2010.09.06"	"Algeria"	"Skikda"	3	2	5	6894	13417	20311	87012	138747	225759
"2010.09.06"	"Tajikistan"	"Dushanbe"	0	7	7	6894	13424	20318	87012	138754	225766
"2010.09.06"	"Afghanistan"	"Baghlan"	2	0	2	6896	13424	20320	87014	138754	225768
"2010.09.06"	"Thailand"	"Pattani"	2	0	2	6898	13424	20322	87016	138754	225770
"2010.09.06"	"Thailand"	"Yala"	1	0	1	6899	13424	20323	87017	138754	225771
"2010.09.06"	"Iraq"	"Samarra"	5	0	5	6904	13424	20328	87022	138754	225776
"2010.09.06"	"Afghanistan"	"Kabul"	1	0	1	6905	13424	20329	87023	138754	225777
"2010.09.06"	"Pakistan"	"Lakki Marwat"	19	46	65	6924	13470	20394	87042	138800	225842
"2010.09.06"	"Afghanistan"	"Paktika"	3	5	8	6927	13475	20402	87045	138805	225850
"2010.09.06"	"Pakistan"	"Kohat"	21	40	61	6948	13515	20463	87066	138845	225911
"2010.09.07"	"Pakistan"	"Hangu"	1	2	3	6949	13517	20466	87067	138847	225914
"2010.09.07"	"Iraq"	"Baghdad"	1	0	1	6950	13517	20467	87068	138847	225915
"2010.09.07"	"Thailand"	"Narathiwat"	1	0	1	6951	13517	20468	87069	138847	225916
"2010.09.07"	"Thailand"	"Narathiwat"	2	0	2	6953	13517	20470	87071	138847	225918
"2010.09.07"	"Iraq"	"Mosul"	1	0	1	6954	13517	20471	87072	138847	225919
"2010.09.07"	"Iraq"	"Baghdad"	2	6	8	6956	13523	20479	87074	138853	225927
"2010.09.07"	"Pakistan"	"Punjab"	2	0	2	6958	13523	20481	87076	138853	225929
"2010.09.07"	"Russia"	"Baksanenok"	1	0	1	6959	13523	20482	87077	138853	225930
"2010.09.07"	"Iraq"	"Samarra"	3	0	3	6962	13523	20485	87080	138853	225933
"2010.09.08"	"Nigeria"	"Bauchi"	4	8	12	6966	13531	20497	87084	138861	225945
"2010.09.08"	"Iraq"	"Kirkuk"	4	10	14	6970	13541	20511	87088	138871	225959
"2010.09.08"	"Iraq"	"Baghdad"	3	12	15	6973	13553	20526	87091	138883	225974
"2010.09.08"	"Iraq"	"Baghdad"	3	19	22	6976	13572	20548	87094	138902	225996
"2010.09.08"	"Pakistan"	"Khyber"	4	0	4	6980	13572	20552	87098	138902	226000
"2010.09.09"	"Pakistan"	"Quetta"	5	4	9	6985	13576	20561	87103	138906	226009
"2010.09.09"	"Yemen"	"Moudia"	3	4	7	6988	13580	20568	87106	138910	226016
"2010.09.09"	"Iraq"	"Muqdadiya"	1	1	2	6989	13581	20570	87107	138911	226018
"2010.09.09"	"Iraq"	"Diyala"	1	0	1	6990	13581	20571	87108	138911	226019
"2010.09.09"	"Pakistan"	"Kurram"	10	4	14	7000	13585	20585	87118	138915	226033
"2010.09.09"	"Somalia"	"Mogadishu"	9	3	12	7009	13588	20597	87127	138918	226045
"2010.09.09"	"Russia"	"Vladikavkaz"	18	123	141	7027	13711	20738	87145	139041	226186
"2010.09.09"	"Thailand"	"Yala"	1	0	1	7028	13711	20739	87146	139041	226187
"2010.09.09"	"Iraq"	"Abu Ghraib"	1	0	1	7029	13711	20740	87147	139041	226188
"2010.09.09"	"Iraq"	"Baghdad"	3	10	13	7032	13721	20753	87150	139051	226201
"2010.09.09"	"Pakistan"	"Khyber"	3	0	3	7035	13721	20756	87153	139051	226204
"2010.09.09"	"Dagestan"	"Derbent"	2	0	2	7037	13721	20758	87155	139051	226206
"2010.09.09"	"Iraq"	"Baghdad"	2	2	4	7039	13723	20762	87157	139053	226210
"2010.09.10"	"Dagestan"	"Makhachkala"	1	0	1	7040	13723	20763	87158	139053	226211
"2010.09.10"	"Ingushetia"	"Nazran"	1	0	1	7041	13723	20764	87159	139053	226212
"2010.09.11"	"Iraq"	"Baghdad"	2	4	6	7043	13727	20770	87161	139057	226218
"2010.09.12"	"Somalia"	"Mogadishu"	5	24	29	7048	13751	20799	87166	139081	226247
"2010.09.12"	"Iraq"	"Hudayyeb"	1	1	2	7049	13752	20801	87167	139082	226249
"2010.09.12"	"Iraq"	"Baquba"	2	1	3	7051	13753	20804	87169	139083	226252
"2010.09.12"	"Iraq"	"Buhriz"	1	3	4	7052	13756	20808	87170	139086	226256
"2010.09.12"	"Afghanistan"	"Helmand"	2	12	14	7054	13768	20822	87172	139098	226270
"2010.09.12"	"Dagestan"	"Makhachkala"	1	0	1	7055	13768	20823	87173	139098	226271
"2010.09.12"	"Indonesia"	"Bekasi"	0	2	2	7055	13770	20825	87173	139100	226273
"2010.09.13"	"Iraq"	"Baghdad"	4	6	10	7059	13776	20835	87177	139106	226283
"2010.09.13"	"Pakistan"	"Kurram"	6	4	10	7065	13780	20845	87183	139110	226293
"2010.09.13"	"India"	"Pulwama"	1	0	1	7066	13780	20846	87184	139110	226294
"2010.09.13"	"India"	"Poonch"	1	0	1	7067	13780	20847	87185	139110	226295
"2010.09.13"	"Ethiopia"	"Dufti"	0	1	1	7067	13781	20848	87185	139111	226296
"2010.09.14"	"Ingushetia"	"Nazran"	0	1	1	7067	13782	20849	87185	139112	226297
"2010.09.14"	"Iraq"	"Mosul"	2	0	2	7069	13782	20851	87187	139112	226299
"2010.09.14"	"Iraq"	"Baghdad"	1	0	1	7070	13782	20852	87188	139112	226300
"2010.09.14"	"Pakistan"	"Hangu"	1	0	1	7071	13782	20853	87189	139112	226301
"2010.09.15"	"Afghanistan"	"Balkh"	2	0	2	7073	13782	20855	87191	139112	226303
"2010.09.15"	"Afghanistan"	"Kandahar"	2	0	2	7075	13782	20857	87193	139112	226305
"2010.09.15"	"Iraq"	"Tal Afar"	10	5	15	7085	13787	20872	87203	139117	226320
"2010.09.16"	"Somalia"	"Mogadishu"	3	6	9	7088	13793	20881	87206	139123	226329
"2010.09.16"	"Yemen"	"Shabwa"	2	0	2	7090	13793	20883	87208	139123	226331
"2010.09.16"	"Philippines"	"Basilan"	3	0	3	7093	13793	20886	87211	139123	226334
"2010.09.16"	"Afghanistan"	"Ghazni"	5	2	7	7098	13795	20893	87216	139125	226341
"2010.09.16"	"Thailand"	"Narathiwat"	2	0	2	7100	13795	20895	87218	139125	226343
"2010.09.16"	"Iraq"	"Samarrah"	3	6	9	7103	13801	20904	87221	139131	226352
"2010.09.16"	"Iraq"	"Abu Saida"	2	0	2	7105	13801	20906	87223	139131	226354
"2010.09.16"	"Pakistan"	"Khar"	2	0	2	7107	13801	20908	87225	139131	226356
"2010.09.16"	"Dagestan"	"Kaspiisk"	1	0	1	7108	13801	20909	87226	139131	226357
"2010.09.17"	"Afghanistan"	"Balkh"	9	0	9	7117	13801	20918	87235	139131	226366
"2010.09.17"	"Iraq"	"Hawija"	4	9	13	7121	13810	20931	87239	139140	226379
"2010.09.18"	"Iraq"	"Mosul"	1	0	1	7122	13810	20932	87240	139140	226380
"2010.09.18"	"Iran"	"Iranshahr"	1	0	1	7123	13810	20933	87241	139140	226381
"2010.09.18"	"Afghanistan"	"Zabul"	3	0	3	7126	13810	20936	87244	139140	226384
"2010.09.18"	"Afghanistan"	"Sharsharak"	3	4	7	7129	13814	20943	87247	139144	226391
"2010.09.18"	"Afghanistan"	"Kunar"	1	1	2	7130	13815	20945	87248	139145	226393
"2010.09.18"	"Afghanistan"	"Asadabad"	1	1	2	7131	13816	20947	87249	139146	226395
"2010.09.18"	"Afghanistan"	"Baghlan"	7	5	12	7138	13821	20959	87256	139151	226407
"2010.09.18"	"Afghanistan"	"Nazyan"	2	1	3	7140	13822	20962	87258	139152	226410
"2010.09.18"	"Kenya"	"Nairobi"	0	6	6	7140	13828	20968	87258	139158	226416
"2010.09.19"	"Tajikistan"	"Rasht"	25	20	45	7165	13848	21013	87283	139178	226461
"2010.09.19"	"Afghanistan"	"Balkh"	3	0	3	7168	13848	21016	87286	139178	226464
"2010.09.19"	"Thailand"	"Narathiwat"	2	0	2	7170	13848	21018	87288	139178	226466
"2010.09.19"	"Thailand"	"Narathiwat"	2	0	2	7172	13848	21020	87290	139178	226468
"2010.09.19"	"Afghanistan"	"Kunduz"	8	0	8	7180	13848	21028	87298	139178	226476
"2010.09.19"	"India"	"New Delhi"	0	2	2	7180	13850	21030	87298	139180	226478
"2010.09.19"	"Iraq"	"Baghdad"	2	0	2	7182	13850	21032	87300	139180	226480
"2010.09.19"	"Iraq"	"Fallujah"	6	14	20	7188	13864	21052	87306	139194	226500
"2010.09.19"	"Iraq"	"Baghdad"	19	58	77	7207	13922	21129	87325	139252	226577
"2010.09.19"	"Iraq"	"Baghdad"	12	36	48	7219	13958	21177	87337	139288	226625
"2010.09.19"	"Pakistan"	"Karachi"	1	0	1	7220	13958	21178	87338	139288	226626
"2010.09.19"	"Afghanistan"	"Ghazni"	1	8	9	7221	13966	21187	87339	139296	226635
"2010.09.20"	"Iraq"	"Mosul"	1	0	1	7222	13966	21188	87340	139296	226636
"2010.09.20"	"Pakistan"	"Liaquatabad"	3	2	5	7225	13968	21193	87343	139298	226641
"2010.09.21"	"Algeria"	"Bordj Menaiel"	2	3	5	7227	13971	21198	87345	139301	226646
"2010.09.21"	"Afghanistan"	"Parwan"	5	5	10	7232	13976	21208	87350	139306	226656
"2010.09.21"	"Nigeria"	"Maiduguri"	2	0	2	7234	13976	21210	87352	139306	226658
"2010.09.21"	"Pakistan"	"Karachi"	2	2	4	7236	13978	21214	87354	139308	226662
"2010.09.21"	"Iraq"	"Mosul"	4	3	7	7240	13981	21221	87358	139311	226669
"2010.09.21"	"Iraq"	"Mosul"	4	20	24	7244	14001	21245	87362	139331	226693
"2010.09.22"	"Yemen"	"Hawta"	1	0	1	7245	14001	21246	87363	139331	226694
"2010.09.22"	"Somalia"	"Bosaso"	2	2	4	7247	14003	21250	87365	139333	226698
"2010.09.22"	"Indonesia"	"Sumatra"	3	0	3	7250	14003	21253	87368	139333	226701
"2010.09.22"	"Iraq"	"Mosul"	1	0	1	7251	14003	21254	87369	139333	226702
"2010.09.22"	"Pakistan"	"Khyber"	3	1	4	7254	14004	21258	87372	139334	226706
"2010.09.23"	"Iraq"	"Baghdad"	4	4	8	7258	14008	21266	87376	139338	226714
"2010.09.23"	"Thailand"	"Pattani"	2	0	2	7260	14008	21268	87378	139338	226716
"2010.09.23"	"Iraq"	"Mosul"	2	0	2	7262	14008	21270	87380	139338	226718
"2010.09.23"	"Iraq"	"Taji"	2	0	2	7264	14008	21272	87382	139338	226720
"2010.09.23"	"Pakistan"	"Landi Kotal"	3	0	3	7267	14008	21275	87385	139338	226723
"2010.09.24"	"Dagestan"	"Makhachkala"	2	44	46	7269	14052	21321	87387	139382	226769
"2010.09.24"	"Mogadishu"	"Hiran"	2	2	4	7271	14054	21325	87389	139384	226773
"2010.09.24"	"Iraq"	"Mosul"	1	2	3	7272	14056	21328	87390	139386	226776
"2010.09.24"	"Iraq"	"Kohat"	2	4	6	7274	14060	21334	87392	139390	226782
"2010.09.24"	"Chechnya"	"Grozny"	3	0	3	7277	14060	21337	87395	139390	226785
"2010.09.24"	"Dagestan"	"Makhachkala"	1	0	1	7278	14060	21338	87396	139390	226786
"2010.09.25"	"Iraq"	"Baghdad"	1	0	1	7279	14060	21339	87397	139390	226787
"2010.09.25"	"Pakistan"	"Kalat"	1	0	1	7280	14060	21340	87398	139390	226788
"2010.09.25"	"Yemen"	"Sanaa"	2	8	10	7282	14068	21350	87400	139398	226798
"2010.09.25"	"Afghanistan"	"Balkh"	1	15	16	7283	14083	21366	87401	139413	226814
"2010.09.25"	"Pakistan"	"Bahawalpur"	2	6	8	7285	14089	21374	87403	139419	226822
"2010.09.26"	"Iraq"	"Baghdad"	4	0	4	7289	14089	21378	87407	139419	226826
"2010.09.26"	"Ingushetia"	"Yandare"	1	1	2	7290	14090	21380	87408	139420	226828
"2010.09.26"	"Iraq"	"Garma"	4	4	8	7294	14094	21388	87412	139424	226836
"2010.09.26"	"Iraq"	"Mosul"	3	0	3	7297	14094	21391	87415	139424	226839
"2010.09.26"	"India"	"Baramulla"	1	0	1	7298	14094	21392	87416	139424	226840
"2010.09.27"	"Iraq"	"Mosul"	2	1	3	7300	14095	21395	87418	139425	226843
"2010.09.27"	"Pakistan"	"Karachi"	1	0	1	7301	14095	21396	87419	139425	226844
"2010.09.27"	"Dagestan"	"Makhachkala"	2	1	3	7303	14096	21399	87421	139426	226847
"2010.09.27"	"India"	"Hat Thymmai"	1	2	3	7304	14098	21402	87422	139428	226850
"2010.09.28"	"Thailand"	"Pattani"	5	3	8	7309	14101	21410	87427	139431	226858
"2010.09.28"	"Afghanistan"	"Ghazni"	5	17	22	7314	14118	21432	87432	139448	226880
"2010.09.28"	"Iraq"	"Tarmiya"	2	8	10	7316	14126	21442	87434	139456	226890
"2010.09.28"	"Iraq"	"Samarrah"	1	0	1	7317	14126	21443	87435	139456	226891
"2010.09.29"	"Yemen"	"Shabwa"	3	0	3	7320	14126	21446	87438	139456	226894
"2010.09.29"	"Iraq"	"Baqubah"	1	1	2	7321	14127	21448	87439	139457	226896
"2010.09.29"	"Russia"	"Elbrus"	2	20	22	7323	14147	21470	87441	139477	226918
"2010.09.30"	"Afghanistan"	"Kandahar"	3	9	12	7326	14156	21482	87444	139486	226930
"2010.10.01"	"Pakistan"	"Haripur"	7	0	7	7333	14156	21489	87451	139486	226937
"2010.10.01"	"Pakistan"	"Sindh"	5	8	13	7338	14164	21502	87456	139494	226950
"2010.10.01"	"Iraq"	"Baghdad"	3	7	10	7341	14171	21512	87459	139501	226960
"2010.10.01"	"Yemen"	"Sanaa"	1	1	2	7342	14172	21514	87460	139502	226962
"2010.10.02"	"Iraq"	"Mosul"	3	0	3	7345	14172	21517	87463	139502	226965
"2010.10.02"	"Afghanistan"	"Helmand"	1	1	2	7346	14173	21519	87464	139503	226967
"2010.10.02"	"Pakistan"	"Mardan"	1	0	1	7347	14173	21520	87465	139503	226968
"2010.10.02"	"Afghanistan"	"Paktika"	7	0	7	7354	14173	21527	87472	139503	226975
"2010.10.03"	"Italy"	"Modena"	1	1	2	7355	14174	21529	87473	139504	226977
"2010.10.03"	"Algeria"	"Tizi Ouzou"	5	10	15	7360	14184	21544	87478	139514	226992
"2010.10.03"	"Thailand"	"Yala"	3	3	6	7363	14187	21550	87481	139517	226998
"2010.10.03"	"Iraq"	"Fallujah"	5	4	9	7368	14191	21559	87486	139521	227007
"2010.10.03"	"Iraq"	"Mosul"	1	0	1	7369	14191	21560	87487	139521	227008
"2010.10.03"	"Iraq"	"Mosul"	1	0	1	7370	14191	21561	87488	139521	227009
"2010.10.03"	"Pakistan"	"Miranshah"	3	0	3	7373	14191	21564	87491	139521	227012
"2010.10.03"	"Pakistan"	"Islamabad"	6	14	20	7379	14205	21584	87497	139535	227032
"2010.10.04"	"Afghanistan"	"Kandahar"	4	17	21	7383	14222	21605	87501	139552	227053
"2010.10.04"	"Afghanistan"	"Kandahar"	1	0	1	7384	14222	21606	87502	139552	227054
"2010.10.04"	"Dagestan"	"Chiryurt"	2	0	2	7386	14222	21608	87504	139552	227056
"2010.10.04"	"Iraq"	"Mussayab"	1	0	1	7387	14222	21609	87505	139552	227057
"2010.10.04"	"Iraq"	"Garma"	1	0	1	7388	14222	21610	87506	139552	227058
"2010.10.04"	"Iraq"	"Jalawla"	4	17	21	7392	14239	21631	87510	139569	227079
"2010.10.04"	"Afghanistan"	"Ghazni"	2	6	8	7394	14245	21639	87512	139575	227087
"2010.10.04"	"Somalia"	"Mogadish"	5	19	24	7399	14264	21663	87517	139594	227111
"2010.10.05"	"Afghanistan"	"Kandahar"	9	25	34	7408	14289	21697	87526	139619	227145
"2010.10.05"	"Pakistan"	"North Waziristan"	2	8	10	7410	14297	21707	87528	139627	227155
"2010.10.05"	"Pakistan"	"Sindh"	1	0	1	7411	14297	21708	87529	139627	227156
"2010.10.05"	"Thailand"	"Pattani"	1	0	1	7412	14297	21709	87530	139627	227157
"2010.10.05"	"Thailand"	"Yala"	1	0	1	7413	14297	21710	87531	139627	227158
"2010.10.05"	"Thailand"	"Pattani"	3	0	3	7416	14297	21713	87534	139627	227161
"2010.10.06"	"Afghanistan"	"Mizan"	3	0	3	7419	14297	21716	87537	139627	227164
"2010.10.06"	"Nigeria"	"Borno"	2	0	2	7421	14297	21718	87539	139627	227166
"2010.10.06"	"Iraq"	"Mosul"	2	0	2	7423	14297	21720	87541	139627	227168
"2010.10.06"	"Pakistan"	"Kohat"	0	3	3	7423	14300	21723	87541	139630	227171
"2010.10.07"	"Iraq"	"Mosul"	2	0	2	7425	14300	21725	87543	139630	227173
"2010.10.07"	"Iraq"	"al-Mohandeseen"	2	0	2	7427	14300	21727	87545	139630	227175
"2010.10.07"	"Pakistan"	"Karachi"	9	74	83	7436	14374	21810	87554	139704	227258
"2010.10.07"	"Pakistan"	"Kar Kandari"	2	0	2	7438	14374	21812	87556	139704	227260
"2010.10.07"	"Afghanistan"	"Baghlan"	1	6	7	7439	14380	21819	87557	139710	227267
"2010.10.07"	"Tajikistan"	"Rasht"	6	3	9	7445	14383	21828	87563	139713	227276
"2010.10.07"	"Nigeria"	"Maiduguri"	1	0	1	7446	14383	21829	87564	139713	227277
"2010.10.07"	"Iraq"	"Iskandariyah"	5	20	25	7451	14403	21854	87569	139733	227302
"2010.10.08"	"Pakistan"	"Punjab"	0	2	2	7451	14405	21856	87569	139735	227304
"2010.10.08"	"Iraq"	"Madaen"	1	0	1	7452	14405	21857	87570	139735	227305
"2010.10.08"	"Afghanistan"	"Kunar"	1	0	1	7453	14405	21858	87571	139735	227306
"2010.10.08"	"Afghanistan"	"Takhar"	20	35	55	7473	14440	21913	87591	139770	227361
"2010.10.08"	"Georgia"	"Gudauta"	1	2	3	7474	14442	21916	87592	139772	227364
"2010.10.08"	"Philippines"	"Cotabato"	2	1	3	7476	14443	21919	87594	139773	227367
"2010.10.09"	"Iraq"	"Fallujah"	3	0	3	7479	14443	21922	87597	139773	227370
"2010.10.09"	"Russia"	"Kabardino-Balkaria"	1	0	1	7480	14443	21923	87598	139773	227371
"2010.10.09"	"Iraq"	"Abu Ghraib"	1	4	5	7481	14447	21928	87599	139777	227376
"2010.10.09"	"Iraq"	"Yusufiya"	2	1	3	7483	14448	21931	87601	139778	227379
"2010.10.09"	"Bangladesh"	"Jhenaidah"	0	2	2	7483	14450	21933	87601	139780	227381
"2010.10.10"	"Iraq"	"Mosul"	3	0	3	7486	14450	21936	87604	139780	227384
"2010.10.10"	"Iraq"	"Leheis"	3	2	5	7489	14452	21941	87607	139782	227389
"2010.10.10"	"Afghanistan"	"Farah"	4	1	5	7493	14453	21946	87611	139783	227394
"2010.10.10"	"Nigeria"	"Maiduguri"	2	0	2	7495	14453	21948	87613	139783	227396
"2010.10.10"	"Afghanistan"	"Paktya"	9	0	9	7504	14453	21957	87622	139783	227405
"2010.10.11"	"Afghanistan"	"Zabul"	4	0	4	7508	14453	21961	87626	139783	227409
"2010.10.11"	"Thailand"	"Pattani"	1	0	1	7509	14453	21962	87627	139783	227410
"2010.10.11"	"Afghanistan"	"Kunar"	3	7	10	7512	14460	21972	87630	139790	227420
"2010.10.11"	"Thailand"	"Yala"	1	0	1	7513	14460	21973	87631	139790	227421
"2010.10.11"	"Iraq"	"Fallujah"	2	1	3	7515	14461	21976	87633	139791	227424
"2010.10.11"	"Iraq"	"Youssifiyah"	4	2	6	7519	14463	21982	87637	139793	227430
"2010.10.11"	"India"	"Sopore"	1	0	1	7520	14463	21983	87638	139793	227431
"2010.10.12"	"Afghanistan"	"Kunar"	1	8	9	7521	14471	21992	87639	139801	227440
"2010.10.12"	"Afghanistan"	"Paktika"	5	1	6	7526	14472	21998	87644	139802	227446
"2010.10.12"	"Nigeria"	"Maiduguri"	11	4	15	7537	14476	22013	87655	139806	227461
"2010.10.12"	"Somalia"	"Mogadishu"	5	10	15	7542	14486	22028	87660	139816	227476
"2010.10.12"	"Iraq"	"Mosul"	3	11	14	7545	14497	22042	87663	139827	227490
"2010.10.13"	"Algeria"	"Tlidjen"	5	0	5	7550	14497	22047	87668	139827	227495
"2010.10.13"	"Thailand"	"Pattani"	1	0	1	7551	14497	22048	87669	139827	227496
"2010.10.13"	"Thailand"	"Yala"	2	0	2	7553	14497	22050	87671	139827	227498
"2010.10.13"	"Pakistan"	"Mohmand"	3	0	3	7556	14497	22053	87674	139827	227501
"2010.10.14"	"Pakistan"	"Kotwali"	1	0	1	7557	14497	22054	87675	139827	227502
"2010.10.14"	"Yemen"	"Abyan"	5	8	13	7562	14505	22067	87680	139835	227515
"2010.10.14"	"Yemen"	"Mudia"	2	1	3	7564	14506	22070	87682	139836	227518
"2010.10.14"	"Iraq"	"Diala"	4	7	11	7568	14513	22081	87686	139843	227529
"2010.10.14"	"Somalia"	"Haradhere"	4	12	16	7572	14525	22097	87690	139855	227545
"2010.10.14"	"Thailand"	"Pattani"	1	0	1	7573	14525	22098	87691	139855	227546
"2010.10.14"	"Iraq"	"Mosul"	1	2	3	7574	14527	22101	87692	139857	227549
"2010.10.14"	"Iraq"	"Baghdad"	3	7	10	7577	14534	22111	87695	139864	227559
"2010.10.14"	"Iraq"	"Baghdad"	1	0	1	7578	14534	22112	87696	139864	227560
"2010.10.14"	"Pakistan"	"Sararogha"	5	1	6	7583	14535	22118	87701	139865	227566
"2010.10.14"	"Nigeria"	"Bauchi"	1	0	1	7584	14535	22119	87702	139865	227567
"2010.10.15"	"Pakistan"	"Kalat"	1	1	2	7585	14536	22121	87703	139866	227569
"2010.10.15"	"Pakistan"	"Khyber"	2	0	2	7587	14536	22123	87705	139866	227571
"2010.10.15"	"Afghanistan"	"Zabul"	9	2	11	7596	14538	22134	87714	139868	227582
"2010.10.15"	"Pakistan"	"Orakzai"	4	6	10	7600	14544	22144	87718	139874	227592
"2010.10.16"	"Afghanistan"	"Uruzgan"	2	7	9	7602	14551	22153	87720	139881	227601
"2010.10.16"	"Yemen"	"Zinjibar"	3	2	5	7605	14553	22158	87723	139883	227606
"2010.10.16"	"Iraq"	"Baghdad"	2	2	4	7607	14555	22162	87725	139885	227610
"2010.10.16"	"Afghanistan"	"Kandahar"	1	4	5	7608	14559	22167	87726	139889	227615
"2010.10.16"	"Afghanistan"	"Kandahar"	1	2	3	7609	14561	22170	87727	139891	227618
"2010.10.17"	"Pakistan"	"Orakzai"	2	0	2	7611	14561	22172	87729	139891	227620
"2010.10.17"	"Afghanistan"	"Farah"	8	20	28	7619	14581	22200	87737	139911	227648
"2010.10.17"	"Iraq"	"Baghdad"	4	7	11	7623	14588	22211	87741	139918	227659
"2010.10.17"	"Pakistan"	"Hangu"	1	0	1	7624	14588	22212	87742	139918	227660
"2010.10.17"	"Chechnya"	"Grozny"	2	0	2	7626	14588	22214	87744	139918	227662
"2010.10.18"	"Iraq"	"Baghdad"	1	8	9	7627	14596	22223	87745	139926	227671
"2010.10.18"	"Iraq"	"Mosul"	2	7	9	7629	14603	22232	87747	139933	227680
"2010.10.18"	"Iraq"	"Mosul"	1	0	1	7630	14603	22233	87748	139933	227681
"2010.10.18"	"Afghanistan"	"Nangarhar"	1	3	4	7631	14606	22237	87749	139936	227685
"2010.10.18"	"Afghanistan"	"Gereshk"	9	0	9	7640	14606	22246	87758	139936	227694
"2010.10.18"	"Afghanistan"	"Herat"	3	0	3	7643	14606	22249	87761	139936	227697
"2010.10.18"	"Pakistan"	"Lakki Marwat"	0	14	14	7643	14620	22263	87761	139950	227711
"2010.10.18"	"Thailand"	"Pattani"	1	0	1	7644	14620	22264	87762	139950	227712
"2010.10.19"	"Pakistan"	"Wana"	3	2	5	7647	14622	22269	87765	139952	227717
"2010.10.19"	"Iraq"	"Tikrit"	10	4	14	7657	14626	22283	87775	139956	227731
"2010.10.19"	"Chechnya"	"Grozny"	3	17	20	7660	14643	22303	87778	139973	227751
"2010.10.19"	"Iraq"	"Samarrah"	3	2	5	7663	14645	22308	87781	139975	227756
"2010.10.19"	"Pakistan"	"Khyber"	3	3	6	7666	14648	22314	87784	139978	227762
"2010.10.19"	"Ingushetia"	"Malgobek"	1	0	1	7667	14648	22315	87785	139978	227763
"2010.10.19"	"Nigeria"	"Maiduguri"	1	0	1	7668	14648	22316	87786	139978	227764
"2010.10.20"	"Afghanistan"	"Nimroz"	8	6	14	7676	14654	22330	87794	139984	227778
"2010.10.20"	"Afghanistan"	"Ghazni"	2	0	2	7678	14654	22332	87796	139984	227780
"2010.10.20"	"Afghanistan"	"Herat"	4	0	4	7682	14654	22336	87800	139984	227784
"2010.10.20"	"Thailand"	"Yala"	1	1	2	7683	14655	22338	87801	139985	227786
"2010.10.20"	"Iraq"	"Mosul"	5	0	5	7688	14655	22343	87806	139985	227791
"2010.10.20"	"Pakistan"	"Miranshah"	1	0	1	7689	14655	22344	87807	139985	227792
"2010.10.21"	"Philippines"	"Maguindanao"	2	1	3	7691	14656	22347	87809	139986	227795
"2010.10.21"	"Pakistan"	"Hakim Khan"	6	0	6	7697	14656	22353	87815	139986	227801
"2010.10.21"	"Philippines"	"Matalam"	10	30	40	7707	14686	22393	87825	140016	227841
"2010.10.21"	"Afghanistan"	"Paktika"	2	1	3	7709	14687	22396	87827	140017	227844
"2010.10.22"	"Thailand"	"Pattani"	1	0	1	7710	14687	22397	87828	140017	227845
"2010.10.22"	"Afghanistan"	"Nangahar"	3	0	3	7713	14687	22400	87831	140017	227848
"2010.10.22"	"Afghanistan"	"Kunar"	1	3	4	7714	14690	22404	87832	140020	227852
"2010.10.22"	"Pakistan"	"Orakzai"	6	3	9	7720	14693	22413	87838	140023	227861
"2010.10.22"	"Thailand"	"Pattani"	1	0	1	7721	14693	22414	87839	140023	227862
"2010.10.22"	"Pakistan"	"Peshawar"	5	22	27	7726	14715	22441	87844	140045	227889
"2010.10.22"	"Nigeria"	"Bauchi"	1	0	1	7727	14715	22442	87845	140045	227890
"2010.10.22"	"Yemen"	"Mukalla"	1	0	1	7728	14715	22443	87846	140045	227891
"2010.10.22"	"Iraq"	"Garma"	1	1	2	7729	14716	22445	87847	140046	227893
"2010.10.22"	"Iraq"	"Mosul"	1	6	7	7730	14722	22452	87848	140052	227900
"2010.10.23"	"Iraq"	"Abu Ghraib"	2	14	16	7732	14736	22468	87850	140066	227916
"2010.10.23"	"Iraq"	"Mosul"	4	0	4	7736	14736	22472	87854	140066	227920
"2010.10.23"	"Afghanistan"	"Kandahar"	1	2	3	7737	14738	22475	87855	140068	227923
"2010.10.23"	"Dagestan"	"Khasavyurt"	1	12	13	7738	14750	22488	87856	140080	227936
"2010.10.23"	"Somalia"	"Boondere"	12	20	32	7750	14770	22520	87868	140100	227968
"2010.10.24"	"Iraq"	"Mosul"	5	19	24	7755	14789	22544	87873	140119	227992
"2010.10.24"	"Iran"	"Tehran"	1	0	1	7756	14789	22545	87874	140119	227993
"2010.10.25"	"Algeria"	"Boumerdes"	2	3	5	7758	14792	22550	87876	140122	227998
"2010.10.25"	"Afghanistan"	"Helmand"	2	0	2	7760	14792	22552	87878	140122	228000
"2010.10.25"	"Afghanistan"	"Khost"	3	10	13	7763	14802	22565	87881	140132	228013
"2010.10.25"	"Thailand"	"Narathwat"	1	15	16	7764	14817	22581	87882	140147	228029
"2010.10.25"	"Pakistan"	"Punjab"	7	15	22	7771	14832	22603	87889	140162	228051
"2010.10.25"	"Iraq"	"Baghdad"	1	0	1	7772	14832	22604	87890	140162	228052
"2010.10.25"	"Pakistan"	"Bajaur"	1	1	2	7773	14833	22606	87891	140163	228054
"2010.10.25"	"Pakistan"	"Bajaur"	1	0	1	7774	14833	22607	87892	140163	228055
"2010.10.26"	"Afghanistan"	"Herat"	4	3	7	7778	14836	22614	87896	140166	228062
"2010.10.26"	"Nigeria"	"Chewenkur"	6	3	9	7784	14839	22623	87902	140169	228071
"2010.10.26"	"Afghanistan"	"Farah"	1	2	3	7785	14841	22626	87903	140171	228074
"2010.10.26"	"Iraq"	"Kirkuk"	10	15	25	7795	14856	22651	87913	140186	228099
"2010.10.27"	"Somalia"	"Galguduud"	6	0	6	7801	14856	22657	87919	140186	228105
"2010.10.27"	"Thailand"	"Yala"	1	1	2	7802	14857	22659	87920	140187	228107
"2010.10.27"	"Iraq"	"Mosul"	3	10	13	7805	14867	22672	87923	140197	228120
"2010.10.27"	"Iraq"	"Baghdad"	2	5	7	7807	14872	22679	87925	140202	228127
"2010.10.27"	"Iraq"	"Himreem"	4	0	4	7811	14872	22683	87929	140202	228131
"2010.10.27"	"Pakistan"	"Peshawar"	2	0	2	7813	14872	22685	87931	140202	228133
"2010.10.28"	"Thailand"	"Yala"	1	0	1	7814	14872	22686	87932	140202	228134
"2010.10.28"	"Afghanistan"	"Kandahar"	1	0	1	7815	14872	22687	87933	140202	228135
"2010.10.28"	"Afghanistan"	"Kandahar"	3	0	3	7818	14872	22690	87936	140202	228138
"2010.10.28"	"Somalia"	"Hawa Abdi"	1	0	1	7819	14872	22691	87937	140202	228139
"2010.10.28"	"Somalia"	"Beletweyne"	2	0	2	7821	14872	22693	87939	140202	228141
"2010.10.28"	"Iraq"	"Bursa"	1	8	9	7822	14880	22702	87940	140210	228150
"2010.10.28"	"Pakistan"	"Ambar"	1	4	5	7823	14884	22707	87941	140214	228155
"2010.10.28"	"Pakistan"	"Mohmand"	3	0	3	7826	14884	22710	87944	140214	228158
"2010.10.28"	"Pakistan"	"Quetta"	4	0	4	7830	14884	22714	87948	140214	228162
"2010.10.29"	"Iraq"	"Baghdad"	1	1	2	7831	14885	22716	87949	140215	228164
"2010.10.29"	"Pakistan"	"Baghbana"	1	1	2	7832	14886	22718	87950	140216	228166
"2010.10.29"	"Iraq"	"Diyala"	30	70	100	7862	14956	22818	87980	140286	228266
"2010.10.30"	"Thailand"	"Yala"	1	0	1	7863	14956	22819	87981	140286	228267
"2010.10.30"	"Iraq"	"Baqubah"	2	0	2	7865	14956	22821	87983	140286	228269
"2010.10.30"	"Somalia"	"Mogadishu"	10	7	17	7875	14963	22838	87993	140293	228286
"2010.10.30"	"India"	"Kishtwar"	1	0	1	7876	14963	22839	87994	140293	228287
"2010.10.30"	"Thailand"	"Pattani"	1	0	1	7877	14963	22840	87995	140293	228288
"2010.10.30"	"Iraq"	"Abu Ghraib"	2	5	7	7879	14968	22847	87997	140298	228295
"2010.10.30"	"Iraq"	"Badar"	2	0	2	7881	14968	22849	87999	140298	228297
"2010.10.31"	"Iraq"	"Mosul"	1	7	8	7882	14975	22857	88000	140305	228305
"2010.10.31"	"Iraq"	"Baghdad"	6	4	10	7888	14979	22867	88006	140309	228315
"2010.10.31"	"Iraq"	"Kurram"	3	2	5	7891	14981	22872	88009	140311	228320
"2010.10.31"	"Iraq"	"Baghdad"	53	80	133	7944	15061	23005	88062	140391	228453
"2010.10.31"	"Somalia"	"Mogadishu"	15	20	35	7959	15081	23040	88077	140411	228488
"2010.11.01"	"Pakistan"	"Swabi"	2	12	14	7961	15093	23054	88079	140423	228502
"2010.11.01"	"Somalia"	"Modagishu"	3	2	5	7964	15095	23059	88082	140425	228507
"2010.11.01"	"Thailand"	"Pattani"	1	1	2	7965	15096	23061	88083	140426	228509
"2010.11.01"	"Dagestan"	"Khasavyurt"	1	0	1	7966	15096	23062	88084	140426	228510
"2010.11.01"	"Iraq"	"Mosul"	5	12	17	7971	15108	23079	88089	140438	228527
"2010.11.01"	"Afghanistan"	"Helamand"	2	0	2	7973	15108	23081	88091	140438	228529
"2010.11.02"	"Iraq"	"Baghdad"	110	322	432	8083	15430	23513	88201	140760	228961
"2010.11.02"	"Thailand"	"Pattani"	1	1	2	8084	15431	23515	88202	140761	228963
"2010.11.03"	"Afghanistan"	"Helmand"	3	5	8	8087	15436	23523	88205	140766	228971
"2010.11.03"	"Afghanistan"	"Helmand"	5	9	14	8092	15445	23537	88210	140775	228985
"2010.11.03"	"Afghanistan"	"Khost"	2	6	8	8094	15451	23545	88212	140781	228993
"2010.11.03"	"Iraq"	"Mosul"	1	0	1	8095	15451	23546	88213	140781	228994
"2010.11.03"	"Afghanistan"	"Helmand"	2	0	2	8097	15451	23548	88215	140781	228996
"2010.11.04"	"Yemen"	"al-Dhalee"	2	23	25	8099	15474	23573	88217	140804	229021
"2010.11.04"	"Iraq"	"Hit"	2	0	2	8101	15474	23575	88219	140804	229023
"2010.11.04"	"Pakistan"	"Khyber"	1	3	4	8102	15477	23579	88220	140807	229027
"2010.11.04"	"Russia"	"Nalchik"	2	0	2	8104	15477	23581	88222	140807	229029
"2010.11.05"	"Pakistan"	"Peshawar"	4	24	28	8108	15501	23609	88226	140831	229057
"2010.11.05"	"Afghanistan"	"Faryab"	9	31	40	8117	15532	23649	88235	140862	229097
"2010.11.05"	"Pakistan"	"Darra Adam Khel"	82	80	162	8199	15612	23811	88317	140942	229259
"2010.11.05"	"Iraq"	"Baqubah"	3	9	12	8202	15621	23823	88320	140951	229271
"2010.11.05"	"Pakistan"	"Kalat"	1	1	2	8203	15622	23825	88321	140952	229273
"2010.11.05"	"Afghanistan"	"Helmand"	2	0	2	8205	15622	23827	88323	140952	229275
"2010.11.06"	"Afghanistan"	"Ghazni"	5	0	5	8210	15622	23832	88328	140952	229280
"2010.11.07"	"Iraq"	"Mosul"	2	0	2	8212	15622	23834	88330	140952	229282
"2010.11.07"	"Iraq"	"Mosul"	5	1	6	8217	15623	23840	88335	140953	229288
"2010.11.07"	"Iraq"	"Samarrah"	2	3	5	8219	15626	23845	88337	140956	229293
"2010.11.07"	"Afghanistan"	"Bashran"	5	6	11	8224	15632	23856	88342	140962	229304
"2010.11.08"	"Iraq"	"Basra"	13	39	52	8237	15671	23908	88355	141001	229356
"2010.11.08"	"Iraq"	"Najaf"	8	31	39	8245	15702	23947	88363	141032	229395
"2010.11.08"	"Iraq"	"Karbalah"	14	40	54	8259	15742	24001	88377	141072	229449
"2010.11.08"	"Thailand"	"Yala"	1	0	1	8260	15742	24002	88378	141072	229450
"2010.11.08"	"Afghanistan"	"Lashkar Gah"	1	4	5	8261	15746	24007	88379	141076	229455
"2010.11.09"	"Thailand"	"Pattani"	1	0	1	8262	15746	24008	88380	141076	229456
"2010.11.09"	"Afghanistan"	"Uruzgan"	7	1	8	8269	15747	24016	88387	141077	229464
"2010.11.09"	"Thailand"	"Narathiwat"	1	0	1	8270	15747	24017	88388	141077	229465
"2010.11.09"	"Thailand"	"Pattani"	1	0	1	8271	15747	24018	88389	141077	229466
"2010.11.09"	"Afghanistan"	"Paktia"	1	0	1	8272	15747	24019	88390	141077	229467
"2010.11.10"	"Iraq"	"Iskandariya"	3	0	3	8275	15747	24022	88393	141077	229470
"2010.11.10"	"Iraq"	"Mosul"	1	0	1	8276	15747	24023	88394	141077	229471
"2010.11.10"	"India"	"Pattan"	2	0	2	8278	15747	24025	88396	141077	229473
"2010.11.10"	"Iraq"	"Baghdad"	6	20	26	8284	15767	24051	88402	141097	229499
"2010.11.10"	"Afghanistan"	"Khost"	1	3	4	8285	15770	24055	88403	141100	229503
"2010.11.10"	"Dagestan"	"Kizlyar"	1	6	7	8286	15776	24062	88404	141106	229510
"2010.11.11"	"Pakistan"	"Karachi"	19	114	133	8305	15890	24195	88423	141220	229643
"2010.11.11"	"Pakistan"	"Lahore"	1	0	1	8306	15890	24196	88424	141220	229644
"2010.11.11"	"Dagestan"	"Makhachkala"	7	5	12	8313	15895	24208	88431	141225	229656
"2010.11.11"	"Pakistan"	"Peshawar"	2	4	6	8315	15899	24214	88433	141229	229662
"2010.11.12"	"Thailand"	"Yala"	1	0	1	8316	15899	24215	88434	141229	229663
"2010.11.12"	"Afghanistan"	"Kabula"	2	4	6	8318	15903	24221	88436	141233	229669
"2010.11.12"	"India"	"Baramulla"	1	0	1	8319	15903	24222	88437	141233	229670
"2010.11.13"	"Afghanistan"	"Kunduz"	8	18	26	8327	15921	24248	88445	141251	229696
"2010.11.13"	"Bangladesh"	"Doulatpur"	1	1	2	8328	15922	24250	88446	141252	229698
"2010.11.13"	"Pakistan"	"Peshawar"	0	6	6	8328	15928	24256	88446	141258	229704
"2010.11.13"	"Iraq"	"Samarrah"	1	0	1	8329	15928	24257	88447	141258	229705
"2010.11.13"	"Pakistan"	"Mohmand"	2	0	2	8331	15928	24259	88449	141258	229707
"2010.11.13"	"Nigeria"	"Borno"	1	1	2	8332	15929	24261	88450	141259	229709
"2010.11.13"	"Thailand"	"Narathiwat"	1	0	1	8333	15929	24262	88451	141259	229710
"2010.11.14"	"Thailand"	"Yala"	1	0	1	8334	15929	24263	88452	141259	229711
"2010.11.14"	"Afghanistan"	"Uruzgan"	3	0	3	8337	15929	24266	88455	141259	229714
"2010.11.14"	"Afghanistan"	"Spin Boldak"	2	11	13	8339	15940	24279	88457	141270	229727
"2010.11.14"	"Afghanistan"	"Jalalabad"	1	9	10	8340	15949	24289	88458	141279	229737
"2010.11.14"	"Iraq"	"Mosul"	2	8	10	8342	15957	24299	88460	141287	229747
"2010.11.14"	"Iraq"	"Mosul"	1	0	1	8343	15957	24300	88461	141287	229748
"2010.11.14"	"Pakistan"	"Shakai"	1	8	9	8344	15965	24309	88462	141295	229757
"2010.11.14"	"Algeria"	"Freha"	1	0	1	8345	15965	24310	88463	141295	229758
"2010.11.15"	"Iraq"	"Mosul"	3	0	3	8348	15965	24313	88466	141295	229761
"2010.11.15"	"Iraq"	"Baghdad"	2	5	7	8350	15970	24320	88468	141300	229768
"2010.11.15"	"Iraq"	"Mosul"	2	18	20	8352	15988	24340	88470	141318	229788
"2010.11.15"	"Pakistan"	"Khyber"	2	3	5	8354	15991	24345	88472	141321	229793
"2010.11.15"	"Dagestan"	"Rostov-on-Don"	1	0	1	8355	15991	24346	88473	141321	229794
"2010.11.15"	"Chechnya"	"Grozny"	1	0	1	8356	15991	24347	88474	141321	229795
"2010.11.15"	"Sweden"	"Katrineholm"	1	0	1	8357	15991	24348	88475	141321	229796
"2010.11.16"	"Nigeria"	"Ganmo"	1	5	6	8358	15996	24354	88476	141326	229802
"2010.11.16"	"Somalia"	"Mogadishu"	4	9	13	8362	16005	24367	88480	141335	229815
"2010.11.16"	"Iraq"	"Mosul"	2	0	2	8364	16005	24369	88482	141335	229817
"2010.11.16"	"Iraq"	"Mosul"	3	0	3	8367	16005	24372	88485	141335	229820
"2010.11.16"	"Afghanistan"	"Kunduz"	2	5	7	8369	16010	24379	88487	141340	229827
"2010.11.17"	"Pakistan"	"Khuzdar"	0	18	18	8369	16028	24397	88487	141358	229845
"2010.11.17"	"Somalia"	"Mogadishu"	5	9	14	8374	16037	24411	88492	141367	229859
"2010.11.17"	"Iraq"	"Baqubah"	1	0	1	8375	16037	24412	88493	141367	229860
"2010.11.18"	"Iraq"	"Baqubah"	1	0	1	8376	16037	24413	88494	141367	229861
"2010.11.18"	"Russia"	"Oktyabrsky"	0	2	2	8376	16039	24415	88494	141369	229863
"2010.11.19"	"Nigeria"	"Maiduguri"	2	1	3	8378	16040	24418	88496	141370	229866
"2010.11.19"	"Iraq"	"Mosul"	2	2	4	8380	16042	24422	88498	141372	229870
"2010.11.19"	"Pakistan"	"Khurram"	3	8	11	8383	16050	24433	88501	141380	229881
"2010.11.20"	"Iraq"	"Shirqat"	2	0	2	8385	16050	24435	88503	141380	229883
"2010.11.20"	"Afghanistan"	"Laghman"	4	33	37	8389	16083	24472	88507	141413	229920
"2010.11.21"	"Afghanistan"	"Kandahar"	1	0	1	8390	16083	24473	88508	141413	229921
"2010.11.21"	"Iraq"	"Baqubah"	1	0	1	8391	16083	24474	88509	141413	229922
"2010.11.21"	"Iraq"	"Mosul"	1	0	1	8392	16083	24475	88510	141413	229923
"2010.11.21"	"Pakistan"	"Turbat"	5	3	8	8397	16086	24483	88515	141416	229931
"2010.11.21"	"India"	"Kishtwar"	1	2	3	8398	16088	24486	88516	141418	229934
"2010.11.22"	"Afghanistan"	"Paktia"	4	2	6	8402	16090	24492	88520	141420	229940
"2010.11.22"	"Iraq"	"Mosul"	2	0	2	8404	16090	24494	88522	141420	229942
"2010.11.22"	"Iraq"	"Mosul"	1	0	1	8405	16090	24495	88523	141420	229943
"2010.11.22"	"Iraq"	"Amin"	1	3	4	8406	16093	24499	88524	141423	229947
"2010.11.22"	"Iraq"	"Ramadi"	1	2	3	8407	16095	24502	88525	141425	229950
"2010.11.22"	"Pakistan"	"Sargodha"	0	1	1	8407	16096	24503	88525	141426	229951
"2010.11.23"	"Iraq"	"Baghdad"	5	4	9	8412	16100	24512	88530	141430	229960
"2010.11.23"	"Iraq"	"Baghdad"	1	0	1	8413	16100	24513	88531	141430	229961
"2010.11.23"	"Iraq"	"Suwayra"	2	0	2	8415	16100	24515	88533	141430	229963
"2010.11.24"	"Thailand"	"Narathiwat"	3	0	3	8418	16100	24518	88536	141430	229966
"2010.11.24"	"Afghanistan"	"Herat"	1	4	5	8419	16104	24523	88537	141434	229971
"2010.11.24"	"Yemen"	"al-Jawf"	17	15	32	8436	16119	24555	88554	141449	230003
"2010.11.24"	"Iraq"	"Mosul"	4	6	10	8440	16125	24565	88558	141455	230013
"2010.11.24"	"Iraq"	"Shurquat"	4	19	23	8444	16144	24588	88562	141474	230036
"2010.11.24"	"Afghanistan"	"Faryab"	5	4	9	8449	16148	24597	88567	141478	230045
"2010.11.24"	"India"	"Moradabad"	1	0	1	8450	16148	24598	88568	141478	230046
"2010.11.24"	"Egypt"	"Giza"	1	68	69	8451	16216	24667	88569	141546	230115
"2010.11.25"	"Iraq"	"Baaj"	1	0	1	8452	16216	24668	88570	141546	230116
"2010.11.25"	"Iraq"	"Kirkuk"	3	0	3	8455	16216	24671	88573	141546	230119
"2010.11.25"	"Iraq"	"Tuz Khormato"	4	2	6	8459	16218	24677	88577	141548	230125
"2010.11.25"	"Iraq"	"Tal Afar"	3	12	15	8462	16230	24692	88580	141560	230140
"2010.11.25"	"Pakistan"	"Khyber"	2	6	8	8464	16236	24700	88582	141566	230148
"2010.11.25"	"Egypt"	"Giza"	1	0	1	8465	16236	24701	88583	141566	230149
"2010.11.25"	"Nigeria"	"Kwata Zawan"	3	1	4	8468	16237	24705	88586	141567	230153
"2010.11.25"	"Kenya"	"Bardher"	1	0	1	8469	16237	24706	88587	141567	230154
"2010.11.26"	"Yemen"	"Saada"	40	9	49	8509	16246	24755	88627	141576	230203
"2010.11.26"	"Dagestan"	"Kizlyarsky"	1	0	1	8510	16246	24756	88628	141576	230204
"2010.11.27"	"Somalia"	"Mogadishu"	10	20	30	8520	16266	24786	88638	141596	230234
"2010.11.27"	"Afghanistan"	"Paktika"	12	16	28	8532	16282	24814	88650	141612	230262
"2010.11.27"	"Pakistan"	"Darra Adam Khel"	1	0	1	8533	16282	24815	88651	141612	230263
"2010.11.27"	"Iraq"	"Mosul"	2	0	2	8535	16282	24817	88653	141612	230265
"2010.11.27"	"Pakistan"	"Darra Adam Khel"	3	0	3	8538	16282	24820	88656	141612	230268
"2010.11.27"	"Philippines"	"Marantao"	1	0	1	8539	16282	24821	88657	141612	230269
"2010.11.27"	"Pakistan"	"Watta Khel"	1	0	1	8540	16282	24822	88658	141612	230270
"2010.11.28"	"Afghanistan"	"Logar"	3	0	3	8543	16282	24825	88661	141612	230273
"2010.11.28"	"Iraq"	"Meshahda"	2	2	4	8545	16284	24829	88663	141614	230277
"2010.11.28"	"Pakistan"	"Bakht"	1	2	3	8546	16286	24832	88664	141616	230280
"2010.11.28"	"Afghanistan"	"Takhar"	1	1	2	8547	16287	24834	88665	141617	230282
"2010.11.29"	"Iraq"	"Baghdad"	13	29	42	8560	16316	24876	88678	141646	230324
"2010.11.29"	"India"	"Srinagar"	1	1	2	8561	16317	24878	88679	141647	230326
"2010.11.29"	"Pakistan"	"Peshawar"	1	1	2	8562	16318	24880	88680	141648	230328
"2010.11.29"	"Pakistan"	"Karachi"	1	0	1	8563	16318	24881	88681	141648	230329
"2010.11.29"	"Afghanistan"	"Nangarhar"	6	0	6	8569	16318	24887	88687	141648	230335
"2010.11.30"	"Pakistan"	"Bannu"	6	22	28	8575	16340	24915	88693	141670	230363
"2010.11.30"	"Iraq"	"Mosul"	1	1	2	8576	16341	24917	88694	141671	230365
"2010.11.30"	"Thailand"	"Pattani"	1	0	1	8577	16341	24918	88695	141671	230366
"2010.11.30"	"Somalia"	"Bosaso"	1	0	1	8578	16341	24919	88696	141671	230367
"2010.12.01"	"India"	"Srinagar"	2	0	2	8580	16341	24921	88698	141671	230369
"2010.12.01"	"Iraq"	"Qaim"	2	2	4	8582	16343	24925	88700	141673	230373
"2010.12.01"	"Iraq"	"Baghdad"	1	0	1	8583	16343	24926	88701	141673	230374
"2010.12.02"	"Iraq"	"Abu Ghraib"	2	1	3	8585	16344	24929	88703	141674	230377
"2010.12.02"	"Pakistan"	"Sukai"	1	0	1	8586	16344	24930	88704	141674	230378
"2010.12.02"	"Iraq"	"Baghdad"	1	0	1	8587	16344	24931	88705	141674	230379
"2010.12.03"	"Iraq"	"Mosul"	1	0	1	8588	16344	24932	88706	141674	230380
"2010.12.03"	"Kenya"	"Nairobi"	1	2	3	8589	16346	24935	88707	141676	230383
"2010.12.03"	"Nigeria"	"Nwachukwu"	7	4	11	8596	16350	24946	88714	141680	230394
"2010.12.03"	"Thailand"	"Narathiwat"	1	0	1	8597	16350	24947	88715	141680	230395
"2010.12.03"	"Thailand"	"Pattani"	2	1	3	8599	16351	24950	88717	141681	230398
"2010.12.03"	"Thailand"	"Yala"	1	0	1	8600	16351	24951	88718	141681	230399
"2010.12.03"	"Thailand"	"Narathiwat"	1	0	1	8601	16351	24952	88719	141681	230400
"2010.12.03"	"Philippines"	"Langayen"	2	0	2	8603	16351	24954	88721	141681	230402
"2010.12.03"	"Dagestan"	"Makhachkala"	1	0	1	8604	16351	24955	88722	141681	230403
"2010.12.04"	"Nigeria"	"Maiduguri"	3	6	9	8607	16357	24964	88725	141687	230412
"2010.12.04"	"Iraq"	"Baghdad"	5	17	22	8612	16374	24986	88730	141704	230434
"2010.12.04"	"Iraq"	"Baghdad"	6	42	48	8618	16416	25034	88736	141746	230482
"2010.12.04"	"Iraq"	"Baghdad"	2	28	30	8620	16444	25064	88738	141774	230512
"2010.12.05"	"Afghanistan"	"Gardez"	4	18	22	8624	16462	25086	88742	141792	230534
"2010.12.05"	"Iraq"	"Baghdad"	2	0	2	8626	16462	25088	88744	141792	230536
"2010.12.05"	"Dagestan"	"Khasavyurt"	1	0	1	8627	16462	25089	88745	141792	230537
"2010.12.06"	"Afghanistan"	"Badghis"	3	1	4	8630	16463	25093	88748	141793	230541
"2010.12.06"	"Iraq"	"Baqubah"	3	4	7	8633	16467	25100	88751	141797	230548
"2010.12.06"	"Pakistan"	"Mohmand"	45	65	110	8678	16532	25210	88796	141862	230658
"2010.12.06"	"Russia"	"Moscow"	1	0	1	8679	16532	25211	88797	141862	230659
"2010.12.07"	"India"	"Varanasi"	1	32	33	8680	16564	25244	88798	141894	230692
"2010.12.07"	"Iraq"	"Tal Afar"	1	3	4	8681	16567	25248	88799	141897	230696
"2010.12.08"	"Iraq"	"Tarmiya"	1	3	4	8682	16570	25252	88800	141900	230700
"2010.12.08"	"Pakistan"	"Kohat"	19	32	51	8701	16602	25303	88819	141932	230751
"2010.12.08"	"Iraq"	"Taji"	3	16	19	8704	16618	25322	88822	141948	230770
"2010.12.08"	"Pakistan"	"Hangu"	1	1	2	8705	16619	25324	88823	141949	230772
"2010.12.08"	"Afghanistan"	"Kunar"	2	2	4	8707	16621	25328	88825	141951	230776
"2010.12.09"	"Somalia"	"Bosaso"	2	0	2	8709	16621	25330	88827	141951	230778
"2010.12.09"	"Iraq"	"Baghdad"	6	6	12	8715	16627	25342	88833	141957	230790
"2010.12.10"	"Afghanistan"	"Khan Neshin"	15	4	19	8730	16631	25361	88848	141961	230809
"2010.12.10"	"Iraq"	"Baghdad"	2	7	9	8732	16638	25370	88850	141968	230818
"2010.12.10"	"Iraq"	"Meshahda"	3	0	3	8735	16638	25373	88853	141968	230821
"2010.12.10"	"Pakistan"	"Hangu"	17	20	37	8752	16658	25410	88870	141988	230858
"2010.12.11"	"Pakistan"	"Peshawar"	2	5	7	8754	16663	25417	88872	141993	230865
"2010.12.11"	"Thailand"	"Yala"	1	3	4	8755	16666	25421	88873	141996	230869
"2010.12.11"	"Sweden"	"Stockholm"	0	2	2	8755	16668	25423	88873	141998	230871
"2010.12.11"	"Pakistan"	"Peshawar"	2	0	2	8757	16668	25425	88875	141998	230873
"2010.12.11"	"Dagestan"	"Gubden"	1	0	1	8758	16668	25426	88876	141998	230874
"2010.12.12"	"England"	"Feltham"	0	1	1	8758	16669	25427	88876	141999	230875
"2010.12.12"	"Pakistan"	"Kurram"	3	7	10	8761	16676	25437	88879	142006	230885
"2010.12.12"	"Afghanistan"	"Kandahar"	8	4	12	8769	16680	25449	88887	142010	230897
"2010.12.12"	"Iraq"	"Baqubah"	2	3	5	8771	16683	25454	88889	142013	230902
"2010.12.12"	"Iraq"	"Ramadi"	13	41	54	8784	16724	25508	88902	142054	230956
"2010.12.12"	"Thailand"	"Narathiwat"	2	0	2	8786	16724	25510	88904	142054	230958
"2010.12.13"	"Pakistan"	"Charsadda"	2	0	2	8788	16724	25512	88906	142054	230960
"2010.12.13"	"Pakistan"	"Gulabad"	3	5	8	8791	16729	25520	88909	142059	230968
"2010.12.13"	"Iraq"	"Diyala"	4	20	24	8795	16749	25544	88913	142079	230992
"2010.12.13"	"Somalia"	"Mogadishu"	12	30	42	8807	16779	25586	88925	142109	231034
"2010.12.13"	"Iraq"	"Hilla"	2	1	3	8809	16780	25589	88927	142110	231037
"2010.12.13"	"Iraq"	"Baghdad"	2	0	2	8811	16780	25591	88929	142110	231039
"2010.12.14"	"Iraq"	"Diyala"	2	22	24	8813	16802	25615	88931	142132	231063
"2010.12.14"	"Iraq"	"Baghdad"	3	19	22	8816	16821	25637	88934	142151	231085
"2010.12.14"	"Pakistan"	"Mohmand"	2	6	8	8818	16827	25645	88936	142157	231093
"2010.12.14"	"Afghanistan"	"Kabul"	3	5	8	8821	16832	25653	88939	142162	231101
"2010.12.14"	"Pakistan"	"Peshawar"	3	1	4	8824	16833	25657	88942	142163	231105
"2010.12.14"	"Bangladesh"	"Rajshahi"	1	0	1	8825	16833	25658	88943	142163	231106
"2010.12.15"	"Afghanistan"	"Kandahar"	3	9	12	8828	16842	25670	88946	142172	231118
"2010.12.15"	"Russia"	"Nalchik"	1	0	1	8829	16842	25671	88947	142172	231119
"2010.12.15"	"Iran"	"Chahbahar"	41	83	124	8870	16925	25795	88988	142255	231243
"2010.12.15"	"Pakistan"	"Quetta"	3	0	3	8873	16925	25798	88991	142255	231246
"2010.12.16"	"Somalia"	"Mogadishu"	10	24	34	8883	16949	25832	89001	142279	231280
"2010.12.16"	"Iraq"	"Baghdad"	6	6	12	8889	16955	25844	89007	142285	231292
"2010.12.16"	"Iraq"	"Dujail"	2	6	8	8891	16961	25852	89009	142291	231300
"2010.12.16"	"Pakistan"	"Muharram"	1	25	26	8892	16986	25878	89010	142316	231326
"2010.12.17"	"Afghanistan"	"Herat"	14	4	18	8906	16990	25896	89024	142320	231344
"2010.12.17"	"Yemen"	"Abyan"	3	7	10	8909	16997	25906	89027	142327	231354
"2010.12.17"	"Pakistan"	"Hangu"	6	8	14	8915	17005	25920	89033	142335	231368
"2010.12.18"	"Afghanistan"	"Balkh"	1	3	4	8916	17008	25924	89034	142338	231372
"2010.12.18"	"Afghanistan"	"Kandahar"	2	11	13	8918	17019	25937	89036	142349	231385
"2010.12.18"	"Russia"	"Kabardino- Balkaria"	7	2	9	8925	17021	25946	89043	142351	231394
"2010.12.18"	"Thailand"	"Yala"	2	0	2	8927	17021	25948	89045	142351	231396
"2010.12.18"	"Thailand"	"Yala"	2	0	2	8929	17021	25950	89047	142351	231398
"2010.12.19"	"Afghanistan"	"Kabul"	13	17	30	8942	17038	25980	89060	142368	231428
"2010.12.19"	"Israel"	"Jerusalem"	1	1	2	8943	17039	25982	89061	142369	231430
"2010.12.19"	"Iraq"	"Kirkuk"	2	0	2	8945	17039	25984	89063	142369	231432
"2010.12.20"	"Kenya"	"Nairobi"	3	23	26	8948	17062	26010	89066	142392	231458
"2010.12.20"	"Somalia"	"Mogadishu"	5	5	10	8953	17067	26020	89071	142397	231468
"2010.12.20"	"Iraq"	"Mosul"	2	0	2	8955	17067	26022	89073	142397	231470
"2010.12.20"	"Pakistan"	"Dera Bugti"	2	0	2	8957	17067	26024	89075	142397	231472
"2010.12.20"	"Somalia"	"Mogadishu"	5	10	15	8962	17077	26039	89080	142407	231487
"2010.12.21"	"Nigeria"	"Turu"	3	2	5	8965	17079	26044	89083	142409	231492
"2010.12.21"	"Thailand"	"Pattani"	1	0	1	8966	17079	26045	89084	142409	231493
"2010.12.21"	"Thailand"	"Pattani"	2	0	2	8968	17079	26047	89086	142409	231495
"2010.12.21"	"Pakistan"	"Kalat"	1	0	1	8969	17079	26048	89087	142409	231496
"2010.12.22"	"Pakistan"	"Mohmand"	1	3	4	8970	17082	26052	89088	142412	231500
"2010.12.23"	"Afghanistan"	"Jalalabad"	1	10	11	8971	17092	26063	89089	142422	231511
"2010.12.23"	"Afghanistan"	"Kunduz"	1	5	6	8972	17097	26069	89090	142427	231517
"2010.12.23"	"Russia"	"Shalushki"	2	5	7	8974	17102	26076	89092	142432	231524
"2010.12.23"	"Thailand"	"Narathiwat"	2	2	4	8976	17104	26080	89094	142434	231528
"2010.12.23"	"Iraq"	"Baghdad"	1	0	1	8977	17104	26081	89095	142434	231529
"2010.12.23"	"Pakistan"	"Baidnami"	3	0	3	8980	17104	26084	89098	142434	231532
"2010.12.24"	"Nigeria"	"Jos"	86	74	160	9066	17178	26244	89184	142508	231692
"2010.12.24"	"Yemen"	"Zinjibar"	1	0	1	9067	17178	26245	89185	142508	231693
"2010.12.24"	"Thailand"	"Narathiwat"	1	1	2	9068	17179	26247	89186	142509	231695
"2010.12.24"	"Afghanistan"	"Balkh"	1	3	4	9069	17182	26251	89187	142512	231699
"2010.12.24"	"Pakistan"	"Mohmand"	11	10	21	9080	17192	26272	89198	142522	231720
"2010.12.24"	"Iraq"	"Samarrah"	2	0	2	9082	17192	26274	89200	142522	231722
"2010.12.24"	"Iraq"	"Haswa"	5	4	9	9087	17196	26283	89205	142526	231731
"2010.12.24"	"Pakistan"	"Khyber"	1	0	1	9088	17196	26284	89206	142526	231732
"2010.12.24"	"Pakistan"	"Shahdra"	0	1	1	9088	17197	26285	89206	142527	231733
"2010.12.25"	"Philippines"	"Sulu"	0	11	11	9088	17208	26296	89206	142538	231744
"2010.12.25"	"Pakistan"	"Bajaur"	47	81	128	9135	17289	26424	89253	142619	231872
"2010.12.26"	"Pakistan"	"Mastung"	1	0	1	9136	17289	26425	89254	142619	231873
"2010.12.27"	"Afghanistan"	"Kandahar"	3	26	29	9139	17315	26454	89257	142645	231902
"2010.12.27"	"Iraq"	"Ramadi"	17	40	57	9156	17355	26511	89274	142685	231959
"2010.12.27"	"Iraq"	"Dujail"	1	1	2	9157	17356	26513	89275	142686	231961
"2010.12.27"	"Pakistan"	"Karachi"	5	3	8	9162	17359	26521	89280	142689	231969
"2010.12.28"	"Thailand"	"Narathiwat"	2	0	2	9164	17359	26523	89282	142689	231971
"2010.12.28"	"Thailand"	"Pattani"	1	0	1	9165	17359	26524	89283	142689	231972
"2010.12.28"	"Thailand"	"Pattani"	2	0	2	9167	17359	26526	89285	142689	231974
"2010.12.28"	"Iraq"	"Tarmiah"	5	0	5	9172	17359	26531	89290	142689	231979
"2010.12.28"	"Iraq"	"Mosul"	5	3	8	9177	17362	26539	89295	142692	231987
"2010.12.28"	"Pakistan"	"Karachi"	1	0	1	9178	17362	26540	89296	142692	231988
"2010.12.28"	"Pakistan"	"Sohbatpur"	3	0	3	9181	17362	26543	89299	142692	231991
"2010.12.28"	"Afghanistan"	"Paktika"	1	7	8	9182	17369	26551	89300	142699	231999
"2010.12.28"	"Nigeria"	"Maiduguri"	3	0	3	9185	17369	26554	89303	142699	232002
"2010.12.28"	"Somalia"	"Bakara"	8	32	40	9193	17401	26594	89311	142731	232042
"2010.12.29"	"Philippines"	"Mindanao"	1	1	2	9194	17402	26596	89312	142732	232044
"2010.12.29"	"Iraq"	"Mosul"	4	4	8	9198	17406	26604	89316	142736	232052
"2010.12.29"	"Pakistan"	"Khyber"	1	2	3	9199	17408	26607	89317	142738	232055
"2010.12.30"	"Nigeria"	"Dala"	4	8	12	9203	17416	26619	89321	142746	232067
"2010.12.30"	"Afghanistan"	"Helmand"	14	4	18	9217	17420	26637	89335	142750	232085
"2010.12.30"	"Iraq"	"Baghdad"	2	13	15	9219	17433	26652	89337	142763	232100
"2010.12.30"	"Pakistan"	"Sindh"	3	0	3	9222	17433	26655	89340	142763	232103
"2010.12.30"	"Iraq"	"Kirkuk"	1	0	1	9223	17433	26656	89341	142763	232104
"2010.12.31"	"Afghanistan"	"Gulistan"	1	0	1	9224	17433	26657	89342	142763	232105
"2010.12.31"	"Somalia"	"Mogadishu"	4	10	14	9228	17443	26671	89346	142773	232119
"2010.12.31"	"Nigeria"	"Abuja"	4	12	16	9232	17455	26687	89350	142785	232135
"2010.12.31"	"Afghanistan"	"Zabul"	1	6	7	9233	17461	26694	89351	142791	232142
"2011.01.01"	"Thailand"	"Narathiwat"	2	8	10	2	8	10	89353	142799	232152
"2011.01.01"	"Egypt"	"Alexandra"	23	77	100	25	85	110	89376	142876	232252
"2011.01.01"	"Iraq"	"Baghdad"	2	0	2	27	85	112	89378	142876	232254
"2011.01.01"	"Iraq"	"Baqubah"	1	1	2	28	86	114	89379	142877	232256
"2011.01.01"	"India"	"Ramban"	2	0	2	30	86	116	89381	142877	232258
"2011.01.01"	"Somalia"	"Mogadishu"	19	25	44	49	111	160	89400	142902	232302
"2011.01.01"	"Afghanistan"	"Helmand"	1	0	1	50	111	161	89401	142902	232303
"2011.01.02"	"Philippines"	"Maguindanao"	2	3	5	52	114	166	89403	142905	232308
"2011.01.02"	"Philippines"	"Mamasapano"	1	3	4	53	117	170	89404	142908	232312
"2011.01.02"	"Iraq"	"Kirukuk"	1	0	1	54	117	171	89405	142908	232313
"2011.01.02"	"Iraq"	"Qayara"	2	3	5	56	120	176	89407	142911	232318
"2011.01.02"	"Iraq"	"Balad"	1	9	10	57	129	186	89408	142920	232328
"2011.01.02"	"Dagestan"	"Makhachkala"	1	0	1	58	129	187	89409	142920	232329
"2011.01.03"	"Iraq"	"Baghdad"	4	2	6	62	131	193	89413	142922	232335
"2011.01.03"	"Iraq"	"Baqubah"	3	26	29	65	157	222	89416	142948	232364
"2011.01.03"	"Pakistan"	"Orakzai"	1	0	1	66	157	223	89417	142948	232365
"2011.01.03"	"Iraq"	"Baghdad"	1	0	1	67	157	224	89418	142948	232366
"2011.01.03"	"Afghanistan"	"Herat"	1	5	6	68	162	230	89419	142953	232372
"2011.01.03"	"Afghanistan"	"Baghlan"	4	2	6	72	164	236	89423	142955	232378
"2011.01.03"	"Maldives"	"Male"	0	1	1	72	165	237	89423	142956	232379
"2011.01.04"	"Pakistan"	"Islamabad"	1	0	1	73	165	238	89424	142956	232380
"2011.01.04"	"Iraq"	"Balad"	2	0	2	75	165	240	89426	142956	232382
"2011.01.04"	"Iraq"	"Duluiya"	2	0	2	77	165	242	89428	142956	232384
"2011.01.04"	"Afghanistan"	"Kabul"	1	2	3	78	167	245	89429	142958	232387
"2011.01.04"	"Dagestan"	"Makhachkala"	1	0	1	79	167	246	89430	142958	232388
"2011.01.04"	"Kyrgyzstan"	"Bishkek"	4	0	4	83	167	250	89434	142958	232392
"2011.01.05"	"Iraq"	"Baghdad"	1	2	3	84	169	253	89435	142960	232395
"2011.01.05"	"Pakistan"	"South Waziristan"	3	0	3	87	169	256	89438	142960	232398
"2011.01.06"	"Somalia"	"Goobweyne"	1	0	1	88	169	257	89439	142960	232399
"2011.01.07"	"Bangladesh"	"Chittagong"	0	20	20	88	189	277	89439	142980	232419
"2011.01.07"	"Somalia"	"Hosingo"	1	0	1	89	189	278	89440	142980	232420
"2011.01.07"	"Thailand"	"Narathiwat"	1	0	1	90	189	279	89441	142980	232421
"2011.01.07"	"Yemen"	"Lawder"	13	0	13	103	189	292	89454	142980	232434
"2011.01.07"	"Iraq"	"Hussainya"	5	1	6	108	190	298	89459	142981	232440
"2011.01.07"	"Afghanistan"	"Spin Boldak"	17	23	40	125	213	338	89476	143004	232480
"2011.01.07"	"Yemen"	"Abyan"	4	2	6	129	215	344	89480	143006	232486
"2011.01.07"	"Iraq"	"Nasariya"	2	3	5	131	218	349	89482	143009	232491
"2011.01.07"	"Somalia"	"Warbhigly"	1	0	1	132	218	350	89483	143009	232492
"2011.01.08"	"Yemen"	"Lahj"	3	9	12	135	227	362	89486	143018	232504
"2011.01.08"	"Afghanistan"	"Helmand"	3	1	4	138	228	366	89489	143019	232508
"2011.01.08"	"Thailand"	"Yala"	1	1	2	139	229	368	89490	143020	232510
"2011.01.08"	"Iraq"	"Diala"	2	0	2	141	229	370	89492	143020	232512
"2011.01.09"	"Nigeria"	"Borno"	1	2	3	142	231	373	89493	143022	232515
"2011.01.09"	"Niger"	"Niamey"	2	0	2	144	231	375	89495	143022	232517
"2011.01.09"	"Philippines"	"Basilan"	5	1	6	149	232	381	89500	143023	232523
"2011.01.09"	"Sudan"	"Abyei"	20	30	50	169	262	431	89520	143053	232573
"2011.01.09"	"Chechnya"	"Grozny"	2	6	8	171	268	439	89522	143059	232581
"2011.01.10"	"Somalia"	"Mogadishu"	1	3	4	172	271	443	89523	143062	232585
"2011.01.10"	"Thailand"	"Narathiwat"	2	0	2	174	271	445	89525	143062	232587
"2011.01.10"	"Afghanistan"	"Kandahar"	3	0	3	177	271	448	89528	143062	232590
"2011.01.11"	"Egypt"	"Samalout"	1	5	6	178	276	454	89529	143067	232596
"2011.01.11"	"Nigeria"	"Kuru Station"	19	3	22	197	279	476	89548	143070	232618
"2011.01.11"	"Pakistan"	"Hangu"	2	0	2	199	279	478	89550	143070	232620
"2011.01.11"	"Sudan"	"Abyei"	10	18	28	209	297	506	89560	143088	232648
"2011.01.11"	"Thailand"	"Yala"	2	0	2	211	297	508	89562	143088	232650
"2011.01.11"	"Dagestan"	"Makhachkala"	1	0	1	212	297	509	89563	143088	232651
"2011.01.11"	"Pakistan"	"Lahore"	0	2	2	212	299	511	89563	143090	232653
"2011.01.11"	"Russia"	"Kenzh"	1	0	1	213	299	512	89564	143090	232654
"2011.01.11"	"Dagestan"	"Makhachkala"	1	0	1	214	299	513	89565	143090	232655
"2011.01.12"	"Afghanistan"	"Farah"	2	0	2	216	299	515	89567	143090	232657
"2011.01.12"	"Pakistan"	"Peshawar"	2	7	9	218	306	524	89569	143097	232666
"2011.01.12"	"Afghanistan"	"Kabul"	2	32	34	220	338	558	89571	143129	232700
"2011.01.12"	"Pakistan"	"Bannu"	20	14	34	240	352	592	89591	143143	232734
"2011.01.13"	"Dagestan"	"Makhachkala"	1	1	2	241	353	594	89592	143144	232736
"2011.01.13"	"Dagestan"	"Levashinsky"	1	0	1	242	353	595	89593	143144	232737
"2011.01.13"	"Afghanistan"	"Bannu"	2	3	5	244	356	600	89595	143147	232742
"2011.01.13"	"Iraq"	"Baghdad"	2	9	11	246	365	611	89597	143156	232753
"2011.01.13"	"Pakistan"	"Khyber"	1	4	5	247	369	616	89598	143160	232758
"2011.01.13"	"Pakistan"	"Sardikhel"	4	5	9	251	374	625	89602	143165	232767
"2011.01.13"	"Pakistan"	"Peshawar"	1	1	2	252	375	627	89603	143166	232769
"2011.01.13"	"Pakistan"	"Karachi"	1	0	1	253	375	628	89604	143166	232770
"2011.01.13"	"Afghanistan"	"Jalalabad"	1	3	4	254	378	632	89605	143169	232774
"2011.01.14"	"Afghanistan"	"Zabul"	7	0	7	261	378	639	89612	143169	232781
"2011.01.14"	"Pakistan"	"Pakhtunkhwa"	6	3	9	267	381	648	89618	143172	232790
"2011.01.14"	"Dagestan"	"Khasavyurt"	4	5	9	271	386	657	89622	143177	232799
"2011.01.15"	"Iraq"	"Mosul"	0	1	1	271	387	658	89622	143178	232800
"2011.01.15"	"Chechnya"	"Grozny"	1	2	3	272	389	661	89623	143180	232803
"2011.01.15"	"Russia"	"Kabardino-Balkariya"	1	0	1	273	389	662	89624	143180	232804
"2011.01.15"	"Thailand"	"Narathiwat"	1	0	1	274	389	663	89625	143180	232805
"2011.01.15"	"Thailand"	"Pattani"	1	0	1	275	389	664	89626	143180	232806
"2011.01.15"	"Afghanistan"	"Helmand"	6	3	9	281	392	673	89632	143183	232815
"2011.01.16"	"Afghanistan"	"Pakitya"	1	2	3	282	394	676	89633	143185	232818
"2011.01.16"	"Thailand"	"Narathiwat"	1	1	2	283	395	678	89634	143186	232820
"2011.01.16"	"Afghanistan"	"Baghlan"	9	0	9	292	395	687	89643	143186	232829
"2011.01.16"	"Chechnya"	"Grozny"	1	5	6	293	400	693	89644	143191	232835
"2011.01.17"	"Somalia"	"Mogadishu"	5	12	17	298	412	710	89649	143203	232852
"2011.01.17"	"Pakistan"	"Hangu"	18	9	27	316	421	737	89667	143212	232879
"2011.01.17"	"Iraq"	"Anbar"	1	9	10	317	430	747	89668	143221	232889
"2011.01.17"	"Iraq"	"Mosul"	3	0	3	320	430	750	89671	143221	232892
"2011.01.18"	"Afghanistan"	"Bala Murgab"	1	1	2	321	431	752	89672	143222	232894
"2011.01.18"	"Pakistan"	"Hangu"	4	0	4	325	431	756	89676	143222	232898
"2011.01.18"	"Iraq"	"Tikrit"	66	160	226	391	591	982	89742	143382	233124
"2011.01.18"	"Thailand"	"Narathiwat"	1	0	1	392	591	983	89743	143382	233125
"2011.01.18"	"Thailand"	"Pattani"	1	0	1	393	591	984	89744	143382	233126
"2011.01.18"	"Pakistan"	"Razmak"	3	3	6	396	594	990	89747	143385	233132
"2011.01.18"	"Pakistan"	"Ghaziabad"	2	0	2	398	594	992	89749	143385	233134
"2011.01.19"	"Pakistan"	"Peshawar"	2	14	16	400	608	1008	89751	143399	233150
"2011.01.19"	"Thailand"	"Narathiwat"	4	6	10	404	614	1018	89755	143405	233160
"2011.01.19"	"Afghanistan"	"Paktika"	20	0	20	424	614	1038	89775	143405	233180
"2011.01.19"	"Philippines"	"Albarka"	1	0	1	425	614	1039	89776	143405	233181
"2011.01.19"	"Pakistan"	"Khyber"	3	0	3	428	614	1042	89779	143405	233184
"2011.01.19"	"Iraq"	"Ghalbiyah"	2	16	18	430	630	1060	89781	143421	233202
"2011.01.19"	"Iraq"	"Baqubah"	15	64	79	445	694	1139	89796	143485	233281
"2011.01.20"	"Pakistan"	"Kohat"	6	2	8	451	696	1147	89802	143487	233289
"2011.01.20"	"Afghanistan"	"Kandahar"	3	4	7	454	700	1154	89805	143491	233296
"2011.01.20"	"Pakistan"	"Karachi"	2	0	2	456	700	1156	89807	143491	233298
"2011.01.20"	"Pakistan"	"Kurram"	3	0	3	459	700	1159	89810	143491	233301
"2011.01.20"	"Iraq"	"Baghdad"	1	10	11	460	710	1170	89811	143501	233312
"2011.01.20"	"Iraq"	"Baqubah"	3	30	33	463	740	1203	89814	143531	233345
"2011.01.20"	"Iraq"	"Karbala"	51	182	233	514	922	1436	89865	143713	233578
"2011.01.20"	"Thailand"	"Yala"	1	0	1	515	922	1437	89866	143713	233579
"2011.01.20"	"Thailand"	"Narathiwat"	2	0	2	517	922	1439	89868	143713	233581
"2011.01.20"	"Afghanistan"	"Kandahar"	1	0	1	518	922	1440	89869	143713	233582
"2011.01.21"	"Pakistan"	"Kurram"	2	0	2	520	922	1442	89871	143713	233584
"2011.01.22"	"Pakistan"	"Orakzai"	3	6	9	523	928	1451	89874	143719	233593
"2011.01.22"	"Afghanistan"	"Helmand"	1	9	10	524	937	1461	89875	143728	233603
"2011.01.22"	"Afghanistan"	"Ghazni"	2	6	8	526	943	1469	89877	143734	233611
"2011.01.22"	"Thailand"	"Narathiwat"	1	0	1	527	943	1470	89878	143734	233612
"2011.01.23"	"Nigeria"	"Biu"	1	2	3	528	945	1473	89879	143736	233615
"2011.01.23"	"Nigeria"	"Jos"	8	5	13	536	950	1486	89887	143741	233628
"2011.01.23"	"Nigeria"	"Maiduguri"	1	0	1	537	950	1487	89888	143741	233629
"2011.01.23"	"Iraq"	"Tarmiyah"	2	0	2	539	950	1489	89890	143741	233631
"2011.01.23"	"Iraq"	"Taji"	2	0	2	541	950	1491	89892	143741	233633
"2011.01.23"	"Pakistan"	"Hangu"	3	4	7	544	954	1498	89895	143745	233640
"2011.01.23"	"Pakistan"	"Bahawalpur"	1	0	1	545	954	1499	89896	143745	233641
"2011.01.23"	"Iraq"	"Baghdad"	10	30	40	555	984	1539	89906	143775	233681
"2011.01.24"	"Russia"	"Moscow"	37	150	187	592	1134	1726	89943	143925	233868
"2011.01.24"	"Thailand"	"Pattani"	1	1	2	593	1135	1728	89944	143926	233870
"2011.01.24"	"Pakistan"	"Landikotal"	1	2	3	594	1137	1731	89945	143928	233873
"2011.01.24"	"Iraq"	"Karbala"	12	32	44	606	1169	1775	89957	143960	233917
"2011.01.24"	"Iraq"	"Karbala"	14	164	178	620	1333	1953	89971	144124	234095
"2011.01.24"	"Nigeria"	"Maiduguri"	1	0	1	621	1333	1954	89972	144124	234096
"2011.01.25"	"Pakistan"	"Karachi"	4	5	9	625	1338	1963	89976	144129	234105
"2011.01.25"	"Pakistan"	"Lahore"	10	70	80	635	1408	2043	89986	144199	234185
"2011.01.25"	"Thailand"	"Yala"	9	2	11	644	1410	2054	89995	144201	234196
"2011.01.25"	"Philippines"	"Minila"	4	14	18	648	1424	2072	89999	144215	234214
"2011.01.25"	"Afghanistan"	"Mullah Quli"	2	0	2	650	1424	2074	90001	144215	234216
"2011.01.26"	"Nigeria"	"Maiduguri"	1	1	2	651	1425	2076	90002	144216	234218
"2011.01.26"	"Yemen"	"Hadramout"	5	3	8	656	1428	2084	90007	144219	234226
"2011.01.27"	"Iraq"	"Baghdad"	48	121	169	704	1549	2253	90055	144340	234395
"2011.01.27"	"Somalia"	"Lafole"	0	10	10	704	1559	2263	90055	144350	234405
"2011.01.27"	"Iraq"	"Baghdad"	2	7	9	706	1566	2272	90057	144357	234414
"2011.01.27"	"Dagestan"	"Khasavyurt"	4	6	10	710	1572	2282	90061	144363	234424
"2011.01.27"	"Nigeria"	"Were"	2	11	13	712	1583	2295	90063	144374	234437
"2011.01.27"	"Nigeria"	"Barkin Ladi"	14	8	22	726	1591	2317	90077	144382	234459
"2011.01.27"	"Thailand"	"Pattani"	2	0	2	728	1591	2319	90079	144382	234461
"2011.01.27"	"Thailand"	"Yala"	1	0	1	729	1591	2320	90080	144382	234462
"2011.01.28"	"Nigeria"	"Borno"	7	0	7	736	1591	2327	90087	144382	234469
"2011.01.28"	"Nigeria"	"Jos"	3	0	3	739	1591	2330	90090	144382	234472
"2011.01.28"	"Afghanistan"	"Kabul"	8	15	23	747	1606	2353	90098	144397	234495
"2011.01.28"	"Thailand"	"Yala"	1	0	1	748	1606	2354	90099	144397	234496
"2011.01.29"	"Thailand"	"Pattani"	0	4	4	748	1610	2358	90099	144401	234500
"2011.01.29"	"Afghanistan"	"Kandahar"	1	3	4	749	1613	2362	90100	144404	234504
"2011.01.29"	"Pakistan"	"Peshawar"	4	19	23	753	1632	2385	90104	144423	234527
"2011.01.29"	"Yemen"	"Marib"	1	4	5	754	1636	2390	90105	144427	234532
"2011.01.29"	"Pakistan"	"Pakhtunkhwa"	2	6	8	756	1642	2398	90107	144433	234540
"2011.01.29"	"Somalia"	"Mogadishu"	5	16	21	761	1658	2419	90112	144449	234561
"2011.01.29"	"Nigeria"	"Jos"	1	0	1	762	1658	2420	90113	144449	234562
"2011.01.30"	"Nigeria"	"Maiduguri"	1	0	1	763	1658	2421	90114	144449	234563
"2011.01.30"	"Pakistan"	"Jhanda Masood"	2	0	2	765	1658	2423	90116	144449	234565
"2011.01.30"	"Egypt"	"Sharona"	11	4	15	776	1662	2438	90127	144453	234580
"2011.01.30"	"Israel"	"Beersheba"	0	1	1	776	1663	2439	90127	144454	234581
"2011.01.30"	"Nigeria"	"Ayaruje"	3	0	3	779	1663	2442	90130	144454	234584
"2011.01.31"	"Bangladesh"	"Shariatpur"	1	0	1	780	1663	2443	90131	144454	234585
"2011.01.31"	"Pakistan"	"Hayat Abad"	1	3	4	781	1666	2447	90132	144457	234589
"2011.01.31"	"Pakistan"	"Peshawar"	5	19	24	786	1685	2471	90137	144476	234613
"2011.01.31"	"Ingushetia"	"Nazran"	1	0	1	787	1685	2472	90138	144476	234614
"2011.01.31"	"India"	"Sopore"	2	0	2	789	1685	2474	90140	144476	234616
"2011.01.31"	"Iraq"	"Baghdad"	1	0	1	790	1685	2475	90141	144476	234617
"2011.02.01"	"Nigeria"	"Maiduguri"	1	1	2	791	1686	2477	90142	144477	234619
"2011.02.01"	"Thailand"	"Yala"	4	0	4	795	1686	2481	90146	144477	234623
"2011.02.01"	"Somalia"	"Mogadishu"	1	5	6	796	1691	2487	90147	144482	234629
"2011.02.01"	"Pakistan"	"Kharan"	2	0	2	798	1691	2489	90149	144482	234631
"2011.02.01"	"Somalia"	"Mogadishu"	3	7	10	801	1698	2499	90152	144489	234641
"2011.02.01"	"Somalia"	"Banadir"	2	0	2	803	1698	2501	90154	144489	234643
"2011.02.01"	"Somalia"	"Mogadishu"	1	0	1	804	1698	2502	90155	144489	234644
"2011.02.02"	"Iraq"	"Baghdad"	6	18	24	810	1716	2526	90161	144507	234668
"2011.02.02"	"Pakistan"	"Anargi"	3	4	7	813	1720	2533	90164	144511	234675
"2011.02.02"	"Pakistan"	"Vehari"	1	0	1	814	1720	2534	90165	144511	234676
"2011.02.02"	"Russia"	"Chegem"	5	0	5	819	1720	2539	90170	144511	234681
"2011.02.02"	"Pakistan"	"Peshawar"	10	26	36	829	1746	2575	90180	144537	234717
"2011.02.02"	"Somalia"	"Mogadishu"	3	0	3	832	1746	2578	90183	144537	234720
"2011.02.03"	"Mauritania"	"Bezoul"	1	0	1	833	1746	2579	90184	144537	234721
"2011.02.03"	"Thailand"	"Pattani"	5	2	7	838	1748	2586	90189	144539	234728
"2011.02.03"	"Iraq"	"Ramadi"	6	19	25	844	1767	2611	90195	144558	234753
"2011.02.03"	"Thailand"	"Pattani"	1	0	1	845	1767	2612	90196	144558	234754
"2011.02.03"	"Iraq"	"Baghdad"	6	24	30	851	1791	2642	90202	144582	234784
"2011.02.03"	"Pakistan"	"Lahore"	3	27	30	854	1818	2672	90205	144609	234814
"2011.02.03"	"Afghanistan"	"Kunduz"	3	0	3	857	1818	2675	90208	144609	234817
"2011.02.04"	"Afghanistan"	"Kandahar"	1	3	4	858	1821	2679	90209	144612	234821
"2011.02.04"	"Thailand"	"Yala"	2	0	2	860	1821	2681	90211	144612	234823
"2011.02.04"	"Somalia"	"Mudug"	1	0	1	861	1821	2682	90212	144612	234824
"2011.02.04"	"Pakistan"	"Karachi"	1	0	1	862	1821	2683	90213	144612	234825
"2011.02.04"	"Iraq"	"Tuz Khormato"	3	0	3	865	1821	2686	90216	144612	234828
"2011.02.04"	"Thailand"	"Pattani"	1	2	3	866	1823	2689	90217	144614	234831
"2011.02.04"	"Afghanistan"	"Kandahar"	1	0	1	867	1823	2690	90218	144614	234832
"2011.02.04"	"Egypt"	"Sinai"	4	0	4	871	1823	2694	90222	144614	234836
"2011.02.05"	"Philippines"	"M'lang"	2	0	2	873	1823	2696	90224	144614	234838
"2011.02.05"	"Iraq"	"Balad"	2	3	5	875	1826	2701	90226	144617	234843
"2011.02.05"	"Pakistan"	"Khyber"	3	2	5	878	1828	2706	90229	144619	234848
"2011.02.05"	"Pakistan"	"Karak"	4	0	4	882	1828	2710	90233	144619	234852
"2011.02.05"	"DRC"	"Kivu"	12	0	12	894	1828	2722	90245	144619	234864
"2011.02.06"	"Philippines"	"Kabacan"	6	6	12	900	1834	2734	90251	144625	234876
"2011.02.06"	"Indonesia"	"Banten"	3	6	9	903	1840	2743	90254	144631	234885
"2011.02.06"	"Pakistan"	"Nut Kallan"	1	0	1	904	1840	2744	90255	144631	234886
"2011.02.06"	"Pakistan"	"Quetta"	1	0	1	905	1840	2745	90256	144631	234887
"2011.02.07"	"Afghanistan"	"Kandahar"	1	5	6	906	1845	2751	90257	144636	234893
"2011.02.07"	"Afghanistan"	"Bak"	1	0	1	907	1845	2752	90258	144636	234894
"2011.02.07"	"Iraq"	"Iskandariya"	2	0	2	909	1845	2754	90260	144636	234896
"2011.02.07"	"Pakistan"	"Hangu"	2	6	8	911	1851	2762	90262	144642	234904
"2011.02.08"	"Somalia"	"Galka'y"	1	0	1	912	1851	2763	90263	144642	234905
"2011.02.08"	"Indonesia"	"Temanggung"	0	7	7	912	1858	2770	90263	144649	234912
"2011.02.08"	"Philippines"	"Manila"	1	0	1	913	1858	2771	90264	144649	234913
"2011.02.08"	"Afghanistan"	"Balkh"	1	3	4	914	1861	2775	90265	144652	234917
"2011.02.08"	"Thailand"	"Yala"	1	1	2	915	1862	2777	90266	144653	234919
"2011.02.08"	"India"	"Thakurdwara"	1	0	1	916	1862	2778	90267	144653	234920
"2011.02.09"	"Dagestan"	"Makhachkala"	2	0	2	918	1862	2780	90269	144653	234922
"2011.02.09"	"Pakistan"	"Charsadda"	1	3	4	919	1865	2784	90270	144656	234926
"2011.02.09"	"Iraq"	"Kirkuk"	11	104	115	930	1969	2899	90281	144760	235041
"2011.02.09"	"Iraq"	"Baghdad"	2	0	2	932	1969	2901	90283	144760	235043
"2011.02.09"	"Pakistan"	"Pakhtunkhwa"	4	6	10	936	1975	2911	90287	144766	235053
"2011.02.10"	"Iraq"	"Dujail"	9	39	48	945	2014	2959	90296	144805	235101
"2011.02.10"	"Pakistan"	"Mardan"	31	50	81	976	2064	3040	90327	144855	235182
"2011.02.10"	"Afghanistan"	"Kunduz"	7	5	12	983	2069	3052	90334	144860	235194
"2011.02.10"	"Pakistan"	"North Waziristan"	3	0	3	986	2069	3055	90337	144860	235197
"2011.02.10"	"Thailand"	"Pattani"	3	0	3	989	2069	3058	90340	144860	235200
"2011.02.10"	"Nigeria"	"Kuru"	5	9	14	994	2078	3072	90345	144869	235214
"2011.02.10"	"Thailand"	"Yala"	1	0	1	995	2078	3073	90346	144869	235215
"2011.02.10"	"Nigeria"	"Alice"	2	3	5	997	2081	3078	90348	144872	235220
"2011.02.11"	"Thailand"	"Pattani"	1	0	1	998	2081	3079	90349	144872	235221
"2011.02.11"	"Thailand"	"Narathiwat"	1	0	1	999	2081	3080	90350	144872	235222
"2011.02.11"	"Pakistan"	"Mardan"	5	0	5	1004	2081	3085	90355	144872	235227
"2011.02.12"	"Afghanistan"	"Kandahar"	21	45	66	1025	2126	3151	90376	144917	235293
"2011.02.12"	"Iraq"	"Samarrah"	36	64	100	1061	2190	3251	90412	144981	235393
"2011.02.13"	"Somalia"	"Mogadishu"	3	10	13	1064	2200	3264	90415	144991	235406
"2011.02.13"	"Thailand"	"Yala"	0	18	18	1064	2218	3282	90415	145009	235424
"2011.02.13"	"Iran"	"Tehran"	1	0	1	1065	2218	3283	90416	145009	235425
"2011.02.14"	"Afghanistan"	"Kabul"	2	2	4	1067	2220	3287	90418	145011	235429
"2011.02.14"	"Pakistan"	"Pakhtunkhwa"	4	0	4	1071	2220	3291	90422	145011	235433
"2011.02.14"	"Russia"	"Gubden"	3	26	29	1074	2246	3320	90425	145037	235462
"2011.02.15"	"Iraq"	"Kut"	1	0	1	1075	2246	3321	90426	145037	235463
"2011.02.15"	"Iraq"	"Baghdad"	4	6	10	1079	2252	3331	90430	145043	235473
"2011.02.15"	"Pakistan"	"North Waziristan"	2	0	2	1081	2252	3333	90432	145043	235475
"2011.02.15"	"Nigeria"	"Maiduguri"	2	0	2	1083	2252	3335	90434	145043	235477
"2011.02.16"	"Yemen"	"Hadramout"	1	3	4	1084	2255	3339	90435	145046	235481
"2011.02.16"	"Iraq"	"Khalidiya"	2	0	2	1086	2255	3341	90437	145046	235483
"2011.02.17"	"Afghanistan"	"Kunduz"	2	0	2	1088	2255	3343	90439	145046	235485
"2011.02.17"	"Iraq"	"Baghdad"	1	0	1	1089	2255	3344	90440	145046	235486
"2011.02.17"	"Iraq"	"Mosul"	1	0	1	1090	2255	3345	90441	145046	235487
"2011.02.17"	"Iraq"	"Baghdad"	3	10	13	1093	2265	3358	90444	145056	235500
"2011.02.17"	"Pakistan"	"Bannu"	1	0	1	1094	2265	3359	90445	145056	235501
"2011.02.17"	"Iraq"	"al-Maqdadiyah"	13	35	48	1107	2300	3407	90458	145091	235549
"2011.02.17"	"Thailand"	"Pattani"	1	1	2	1108	2301	3409	90459	145092	235551
"2011.02.18"	"Tunisia"	"Tunis"	1	0	1	1109	2301	3410	90460	145092	235552
"2011.02.18"	"Thailand"	"Pattani"	1	0	1	1110	2301	3411	90461	145092	235553
"2011.02.18"	"Afghanistan"	"Baghlan"	3	7	10	1113	2308	3421	90464	145099	235563
"2011.02.18"	"Nigeria"	"Darazo"	2	2	4	1115	2310	3425	90466	145101	235567
"2011.02.18"	"Thailand"	"Narathiwat"	1	1	2	1116	2311	3427	90467	145102	235569
"2011.02.18"	"Afghanistan"	"Nangahar"	3	0	3	1119	2311	3430	90470	145102	235572
"2011.02.18"	"Afghanistan"	"Khost"	11	40	51	1130	2351	3481	90481	145142	235623
"2011.02.18"	"Afghanistan"	"Nangarhar"	2	0	2	1132	2351	3483	90483	145142	235625
"2011.02.18"	"India"	"Bandipora"	1	0	1	1133	2351	3484	90484	145142	235626
"2011.02.19"	"Afghanistan"	"Jalalabad"	42	71	113	1175	2422	3597	90526	145213	235739
"2011.02.19"	"Russia"	"Zayukovo"	4	1	5	1179	2423	3602	90530	145214	235744
"2011.02.20"	"Iraq"	"Shirqat"	2	6	8	1181	2429	3610	90532	145220	235752
"2011.02.20"	"Pakistan"	"Mosakki"	2	0	2	1183	2429	3612	90534	145220	235754
"2011.02.20"	"Iraq"	"Shirqat"	2	6	8	1185	2435	3620	90536	145226	235762
"2011.02.20"	"Thailand"	"Narathiwat"	0	17	17	1185	2452	3637	90536	145243	235779
"2011.02.21"	"Thailand"	"Narathiwat"	1	1	2	1186	2453	3639	90537	145244	235781
"2011.02.21"	"Thailand"	"Narathiwat"	1	0	1	1187	2453	3640	90538	145244	235782
"2011.02.21"	"Yemen"	"Sanaa"	5	6	11	1192	2459	3651	90543	145250	235793
"2011.02.21"	"Iraq"	"Samarrah"	12	18	30	1204	2477	3681	90555	145268	235823
"2011.02.21"	"Somalia"	"Mogadishu"	14	35	49	1218	2512	3730	90569	145303	235872
"2011.02.21"	"Thailand"	"Yala"	1	12	13	1219	2524	3743	90570	145315	235885
"2011.02.21"	"Afghanistan"	"Kunduz"	31	40	71	1250	2564	3814	90601	145355	235956
"2011.02.21"	"Pakistan"	"Hajano"	1	0	1	1251	2564	3815	90602	145355	235957
"2011.02.22"	"Pakistan"	"Torghundai"	6	10	16	1257	2574	3831	90608	145365	235973
"2011.02.22"	"Iraq"	"Baqubah"	1	0	1	1258	2574	3832	90609	145365	235974
"2011.02.22"	"Nigeria"	"Borno"	18	7	25	1276	2581	3857	90627	145372	235999
"2011.02.22"	"Oman"	"Coast"	4	0	4	1280	2581	3861	90631	145372	236003
"2011.02.22"	"Thailand"	"Pattani"	1	0	1	1281	2581	3862	90632	145372	236004
"2011.02.23"	"Pal. Auth."	"Khan Younis"	1	2	3	1282	2583	3865	90633	145374	236007
"2011.02.23"	"Egypt"	"Assiut"	1	0	1	1283	2583	3866	90634	145374	236008
"2011.02.23"	"Pakistan"	"Landikotal"	5	2	7	1288	2585	3873	90639	145376	236015
"2011.02.23"	"Nigeria"	"Maiduguri"	1	0	1	1289	2585	3874	90640	145376	236016
"2011.02.24"	"Afghanistan"	"Spin Boldak"	1	26	27	1290	2611	3901	90641	145402	236043
"2011.02.24"	"Iraq"	"Ramadi"	11	18	29	1301	2629	3930	90652	145420	236072
"2011.02.24"	"Egypt"	"Wadi el-Natroun"	0	19	19	1301	2648	3949	90652	145439	236091
"2011.02.24"	"Iraq"	"Baghdad"	1	0	1	1302	2648	3950	90653	145439	236092
"2011.02.24"	"Iraq"	"Mahata"	4	0	4	1306	2648	3954	90657	145439	236096
"2011.02.24"	"Pakistan"	"Peshawar"	4	0	4	1310	2648	3958	90661	145439	236100
"2011.02.25"	"Russia"	"Nalchik"	0	12	12	1310	2660	3970	90661	145451	236112
"2011.02.25"	"Iraq"	"Fallujah"	6	1	7	1316	2661	3977	90667	145452	236119
"2011.02.26"	"Afghanistan"	"Khost"	9	0	9	1325	2661	3986	90676	145452	236128
"2011.02.26"	"Afghanistan"	"Faryab"	4	30	34	1329	2691	4020	90680	145482	236162
"2011.02.26"	"Iraq"	"Baiji"	4	0	4	1333	2691	4024	90684	145482	236166
"2011.02.26"	"Iraq"	"Baghdad"	1	0	1	1334	2691	4025	90685	145482	236167
"2011.02.26"	"Pakistan"	"Peshawar"	4	17	21	1338	2708	4046	90689	145499	236188
"2011.02.27"	"India"	"Pulwama"	1	0	1	1339	2708	4047	90690	145499	236189
"2011.02.27"	"Pakistan"	"Landi Kotal"	1	0	1	1340	2708	4048	90691	145499	236190
"2011.02.27"	"Afghanistan"	"Arghandab"	8	25	33	1348	2733	4081	90699	145524	236223
"2011.02.27"	"Somalia"	"Mandera"	1	10	11	1349	2743	4092	90700	145534	236234
"2011.02.27"	"Thailand"	"Pattani"	1	0	1	1350	2743	4093	90701	145534	236235
"2011.02.28"	"Turkey"	"Mersin"	1	0	1	1351	2743	4094	90702	145534	236236
"2011.02.28"	"Nigeria"	"Dabwak"	5	0	5	1356	2743	4099	90707	145534	236241
"2011.02.28"	"India"	"Baramulla"	1	0	1	1357	2743	4100	90708	145534	236242
"2011.02.28"	"India"	"Srinagar"	1	0	1	1358	2743	4101	90709	145534	236243
"2011.02.28"	"Nigeria"	"Kaduna"	2	0	2	1360	2743	4103	90711	145534	236245
"2011.03.01"	"Nigeria"	"Maiduguri"	1	0	1	1361	2743	4104	90712	145534	236246
"2011.03.01"	"Nigeria"	"Maiduguri"	1	0	1	1362	2743	4105	90713	145534	236247
"2011.03.01"	"Pakistan"	"Mardan"	1	19	20	1363	2762	4125	90714	145553	236267
"2011.03.01"	"Pakistan"	"Pakhtunkhwa"	2	0	2	1365	2762	4127	90716	145553	236269
"2011.03.01"	"Pakistan"	"Mohmand"	3	1	4	1368	2763	4131	90719	145554	236273
"2011.03.01"	"Pakistan"	"Miranshah"	4	0	4	1372	2763	4135	90723	145554	236277
"2011.03.01"	"Pakistan"	"Bara"	1	0	1	1373	2763	4136	90724	145554	236278
"2011.03.01"	"Yemen"	"Abyan"	2	11	13	1375	2774	4149	90726	145565	236291
"2011.03.01"	"Ethiopia"	"Oma"	0	17	17	1375	2791	4166	90726	145582	236308
"2011.03.02"	"Germany"	"Frankfurt"	2	2	4	1377	2793	4170	90728	145584	236312
"2011.03.02"	"Iraq"	"Mosul"	1	0	1	1378	2793	4171	90729	145584	236313
"2011.03.02"	"Iraq"	"Baghdad"	1	20	21	1379	2813	4192	90730	145604	236334
"2011.03.02"	"Iraq"	"Ramadi"	1	3	4	1380	2816	4196	90731	145607	236338
"2011.03.02"	"Pakistan"	"Karachi"	1	0	1	1381	2816	4197	90732	145607	236339
"2011.03.02"	"Pakistan"	"Islamabad"	1	1	2	1382	2817	4199	90733	145608	236341
"2011.03.03"	"Iraq"	"Haditha"	8	10	18	1390	2827	4217	90741	145618	236359
"2011.03.03"	"Pakistan"	"Hangu"	9	31	40	1399	2858	4257	90750	145649	236399
"2011.03.03"	"Pakistan"	"Khyber"	6	3	9	1405	2861	4266	90756	145652	236408
"2011.03.04"	"Egypt"	"Sol"	2	0	2	1407	2861	4268	90758	145652	236410
"2011.03.04"	"Pakistan"	"Nowshera"	10	37	47	1417	2898	4315	90768	145689	236457
"2011.03.04"	"Pakistan"	"Karachi"	1	0	1	1418	2898	4316	90769	145689	236458
"2011.03.04"	"Pakistan"	"Danda"	1	0	1	1419	2898	4317	90770	145689	236459
"2011.03.05"	"Iraq"	"Hilla"	4	0	4	1423	2898	4321	90774	145689	236463
"2011.03.05"	"Thailand"	"Pattani"	1	2	3	1424	2900	4324	90775	145691	236466
"2011.03.05"	"Pakistan"	"Karachi"	2	0	2	1426	2900	4326	90777	145691	236468
"2011.03.05"	"Iraq"	"Abu Kamis"	1	0	1	1427	2900	4327	90778	145691	236469
"2011.03.05"	"Iraq"	"Khalis"	2	2	4	1429	2902	4331	90780	145693	236473
"2011.03.05"	"Pakistan"	"Mohmand"	2	7	9	1431	2909	4340	90782	145700	236482
"2011.03.06"	"Thailand"	"Pattani"	1	3	4	1432	2912	4344	90783	145703	236486
"2011.03.06"	"Iraq"	"Basra"	8	12	20	1440	2924	4364	90791	145715	236506
"2011.03.06"	"Yemen"	"Marib"	4	0	4	1444	2924	4368	90795	145715	236510
"2011.03.06"	"Yemen"	"Zinjibar"	2	0	2	1446	2924	4370	90797	145715	236512
"2011.03.06"	"Thailand"	"Pattani"	1	4	5	1447	2928	4375	90798	145719	236517
"2011.03.06"	"Thailand"	"Pattani"	1	0	1	1448	2928	4376	90799	145719	236518
"2011.03.06"	"Afghanistan"	"Paktika"	12	5	17	1460	2933	4393	90811	145724	236535
"2011.03.06"	"Iraq"	"Baghdad"	2	0	2	1462	2933	4395	90813	145724	236537
"2011.03.07"	"Thailand"	"Narathiwat"	1	0	1	1463	2933	4396	90814	145724	236538
"2011.03.07"	"Afghanistan"	"Jalalabad"	2	19	21	1465	2952	4417	90816	145743	236559
"2011.03.07"	"Pakistan"	"Karachi"	1	0	1	1466	2952	4418	90817	145743	236560
"2011.03.07"	"Thailand"	"Pattani"	1	0	1	1467	2952	4419	90818	145743	236561
"2011.03.07"	"Thailand"	"Pattani"	1	1	2	1468	2953	4421	90819	145744	236563
"2011.03.08"	"Algeria"	"Djelfa"	5	0	5	1473	2953	4426	90824	145744	236568
"2011.03.08"	"Thailand"	"Yala"	1	0	1	1474	2953	4427	90825	145744	236569
"2011.03.08"	"Ethiopia"	"Asendabo"	2	0	2	1476	2953	4429	90827	145744	236571
"2011.03.08"	"Pakistan"	"Faisalabad"	32	125	157	1508	3078	4586	90859	145869	236728
"2011.03.08"	"Iraq"	"Fallujah"	1	0	1	1509	3078	4587	90860	145869	236729
"2011.03.08"	"Iraq"	"Mosul"	1	0	1	1510	3078	4588	90861	145869	236730
"2011.03.08"	"Iraq"	"Abu Ghraib"	1	0	1	1511	3078	4589	90862	145869	236731
"2011.03.09"	"Iraq"	"Diyala"	1	1	2	1512	3079	4591	90863	145870	236733
"2011.03.09"	"Pakistan"	"Adezai"	43	52	95	1555	3131	4686	90906	145922	236828
"2011.03.09"	"Egypt"	"Cairo"	9	150	159	1564	3281	4845	90915	146072	236987
"2011.03.09"	"Iraq"	"al-Makheirja"	2	2	4	1566	3283	4849	90917	146074	236991
"2011.03.10"	"Iraq"	"Baghdad"	6	3	9	1572	3286	4858	90923	146077	237000
"2011.03.10"	"Pakistan"	"Peshawar"	1	1	2	1573	3287	4860	90924	146078	237002
"2011.03.10"	"Afghanistan"	"Kunduz"	3	8	11	1576	3295	4871	90927	146086	237013
"2011.03.10"	"Nigeria"	"Bauchi"	3	5	8	1579	3300	4879	90930	146091	237021
"2011.03.10"	"Philippines"	"Jolo"	3	11	14	1582	3311	4893	90933	146102	237035
"2011.03.11"	"Pakistan"	"Karachi"	1	0	1	1583	3311	4894	90934	146102	237036
"2011.03.11"	"Yemen"	"al-Deyo"	4	5	9	1587	3316	4903	90938	146107	237045
"2011.03.11"	"Pakistan"	"Nawabshah"	1	0	1	1588	3316	4904	90939	146107	237046
"2011.03.12"	"Pakistan"	"Hairdin"	6	0	6	1594	3316	4910	90945	146107	237052
"2011.03.12"	"Israel"	"Itamar"	5	0	5	1599	3316	4915	90950	146107	237057
"2011.03.12"	"Iraq"	"Baghdad"	1	6	7	1600	3322	4922	90951	146113	237064
"2011.03.12"	"Iraq"	"Baghdad"	7	0	7	1607	3322	4929	90958	146113	237071
"2011.03.12"	"Afghanistan"	"Kandahar"	4	0	4	1611	3322	4933	90962	146113	237075
"2011.03.13"	"Nigeria"	"Maiduguri"	1	0	1	1612	3322	4934	90963	146113	237076
"2011.03.13"	"Afghanistan"	"Helmand"	6	0	6	1618	3322	4940	90969	146113	237082
"2011.03.13"	"Pakistan"	"Hangu"	9	6	15	1627	3328	4955	90978	146119	237097
"2011.03.13"	"Yemen"	"Zinjubar"	1	2	3	1628	3330	4958	90979	146121	237100
"2011.03.14"	"Somalia"	"Fiidow"	4	9	13	1632	3339	4971	90983	146130	237113
"2011.03.14"	"Iraq"	"Diyala"	11	14	25	1643	3353	4996	90994	146144	237138
"2011.03.14"	"Nigeria"	"Plateau"	6	0	6	1649	3353	5002	91000	146144	237144
"2011.03.14"	"Afghanistan"	"Kunduz"	36	42	78	1685	3395	5080	91036	146186	237222
"2011.03.14"	"Iran"	"Evin"	2	0	2	1687	3395	5082	91038	146186	237224
"2011.03.15"	"Thailand"	"Pattani"	3	0	3	1690	3395	5085	91041	146186	237227
"2011.03.15"	"Afghanistan"	"Laghman"	1	0	1	1691	3395	5086	91042	146186	237228
"2011.03.15"	"Afghanistan"	"Nangarhar"	1	0	1	1692	3395	5087	91043	146186	237229
"2011.03.15"	"Indonesia"	"Jakarta"	0	4	4	1692	3399	5091	91043	146190	237233
"2011.03.15"	"Thailand"	"Yala"	1	0	1	1693	3399	5092	91044	146190	237234
"2011.03.15"	"Thailand"	"Songkhla"	1	1	2	1694	3400	5094	91045	146191	237236
"2011.03.15"	"Thailand"	"Songkhla"	1	0	1	1695	3400	5095	91046	146191	237237
"2011.03.15"	"Thailand"	"Narathiwat"	2	0	2	1697	3400	5097	91048	146191	237239
"2011.03.16"	"Thailand"	"Marib"	1	1	2	1698	3401	5099	91049	146192	237241
"2011.03.16"	"Iraq"	"Kirkuk"	2	35	37	1700	3436	5136	91051	146227	237278
"2011.03.16"	"Iraq"	"Buhriz"	1	1	2	1701	3437	5138	91052	146228	237280
"2011.03.16"	"Somalia"	"Mogadishu"	10	50	60	1711	3487	5198	91062	146278	237340
"2011.03.17"	"Yemen"	"Marib"	3	0	3	1714	3487	5201	91065	146278	237343
"2011.03.18"	"Iraq"	"Mussayab"	2	0	2	1716	3487	5203	91067	146278	237345
"2011.03.18"	"Iraq"	"Baiji"	3	0	3	1719	3487	5206	91070	146278	237348
"2011.03.18"	"Thailand"	"Pattani"	3	0	3	1722	3487	5209	91073	146278	237351
"2011.03.18"	"Dagestan"	"Makhachkala"	2	0	2	1724	3487	5211	91075	146278	237353
"2011.03.19"	"Thailand"	"Pattani"	1	0	1	1725	3487	5212	91076	146278	237354
"2011.03.19"	"Iraq"	"Baghdad"	3	9	12	1728	3496	5224	91079	146287	237366
"2011.03.19"	"Iraq"	"Mosul"	1	1	2	1729	3497	5226	91080	146288	237368
"2011.03.20"	"Nigeria"	"Jos"	1	0	1	1730	3497	5227	91081	146288	237369
"2011.03.20"	"Nigeria"	"Jos"	2	0	2	1732	3497	5229	91083	146288	237371
"2011.03.20"	"Iraq"	"Baghdad"	2	0	2	1734	3497	5231	91085	146288	237373
"2011.03.20"	"Iraq"	"Kirkuk"	1	0	1	1735	3497	5232	91086	146288	237374
"2011.03.20"	"Iraq"	"Diala"	6	0	6	1741	3497	5238	91092	146288	237380
"2011.03.20"	"Egypt"	"Qena"	0	1	1	1741	3498	5239	91092	146289	237381
"2011.03.21"	"Pakistan"	"Datta Khel"	4	0	4	1745	3498	5243	91096	146289	237385
"2011.03.21"	"Pakistan"	"Gwader"	11	2	13	1756	3500	5256	91107	146291	237398
"2011.03.21"	"Nigeria"	"Maiduguri"	1	2	3	1757	3502	5259	91108	146293	237401
"2011.03.21"	"Nigeria"	"Baten"	4	0	4	1761	3502	5263	91112	146293	237405
"2011.03.21"	"Dagestan"	"Makhachkala"	1	0	1	1762	3502	5264	91113	146293	237406
"2011.03.21"	"Iraq"	"Najaf"	2	0	2	1764	3502	5266	91115	146293	237408
"2011.03.21"	"Iraq"	"Mosul"	3	2	5	1767	3504	5271	91118	146295	237413
"2011.03.21"	"Iraq"	"Baghdad"	1	2	3	1768	3506	5274	91119	146297	237416
"2011.03.21"	"Afghanistan"	"Kandahar"	4	3	7	1772	3509	5281	91123	146300	237423
"2011.03.21"	"Afghanistan"	"Kandahar"	2	0	2	1774	3509	5283	91125	146300	237425
"2011.03.22"	"Pakistan"	"Hyderabad"	2	0	2	1776	3509	5285	91127	146300	237427
"2011.03.23"	"Thailand"	"Narathiwat"	3	0	3	1779	3509	5288	91130	146300	237430
"2011.03.23"	"Israel"	"Jerusalem"	1	39	40	1780	3548	5328	91131	146339	237470
"2011.03.23"	"Iraq"	"Baghdad"	3	9	12	1783	3557	5340	91134	146348	237482
"2011.03.23"	"Pakistan"	"Peshawar"	1	0	1	1784	3557	5341	91135	146348	237483
"2011.03.24"	"Somalia"	"Mogadishu"	4	7	11	1788	3564	5352	91139	146355	237494
"2011.03.24"	"Thailand"	"Yala"	1	0	1	1789	3564	5353	91140	146355	237495
"2011.03.24"	"Pakistan"	"Hangu"	8	25	33	1797	3589	5386	91148	146380	237528
"2011.03.24"	"Iraq"	"Hilla"	4	0	4	1801	3589	5390	91152	146380	237532
"2011.03.25"	"Pakistan"	"Hyderabad"	2	0	2	1803	3589	5392	91154	146380	237534
"2011.03.25"	"Pakistan"	"Kurram"	13	8	21	1816	3597	5413	91167	146388	237555
"2011.03.25"	"Afghanistan"	"Nangarhar"	2	1	3	1818	3598	5416	91169	146389	237558
"2011.03.25"	"Iraq"	"Mosul"	2	5	7	1820	3603	5423	91171	146394	237565
"2011.03.25"	"Pakistan"	"Karachi"	1	0	1	1821	3603	5424	91172	146394	237566
"2011.03.26"	"Iraq"	"Muqdadiya"	1	1	2	1822	3604	5426	91173	146395	237568
"2011.03.26"	"Iraq"	"Abu Ghraib"	3	0	3	1825	3604	5429	91176	146395	237571
"2011.03.26"	"Iraq"	"Baghdad"	1	2	3	1826	3606	5432	91177	146397	237574
"2011.03.26"	"Thailand"	"Pattani"	1	0	1	1827	3606	5433	91178	146397	237575
"2011.03.27"	"Yemen"	"Marib"	6	12	18	1833	3618	5451	91184	146409	237593
"2011.03.27"	"Thailand"	"Narathiwat"	1	0	1	1834	3618	5452	91185	146409	237594
"2011.03.27"	"Thailand"	"Yala"	1	1	2	1835	3619	5454	91186	146410	237596
"2011.03.27"	"Pakistan"	"Shahidano"	4	3	7	1839	3622	5461	91190	146413	237603
"2011.03.28"	"Yemen"	"Jaar"	150	80	230	1989	3702	5691	91340	146493	237833
"2011.03.28"	"Pakistan"	"Khyber"	14	0	14	2003	3702	5705	91354	146493	237847
"2011.03.28"	"Afghanistan"	"Paktika"	23	60	83	2026	3762	5788	91377	146553	237930
"2011.03.28"	"Iraq"	"Mosul"	7	0	7	2033	3762	5795	91384	146553	237937
"2011.03.29"	"Iraq"	"Abu Ghraib"	2	1	3	2035	3763	5798	91386	146554	237940
"2011.03.29"	"Iraq"	"Tikrit"	56	98	154	2091	3861	5952	91442	146652	238094
"2011.03.30"	"Nigeria"	"Jos"	2	5	7	2093	3866	5959	91444	146657	238101
"2011.03.30"	"Somalia"	"Mogadishu"	1	0	1	2094	3866	5960	91445	146657	238102
"2011.03.30"	"Afghanistan"	"Kandahar"	1	2	3	2095	3868	5963	91446	146659	238105
"2011.03.30"	"Pakistan"	"Swabi"	13	20	33	2108	3888	5996	91459	146679	238138
"2011.03.30"	"Iraq"	"Baghdad"	5	1	6	2113	3889	6002	91464	146680	238144
"2011.03.31"	"Pakistan"	"Charsadda"	12	42	54	2125	3931	6056	91476	146722	238198
"2011.03.31"	"Pakistan"	"Khuzdar"	1	0	1	2126	3931	6057	91477	146722	238199
"2011.03.31"	"Iraq"	"Diwaniya"	1	2	3	2127	3933	6060	91478	146724	238202
"2011.03.31"	"Iraq"	"Abu Ghraib"	1	0	1	2128	3933	6061	91479	146724	238203
"2011.03.31"	"Iraq"	"Mosul"	1	0	1	2129	3933	6062	91480	146724	238204
"2011.04.01"	"Pakistan"	"Dara Adam Khel"	1	5	6	2130	3938	6068	91481	146729	238210
"2011.04.01"	"Afghanistan"	"Mazar-e Sharif"	12	20	32	2142	3958	6100	91493	146749	238242
"2011.04.01"	"Iraq"	"Fallujah"	3	7	10	2145	3965	6110	91496	146756	238252
"2011.04.01"	"Pakistan"	"Khyber"	3	0	3	2148	3965	6113	91499	146756	238255
"2011.04.02"	"Afghanistan"	"Kandahar"	10	81	91	2158	4046	6204	91509	146837	238346
"2011.04.02"	"Iraq"	"Kut"	2	0	2	2160	4046	6206	91511	146837	238348
"2011.04.02"	"Iraq"	"Kubisa"	6	8	14	2166	4054	6220	91517	146845	238362
"2011.04.03"	"Iraq"	"Ramadi"	1	14	15	2167	4068	6235	91518	146859	238377
"2011.04.03"	"Iraq"	"Mosul"	1	6	7	2168	4074	6242	91519	146865	238384
"2011.04.03"	"Philippines"	"Maguindanao"	11	3	14	2179	4077	6256	91530	146868	238398
"2011.04.03"	"Nigeria"	"Bogoro"	2	1	3	2181	4078	6259	91532	146869	238401
"2011.04.03"	"Afghanistan"	"Kandahar"	2	30	32	2183	4108	6291	91534	146899	238433
"2011.04.03"	"Pakistan"	"Sakhi Sarwar"	50	72	122	2233	4180	6413	91584	146971	238555
"2011.04.04"	"Pal. Auth."	"Jenin"	1	0	1	2234	4180	6414	91585	146971	238556
"2011.04.04"	"Pakistan"	"Lower Dir"	8	26	34	2242	4206	6448	91593	146997	238590
"2011.04.04"	"Iraq"	"Jurf al-Sakhar"	6	0	6	2248	4206	6454	91599	146997	238596
"2011.04.04"	"Pakistan"	"Wana"	1	0	1	2249	4206	6455	91600	146997	238597
"2011.04.04"	"Ethiopia"	"Worabe"	1	1	2	2250	4207	6457	91601	146998	238599
"2011.04.04"	"Afghanistan"	"Faryab"	2	0	2	2252	4207	6459	91603	146998	238601
"2011.04.05"	"Iraq"	"Mosul"	3	2	5	2255	4209	6464	91606	147000	238606
"2011.04.05"	"Iraq"	"Baghdad"	6	3	9	2261	4212	6473	91612	147003	238615
"2011.04.05"	"Iraq"	"Baaj"	3	7	10	2264	4219	6483	91615	147010	238625
"2011.04.05"	"Pakistan"	"Darra Adam Khel"	1	0	1	2265	4219	6484	91616	147010	238626
"2011.04.05"	"India"	"Motijil"	0	1	1	2265	4220	6485	91616	147011	238627
"2011.04.06"	"Nigeria"	"Maiduguri"	2	0	2	2267	4220	6487	91618	147011	238629
"2011.04.06"	"Pakistan"	"Quetta"	1	17	18	2268	4237	6505	91619	147028	238647
"2011.04.06"	"Pakistan"	"Jerma"	4	3	7	2272	4240	6512	91623	147031	238654
"2011.04.06"	"Pakistan"	"Mohmand"	4	0	4	2276	4240	6516	91627	147031	238658
"2011.04.06"	"Pakistan"	"Pir Kali"	3	0	3	2279	4240	6519	91630	147031	238661
"2011.04.07"	"Brazil"	"Rio de Janeiro"	12	20	32	2291	4260	6551	91642	147051	238693
"2011.04.07"	"Israel"	"Ashkelon"	1	1	2	2292	4261	6553	91643	147052	238695
"2011.04.07"	"Afghanistan"	"Kandahar"	6	10	16	2298	4271	6569	91649	147062	238711
"2011.04.07"	"Pakistan"	"Quetta"	1	0	1	2299	4271	6570	91650	147062	238712
"2011.04.07"	"Thailand"	"Narathiwat"	1	0	1	2300	4271	6571	91651	147062	238713
"2011.04.07"	"Somalia"	"Garowe"	1	0	1	2301	4271	6572	91652	147062	238714
"2011.04.07"	"Somalia"	"Bosasso"	1	0	1	2302	4271	6573	91653	147062	238715
"2011.04.07"	"Iraq"	"al-Rida"	2	4	6	2304	4275	6579	91655	147066	238721
"2011.04.08"	"Afghanistan"	"Sari Pul"	1	1	2	2305	4276	6581	91656	147067	238723
"2011.04.08"	"Nigeria"	"Shani"	4	0	4	2309	4276	6585	91660	147067	238727
"2011.04.08"	"Nigeria"	"Bogoro"	10	0	10	2319	4276	6595	91670	147067	238737
"2011.04.08"	"India"	"Srinagar"	1	0	1	2320	4276	6596	91671	147067	238738
"2011.04.08"	"Iraq"	"Baghdad"	2	0	2	2322	4276	6598	91673	147067	238740
"2011.04.08"	"Thailand"	"Pattani"	1	0	1	2323	4276	6599	91674	147067	238741
"2011.04.08"	"Thailand"	"Yala"	2	0	2	2325	4276	6601	91676	147067	238743
"2011.04.09"	"Dagestan"	"Kizlyar"	1	0	1	2326	4276	6602	91677	147067	238744
"2011.04.09"	"Iraq"	"Fallujah"	3	0	3	2329	4276	6605	91680	147067	238747
"2011.04.09"	"Iraq"	"Mosul"	2	0	2	2331	4276	6607	91682	147067	238749
"2011.04.10"	"Iraq"	"Baghdad"	2	0	2	2333	4276	6609	91684	147067	238751
"2011.04.10"	"Pakistan"	"Mohmand"	2	7	9	2335	4283	6618	91686	147074	238760
"2011.04.10"	"India"	"Baramulla"	1	0	1	2336	4283	6619	91687	147074	238761
"2011.04.10"	"Afghanistan"	"Farah"	3	0	3	2339	4283	6622	91690	147074	238764
"2011.04.11"	"Iraq"	"Fallujah"	7	19	26	2346	4302	6648	91697	147093	238790
"2011.04.11"	"Pakistan"	"Kanrakai"	3	13	16	2349	4315	6664	91700	147106	238806
"2011.04.11"	"Iraq"	"Baghdad"	4	11	15	2353	4326	6679	91704	147117	238821
"2011.04.11"	"Dagestan"	"Kidero"	3	0	3	2356	4326	6682	91707	147117	238824
"2011.04.11"	"Iraq"	"Khan Bani Saad"	10	2	12	2366	4328	6694	91717	147119	238836
"2011.04.12"	"Iraq"	"Iskandariya"	2	2	4	2368	4330	6698	91719	147121	238840
"2011.04.12"	"Iraq"	"Khan Dhari"	5	6	11	2373	4336	6709	91724	147127	238851
"2011.04.12"	"Afghanistan"	"Faryab"	4	4	8	2377	4340	6717	91728	147131	238859
"2011.04.12"	"Dagestan"	"Tsumadinsky"	2	3	5	2379	4343	6722	91730	147134	238864
"2011.04.13"	"Afghanistan"	"Kunar"	10	7	17	2389	4350	6739	91740	147141	238881
"2011.04.13"	"Iraq"	"Kirkuk"	1	16	17	2390	4366	6756	91741	147157	238898
"2011.04.14"	"Thailand"	"Narathiwat"	1	0	1	2391	4366	6757	91742	147157	238899
"2011.04.14"	"Afghanistan"	"Paktia"	3	3	6	2394	4369	6763	91745	147160	238905
"2011.04.14"	"Pakistan"	"Quetta"	2	2	4	2396	4371	6767	91747	147162	238909
"2011.04.14"	"Iraq"	"Yusufiya"	2	13	15	2398	4384	6782	91749	147175	238924
"2011.04.15"	"Afghanistan"	"Kandahar"	3	2	5	2401	4386	6787	91752	147177	238929
"2011.04.15"	"Indonesia"	"Cirebon"	0	29	29	2401	4415	6816	91752	147206	238958
"2011.04.15"	"Jordan"	"Zarqa"	0	51	51	2401	4466	6867	91752	147257	239009
"2011.04.15"	"Nigeria"	"Maiduguri"	2	5	7	2403	4471	6874	91754	147262	239016
"2011.04.15"	"Iraq"	"Kut"	1	0	1	2404	4471	6875	91755	147262	239017
"2011.04.15"	"Pakistan"	"Kurram"	2	0	2	2406	4471	6877	91757	147262	239019
"2011.04.15"	"India"	"Budgam"	1	0	1	2407	4471	6878	91758	147262	239020
"2011.04.15"	"Pal. Auth."	"Mareh Amer"	1	0	1	2408	4471	6879	91759	147262	239021
"2011.04.16"	"Afghanistan"	"Laghman"	10	8	18	2418	4479	6897	91769	147270	239039
"2011.04.16"	"Algeria"	"Azazga"	14	12	26	2432	4491	6923	91783	147282	239065
"2011.04.16"	"Somalia"	"Galkayo"	3	2	5	2435	4493	6928	91786	147284	239070
"2011.04.16"	"Iraq"	"Hawija"	1	0	1	2436	4493	6929	91787	147284	239071
"2011.04.16"	"Nigeria"	"Maiduguri"	1	0	1	2437	4493	6930	91788	147284	239072
"2011.04.17"	"Iraq"	"Baghdad"	4	0	4	2441	4493	6934	91792	147284	239076
"2011.04.17"	"Pakistan"	"Gujranwala"	0	12	12	2441	4505	6946	91792	147296	239088
"2011.04.17"	"Iraq"	"Kirkuk"	2	1	3	2443	4506	6949	91794	147297	239091
"2011.04.18"	"Thailand"	"Yala"	1	23	24	2444	4529	6973	91795	147320	239115
"2011.04.18"	"Afghanistan"	"Kabul"	2	7	9	2446	4536	6982	91797	147327	239124
"2011.04.18"	"Afghanistan"	"Ghazni"	6	0	6	2452	4536	6988	91803	147327	239130
"2011.04.18"	"Somalia"	"Shalambod"	1	0	1	2453	4536	6989	91804	147327	239131
"2011.04.18"	"Egypt"	"Minya"	1	11	12	2454	4547	7001	91805	147338	239143
"2011.04.18"	"Iraq"	"Baghdad"	10	23	33	2464	4570	7034	91815	147361	239176
"2011.04.19"	"Nigeria"	"Kaduna"	321	575	896	2785	5145	7930	92136	147936	240072
"2011.04.19"	"Iraq"	"Kirkuk"	3	0	3	2788	5145	7933	92139	147936	240075
"2011.04.19"	"Iraq"	"Baghdad"	1	2	3	2789	5147	7936	92140	147938	240078
"2011.04.19"	"Pakistan"	"Khyber"	1	0	1	2790	5147	7937	92141	147938	240079
"2011.04.19"	"Afghanistan"	"Kabul"	2	0	2	2792	5147	7939	92143	147938	240081
"2011.04.19"	"Thailand"	"Pattani"	5	0	5	2797	5147	7944	92148	147938	240086
"2011.04.19"	"Thailand"	"Narathiwat"	1	25	26	2798	5172	7970	92149	147963	240112
"2011.04.19"	"Dagestan"	"Khasavyurt"	2	0	2	2800	5172	7972	92151	147963	240114
"2011.04.20"	"Iraq"	"Mosul"	4	1	5	2804	5173	7977	92155	147964	240119
"2011.04.20"	"Iraq"	"Baghdad"	3	10	13	2807	5183	7990	92158	147974	240132
"2011.04.20"	"Pakistan"	"Kurram"	7	0	7	2814	5183	7997	92165	147974	240139
"2011.04.20"	"Pakistan"	"Karachi"	3	0	3	2817	5183	8000	92168	147974	240142
"2011.04.20"	"Dagestan"	"Makhachkala"	1	0	1	2818	5183	8001	92169	147974	240143
"2011.04.20"	"Pakistan"	"Mohmand"	2	0	2	2820	5183	8003	92171	147974	240145
"2011.04.20"	"Nigeria"	"Bauchi"	10	17	27	2830	5200	8030	92181	147991	240172
"2011.04.20"	"Nigeria"	"Maiduguri"	1	0	1	2831	5200	8031	92182	147991	240173
"2011.04.21"	"Pakistan"	"Peshawar"	1	0	1	2832	5200	8032	92183	147991	240174
"2011.04.21"	"Afghanistan"	"Jalalabad"	3	6	9	2835	5206	8041	92186	147997	240183
"2011.04.21"	"Thailand"	"Pattani"	1	2	3	2836	5208	8044	92187	147999	240186
"2011.04.21"	"Afghanistan"	"Ghazni"	3	5	8	2839	5213	8052	92190	148004	240194
"2011.04.21"	"Iraq"	"Samarrah"	1	4	5	2840	5217	8057	92191	148008	240199
"2011.04.22"	"Pakistan"	"Maskini"	14	9	23	2854	5226	8080	92205	148017	240222
"2011.04.22"	"Yemen"	"Mareb"	8	4	12	2862	5230	8092	92213	148021	240234
"2011.04.22"	"Afghanistan"	"Spin Boldak"	5	0	5	2867	5230	8097	92218	148021	240239
"2011.04.22"	"Thailand"	"Yala"	1	4	5	2868	5234	8102	92219	148025	240244
"2011.04.22"	"Iraq"	"Ramadi"	3	3	6	2871	5237	8108	92222	148028	240250
"2011.04.22"	"Pakistan"	"Sindh"	2	0	2	2873	5237	8110	92224	148028	240252
"2011.04.22"	"Pakistan"	"Karachi"	19	40	59	2892	5277	8169	92243	148068	240311
"2011.04.23"	"Iraq"	"Kirkuk"	1	2	3	2893	5279	8172	92244	148070	240314
"2011.04.23"	"Iraq"	"Baghdad"	6	4	10	2899	5283	8182	92250	148074	240324
"2011.04.23"	"Afghanistan"	"Helmand"	1	0	1	2900	5283	8183	92251	148074	240325
"2011.04.23"	"Pakistan"	"Salarzai"	5	0	5	2905	5283	8188	92256	148074	240330
"2011.04.23"	"Afghanistan"	"Kunduz"	3	1	4	2908	5284	8192	92259	148075	240334
"2011.04.23"	"Pakistan"	"Hangu"	1	1	2	2909	5285	8194	92260	148076	240336
"2011.04.24"	"Pal. Auth."	"Nablus"	1	3	4	2910	5288	8198	92261	148079	240340
"2011.04.24"	"Pakistan"	"Dir"	1	0	1	2911	5288	8199	92262	148079	240341
"2011.04.24"	"India"	"Baramulla"	1	0	1	2912	5288	8200	92263	148079	240342
"2011.04.24"	"Iraq"	"Baghdad"	0	7	7	2912	5295	8207	92263	148086	240349
"2011.04.24"	"Somalia"	"Bosasso"	1	2	3	2913	5297	8210	92264	148088	240352
"2011.04.24"	"Libya"	"Tomina"	3	0	3	2916	5297	8213	92267	148088	240355
"2011.04.25"	"Iraq"	"Baqubah"	2	0	2	2918	5297	8215	92269	148088	240357
"2011.04.25"	"India"	"Srinagar"	2	1	3	2920	5298	8218	92271	148089	240360
"2011.04.25"	"Nigeria"	"Maiduguri"	3	8	11	2923	5306	8229	92274	148097	240371
"2011.04.26"	"Iraq"	"Baghdad"	1	0	1	2924	5306	8230	92275	148097	240372
"2011.04.26"	"Iraq"	"Kirkuk"	3	30	33	2927	5336	8263	92278	148127	240405
"2011.04.26"	"Iraq"	"Hawija"	2	6	8	2929	5342	8271	92280	148133	240413
"2011.04.26"	"Pakistan"	"Karachi"	4	56	60	2933	5398	8331	92284	148189	240473
"2011.04.26"	"Somalia"	"Luuq"	8	13	21	2941	5411	8352	92292	148202	240494
"2011.04.27"	"Thailand"	"Yala"	1	0	1	2942	5411	8353	92293	148202	240495
"2011.04.27"	"Pakistan"	"Hamza"	0	3	3	2942	5414	8356	92293	148205	240498
"2011.04.27"	"Yemen"	"Zunjibar"	2	5	7	2944	5419	8363	92295	148210	240505
"2011.04.27"	"Algeria"	"Boumelih"	2	1	3	2946	5420	8366	92297	148211	240508
"2011.04.27"	"Iraq"	"Falluajh"	3	0	3	2949	5420	8369	92300	148211	240511
"2011.04.27"	"Afghanistan"	"Kabul"	9	0	9	2958	5420	8378	92309	148211	240520
"2011.04.28"	"Iraq"	"Shahria"	5	12	17	2963	5432	8395	92314	148223	240537
"2011.04.28"	"Pakistan"	"Lakki Marwat"	2	0	2	2965	5432	8397	92316	148223	240539
"2011.04.28"	"Pakistan"	"Peshawar"	2	0	2	2967	5432	8399	92318	148223	240541
"2011.04.28"	"Pakistan"	"Karachi"	6	7	13	2973	5439	8412	92324	148230	240554
"2011.04.28"	"Morocco"	"Marrakesh"	16	23	39	2989	5462	8451	92340	148253	240593
"2011.04.28"	"Iraq"	"Balad Ruz"	12	40	52	3001	5502	8503	92352	148293	240645
"2011.04.28"	"Algeria"	"Oued Djemaa"	5	4	9	3006	5506	8512	92357	148297	240654
"2011.04.29"	"Iraq"	"Buhriz"	4	0	4	3010	5506	8516	92361	148297	240658
"2011.04.29"	"Iraq"	"Diyala"	3	0	3	3013	5506	8519	92364	148297	240661
"2011.04.29"	"Pakistan"	"Karachi"	1	0	1	3014	5506	8520	92365	148297	240662
"2011.04.30"	"Bulgaria"	"Pazardjik"	0	1	1	3014	5507	8521	92365	148298	240663
"2011.04.30"	"Pakistan"	"Gujranwala"	0	25	25	3014	5532	8546	92365	148323	240688
"2011.04.30"	"Iraq"	"Kadhimiya"	4	0	4	3018	5532	8550	92369	148323	240692
"2011.04.30"	"Iraq"	"Qadiriya"	2	2	4	3020	5534	8554	92371	148325	240696
"2011.04.30"	"Iraq"	"Mosual"	8	19	27	3028	5553	8581	92379	148344	240723
"2011.04.30"	"India"	"Baramulla"	1	0	1	3029	5553	8582	92380	148344	240724
"2011.04.30"	"Pakistan"	"Gujranwala"	0	25	25	3029	5578	8607	92380	148369	240749
"2011.04.30"	"Iraq"	"Taji"	3	1	4	3032	5579	8611	92383	148370	240753
"2011.04.30"	"Thailand"	"Yala"	2	9	11	3034	5588	8622	92385	148379	240764
"2011.04.30"	"USA"	"Warren"	1	0	1	3035	5588	8623	92386	148379	240765
"2011.05.01"	"Afghanistan"	"Logar"	2	13	15	3037	5601	8638	92388	148392	240780
"2011.05.01"	"Afghanistan"	"Kunar"	1	1	2	3038	5602	8640	92389	148393	240782
"2011.05.01"	"Yemen"	"Zinjibar"	3	4	7	3041	5606	8647	92392	148397	240789
"2011.05.01"	"Afghanistan"	"Ghazni"	4	15	19	3045	5621	8666	92396	148412	240808
"2011.05.01"	"Afghanistan"	"Paktika"	4	12	16	3049	5633	8682	92400	148424	240824
"2011.05.01"	"Iraq"	"Baghdad"	7	20	27	3056	5653	8709	92407	148444	240851
"2011.05.01"	"Pakistan"	"Punjab"	4	0	4	3060	5653	8713	92411	148444	240855
"2011.05.01"	"Dagestan"	"Sergokala"	1	0	1	3061	5653	8714	92412	148444	240856
"2011.05.02"	"Iraq"	"Baghdad"	3	14	17	3064	5667	8731	92415	148458	240873
"2011.05.02"	"Iraq"	"Baghdad"	6	7	13	3070	5674	8744	92421	148465	240886
"2011.05.02"	"India"	"Birma Pul"	1	7	8	3071	5681	8752	92422	148472	240894
"2011.05.02"	"Pakistan"	"Charsadda"	4	5	9	3075	5686	8761	92426	148477	240903
"2011.05.03"	"Iraq"	"Baghdad"	2	5	7	3077	5691	8768	92428	148482	240910
"2011.05.03"	"Iraq"	"Baghdad"	16	37	53	3093	5728	8821	92444	148519	240963
"2011.05.04"	"Nigeria"	"Maiduguri"	3	0	3	3096	5728	8824	92447	148519	240966
"2011.05.04"	"Nigeria"	"Borno"	2	0	2	3098	5728	8826	92449	148519	240968
"2011.05.04"	"Somalia"	"Baidoa"	2	0	2	3100	5728	8828	92451	148519	240970
"2011.05.04"	"Pakistan"	"Karachi"	1	0	1	3101	5728	8829	92452	148519	240971
"2011.05.04"	"Yemen"	"Abyan"	7	9	16	3108	5737	8845	92459	148528	240987
"2011.05.04"	"Thailand"	"Yala"	4	13	17	3112	5750	8862	92463	148541	241004
"2011.05.04"	"Iraq"	"Karbala"	3	4	7	3115	5754	8869	92466	148545	241011
"2011.05.04"	"Iraq"	"Halila"	2	0	2	3117	5754	8871	92468	148545	241013
"2011.05.04"	"Pakistan"	"Bara"	1	2	3	3118	5756	8874	92469	148547	241016
"2011.05.04"	"Sudan"	"Khartoum"	0	2	2	3118	5758	8876	92469	148549	241018
"2011.05.05"	"Iraq"	"Mosul"	1	1	2	3119	5759	8878	92470	148550	241020
"2011.05.05"	"Iraq"	"Hilla"	24	72	96	3143	5831	8974	92494	148622	241116
"2011.05.05"	"Pakistan"	"Karachi"	2	0	2	3145	5831	8976	92496	148622	241118
"2011.05.05"	"Nigeria"	"Maiduguri"	2	0	2	3147	5831	8978	92498	148622	241120
"2011.05.06"	"Algeria"	"Baghlia"	1	0	1	3148	5831	8979	92499	148622	241121
"2011.05.06"	"Pakistan"	"Quetta"	8	15	23	3156	5846	9002	92507	148637	241144
"2011.05.06"	"Nigeria"	"Kano"	17	3	20	3173	5849	9022	92524	148640	241164
"2011.05.06"	"Iraq"	"Fallujah"	1	0	1	3174	5849	9023	92525	148640	241165
"2011.05.06"	"Sudan"	"Abu Shouk"	0	1	1	3174	5850	9024	92525	148641	241166
"2011.05.07"	"Algeria"	"El Kennar"	5	5	10	3179	5855	9034	92530	148646	241176
"2011.05.07"	"Thailand"	"Pattani"	4	12	16	3183	5867	9050	92534	148658	241192
"2011.05.07"	"Thailand"	"Yala"	3	2	5	3186	5869	9055	92537	148660	241197
"2011.05.07"	"Thailand"	"Narathiwat"	1	0	1	3187	5869	9056	92538	148660	241198
"2011.05.07"	"Egypt"	"Cairo"	12	232	244	3199	6101	9300	92550	148892	241442
"2011.05.07"	"Afghanistan"	"Kandahar"	4	45	49	3203	6146	9349	92554	148937	241491
"2011.05.07"	"Iraq"	"Baqubah"	6	10	16	3209	6156	9365	92560	148947	241507
"2011.05.08"	"Egypt"	"Imbaba"	1	0	1	3210	6156	9366	92561	148947	241508
"2011.05.08"	"Dagestan"	"Makhachkala"	2	0	2	3212	6156	9368	92563	148947	241510
"2011.05.08"	"Egypt"	"Imbaba"	1	0	1	3213	6156	9369	92564	148947	241511
"2011.05.08"	"Iraq"	"Baghdad"	9	14	23	3222	6170	9392	92573	148961	241534
"2011.05.08"	"Thailand"	"Pattani"	2	0	2	3224	6170	9394	92575	148961	241536
"2011.05.09"	"Iraq"	"Baghdad"	3	2	5	3227	6172	9399	92578	148963	241541
"2011.05.09"	"Pakistan"	"Orakzai"	1	0	1	3228	6172	9400	92579	148963	241542
"2011.05.09"	"Pakistan"	"Nowshera"	4	2	6	3232	6174	9406	92583	148965	241548
"2011.05.09"	"Afghanistan"	"Ghazni"	6	0	6	3238	6174	9412	92589	148965	241554
"2011.05.09"	"Afghanistan"	"Laghman"	5	3	8	3243	6177	9420	92594	148968	241562
"2011.05.09"	"Egypt"	"Cairo"	1	0	1	3244	6177	9421	92595	148968	241563
"2011.05.09"	"Afghanistan"	"Khost"	4	0	4	3248	6177	9425	92599	148968	241567
"2011.05.10"	"Somalia"	"Mogadishu"	3	7	10	3251	6184	9435	92602	148975	241577
"2011.05.10"	"Iraq"	"Tikrit"	11	8	19	3262	6192	9454	92613	148983	241596
"2011.05.10"	"Pakistan"	"Peshawar"	1	0	1	3263	6192	9455	92614	148983	241597
"2011.05.10"	"Dagestan"	"Makhachkala"	1	1	2	3264	6193	9457	92615	148984	241599
"2011.05.11"	"Somalia"	"Gal Gala"	5	4	9	3269	6197	9466	92620	148988	241608
"2011.05.11"	"Iraq"	"Tikrit"	2	1	3	3271	6198	9469	92622	148989	241611
"2011.05.11"	"Pakistan"	"Karachi"	2	0	2	3273	6198	9471	92624	148989	241613
"2011.05.11"	"India"	"Baghpat"	2	0	2	3275	6198	9473	92626	148989	241615
"2011.05.12"	"Afghanistan"	"Helmand"	2	0	2	3277	6198	9475	92628	148989	241617
"2011.05.12"	"Nigeria"	"Maiduguri"	2	0	2	3279	6198	9477	92630	148989	241619
"2011.05.12"	"Iraq"	"Mussayab"	2	0	2	3281	6198	9479	92632	148989	241621
"2011.05.12"	"Iraq"	"Hillah"	1	0	1	3282	6198	9480	92633	148989	241622
"2011.05.12"	"Nigeria"	"Borno"	1	1	2	3283	6199	9482	92634	148990	241624
"2011.05.13"	"Nigeria"	"Borno"	1	0	1	3284	6199	9483	92635	148990	241625
"2011.05.13"	"Pakistan"	"Karachi"	1	0	1	3285	6199	9484	92636	148990	241626
"2011.05.13"	"India"	"Kupwara"	1	0	1	3286	6199	9485	92637	148990	241627
"2011.05.13"	"Nigeria"	"Maiduguri"	2	0	2	3288	6199	9487	92639	148990	241629
"2011.05.13"	"Pakistan"	"Bannu"	98	124	222	3386	6323	9709	92737	149114	241851
"2011.05.13"	"Algeria"	"Tizrarana"	7	2	9	3393	6325	9718	92744	149116	241860
"2011.05.13"	"Yemen"	"Marib"	5	0	5	3398	6325	9723	92749	149116	241865
"2011.05.14"	"Yemen"	"Rada'a"	6	1	7	3404	6326	9730	92755	149117	241872
"2011.05.14"	"Pakistan"	"Kharian"	7	20	27	3411	6346	9757	92762	149137	241899
"2011.05.14"	"Somalia"	"Bosasso"	3	0	3	3414	6346	9760	92765	149137	241902
"2011.05.15"	"Egypt"	"Cairo"	2	0	2	3416	6346	9762	92767	149137	241904
"2011.05.15"	"Iraq"	"Shirqat"	1	0	1	3417	6346	9763	92768	149137	241905
"2011.05.15"	"Pakistan"	"Datta Khel"	2	0	2	3419	6346	9765	92770	149137	241907
"2011.05.15"	"Egypt"	"Cairo"	0	50	50	3419	6396	9815	92770	149187	241957
"2011.05.15"	"Iraq"	"Baghdad"	3	0	3	3422	6396	9818	92773	149187	241960
"2011.05.15"	"Israel"	"Tel Aviv"	1	17	18	3423	6413	9836	92774	149204	241978
"2011.05.15"	"Thailand"	"Yala"	2	0	2	3425	6413	9838	92776	149204	241980
"2011.05.15"	"Pakistan"	"Uch Sharif"	2	0	2	3427	6413	9840	92778	149204	241982
"2011.05.16"	"Pakistan"	"Karachi"	1	0	1	3428	6413	9841	92779	149204	241983
"2011.05.16"	"Iraq"	"Kirkuk"	1	0	1	3429	6413	9842	92780	149204	241984
"2011.05.16"	"Pakistan"	"Jawaki"	1	0	1	3430	6413	9843	92781	149204	241985
"2011.05.16"	"Pakistan"	"Mohmand"	2	1	3	3432	6414	9846	92783	149205	241988
"2011.05.16"	"India"	"Kishtwar"	1	0	1	3433	6414	9847	92784	149205	241989
"2011.05.16"	"Afghanistan"	"Kunar"	3	8	11	3436	6422	9858	92787	149213	242000
"2011.05.16"	"Somalia"	"Mogadishu"	5	0	5	3441	6422	9863	92792	149213	242005
"2011.05.16"	"Somalia"	"Bosasso"	2	0	2	3443	6422	9865	92794	149213	242007
"2011.05.16"	"Thailand"	"Yala"	2	2	4	3445	6424	9869	92796	149215	242011
"2011.05.16"	"Somalia"	"Hodan"	10	15	25	3455	6439	9894	92806	149230	242036
"2011.05.17"	"Iraq"	"Mosul"	1	0	1	3456	6439	9895	92807	149230	242037
"2011.05.17"	"Pakistan"	"North Waziristan"	2	0	2	3458	6439	9897	92809	149230	242039
"2011.05.17"	"India"	"Sopore"	1	0	1	3459	6439	9898	92810	149230	242040
"2011.05.17"	"Kazakhstan"	"Aktobe"	0	3	3	3459	6442	9901	92810	149233	242043
"2011.05.17"	"Yemen"	"Mukalla"	3	0	3	3462	6442	9904	92813	149233	242046
"2011.05.18"	"Nigeria"	"Maiduguri"	10	6	16	3472	6448	9920	92823	149239	242062
"2011.05.18"	"Afghanistan"	"Jalalabad"	13	20	33	3485	6468	9953	92836	149259	242095
"2011.05.18"	"Tunisia"	"Rouhia"	1	2	3	3486	6470	9956	92837	149261	242098
"2011.05.18"	"Pakistan"	"Quetta"	6	4	10	3492	6474	9966	92843	149265	242108
"2011.05.18"	"Pakistan"	"Peshawar"	2	5	7	3494	6479	9973	92845	149270	242115
"2011.05.18"	"Sudan"	"El Fasher"	10	0	10	3504	6479	9983	92855	149270	242125
"2011.05.19"	"Egypt"	"Cairo"	0	3	3	3504	6482	9986	92855	149273	242128
"2011.05.19"	"Iraq"	"Kirkuk"	4	0	4	3508	6482	9990	92859	149273	242132
"2011.05.19"	"Iraq"	"Abu Ghraib"	1	3	4	3509	6485	9994	92860	149276	242136
"2011.05.19"	"Iraq"	"Baghdad"	1	2	3	3510	6487	9997	92861	149278	242139
"2011.05.19"	"Pakistan"	"Khyber"	2	17	19	3512	6504	10016	92863	149295	242158
"2011.05.19"	"Nigeria"	"Maiduguri"	1	7	8	3513	6511	10024	92864	149302	242166
"2011.05.19"	"Iraq"	"Kirkuk"	27	90	117	3540	6601	10141	92891	149392	242283
"2011.05.19"	"Afghanistan"	"Paktia"	35	20	55	3575	6621	10196	92926	149412	242338
"2011.05.20"	"Thailand"	"Narathiwat"	0	12	12	3575	6633	10208	92926	149424	242350
"2011.05.20"	"Pakistan"	"Peshawar"	1	11	12	3576	6644	10220	92927	149435	242362
"2011.05.20"	"Iraq"	"Baghdad"	2	0	2	3578	6644	10222	92929	149435	242364
"2011.05.20"	"Iraq"	"Baqubah"	2	1	3	3580	6645	10225	92931	149436	242367
"2011.05.20"	"Pakistan"	"Khyber"	16	11	27	3596	6656	10252	92947	149447	242394
"2011.05.20"	"Somalia"	"Dharkenley"	2	0	2	3598	6656	10254	92949	149447	242396
"2011.05.21"	"Afghanistan"	"Kabul"	6	30	36	3604	6686	10290	92955	149477	242432
"2011.05.21"	"Iraq"	"Kirkuk"	2	0	2	3606	6686	10292	92957	149477	242434
"2011.05.21"	"Iraq"	"Kirkuk"	1	0	1	3607	6686	10293	92958	149477	242435
"2011.05.21"	"Iraq"	"Kirkuk"	2	0	2	3609	6686	10295	92960	149477	242437
"2011.05.22"	"Dagestan"	"Khasavyurt"	2	0	2	3611	6686	10297	92962	149477	242439
"2011.05.22"	"Iraq"	"Baghdad"	5	58	63	3616	6744	10360	92967	149535	242502
"2011.05.22"	"Iraq"	"Taji"	12	30	42	3628	6774	10402	92979	149565	242544
"2011.05.22"	"Iraq"	"Sadr City"	2	12	14	3630	6786	10416	92981	149577	242558
"2011.05.22"	"Iraq"	"Kirkuk"	2	0	2	3632	6786	10418	92983	149577	242560
"2011.05.22"	"Afghanistan"	"Khost"	5	7	12	3637	6793	10430	92988	149584	242572
"2011.05.22"	"Pakistan"	"Karachi"	13	16	29	3650	6809	10459	93001	149600	242601
"2011.05.23"	"Iraq"	"Kirkuk"	2	12	14	3652	6821	10473	93003	149612	242615
"2011.05.23"	"Afghanistan"	"Laghman"	4	14	18	3656	6835	10491	93007	149626	242633
"2011.05.24"	"Nigeria"	"Maiduguri"	1	0	1	3657	6835	10492	93008	149626	242634
"2011.05.24"	"Iraq"	"Baghdad"	4	15	19	3661	6850	10511	93012	149641	242653
"2011.05.24"	"Thailand"	"Narathiwat"	2	1	3	3663	6851	10514	93014	149642	242656
"2011.05.24"	"Afghanistan"	"Panjwaii"	10	28	38	3673	6879	10552	93024	149670	242694
"2011.05.24"	"Thailand"	"Narathiwat"	2	4	6	3675	6883	10558	93026	149674	242700
"2011.05.25"	"Somalia"	"Mogadishu"	7	17	24	3682	6900	10582	93033	149691	242724
"2011.05.25"	"Pakistan"	"Balishkhel"	4	18	22	3686	6918	10604	93037	149709	242746
"2011.05.25"	"Thailand"	"Yala"	1	0	1	3687	6918	10605	93038	149709	242747
"2011.05.25"	"Pakistan"	"Peshawar"	9	39	48	3696	6957	10653	93047	149748	242795
"2011.05.25"	"Indonesia"	"Sulawesi"	2	1	3	3698	6958	10656	93049	149749	242798
"2011.05.26"	"Somalia"	"Luq"	1	0	1	3699	6958	10657	93050	149749	242799
"2011.05.26"	"Pakistan"	"Hangu"	39	60	99	3738	7018	10756	93089	149809	242898
"2011.05.26"	"Iraq"	"Baghdad"	1	0	1	3739	7018	10757	93090	149809	242899
"2011.05.26"	"Iraq"	"Abu Ghraib"	4	11	15	3743	7029	10772	93094	149820	242914
"2011.05.26"	"Russia"	"Vladikavkaz"	1	0	1	3744	7029	10773	93095	149820	242915
"2011.05.27"	"Yemen"	"Zinjibar"	5	0	5	3749	7029	10778	93100	149820	242920
"2011.05.27"	"Afghanistan"	"Takhar"	7	9	16	3756	7038	10794	93107	149829	242936
"2011.05.27"	"Thailand"	"Narathiwat"	1	2	3	3757	7040	10797	93108	149831	242939
"2011.05.27"	"Lebanon"	"Sidon"	1	4	5	3758	7044	10802	93109	149835	242944
"2011.05.27"	"Nigeria"	"Damboa"	13	24	37	3771	7068	10839	93122	149859	242981
"2011.05.27"	"Afghanistan"	"Balkh"	2	0	2	3773	7068	10841	93124	149859	242983
"2011.05.28"	"Pakistan"	"Bajour"	8	12	20	3781	7080	10861	93132	149871	243003
"2011.05.28"	"India"	"Kupwara"	2	0	2	3783	7080	10863	93134	149871	243005
"2011.05.28"	"Switzerland"	"Einsiedeln"	1	0	1	3784	7080	10864	93135	149871	243006
"2011.05.29"	"Nigeria"	"Maiduguri"	1	0	1	3785	7080	10865	93136	149871	243007
"2011.05.29"	"Iraq"	"Abu Ghraib"	2	11	13	3787	7091	10878	93138	149882	243020
"2011.05.29"	"Pakistan"	"Quetta"	2	3	5	3789	7094	10883	93140	149885	243025
"2011.05.30"	"Iraq"	"Abu Ghraib"	2	6	8	3791	7100	10891	93142	149891	243033
"2011.05.30"	"Iraq"	"Saqlawaiya"	2	0	2	3793	7100	10893	93144	149891	243035
"2011.05.30"	"Iraq"	"Baghdad"	1	5	6	3794	7105	10899	93145	149896	243041
"2011.05.30"	"Pakistan"	"Miranshah"	1	11	12	3795	7116	10911	93146	149907	243053
"2011.05.30"	"Iraq"	"Mosul"	2	1	3	3797	7117	10914	93148	149908	243056
"2011.05.30"	"Somalia"	"Mogadishu"	2	4	6	3799	7121	10920	93150	149912	243062
"2011.05.30"	"Afghanistan"	"Herat"	5	45	50	3804	7166	10970	93155	149957	243112
"2011.05.30"	"Nigeria"	"Bauchi"	10	13	23	3814	7179	10993	93165	149970	243135
"2011.05.30"	"Thailand"	"Yala"	0	7	7	3814	7186	11000	93165	149977	243142
"2011.05.31"	"Thailand"	"Pattani"	1	0	1	3815	7186	11001	93166	149977	243143
"2011.05.31"	"Thailand"	"Pattani"	1	0	1	3816	7186	11002	93167	149977	243144
"2011.05.31"	"Thailand"	"Narathiwat"	0	0	0	3816	7186	11002	93167	149977	243144
"2011.05.31"	"Yemen"	"Zinjibar"	13	21	34	3829	7207	11036	93180	149998	243178
"2011.06.01"	"Iraq"	"Tikrit"	3	0	3	3832	7207	11039	93183	149998	243181
"2011.06.01"	"Iraq"	"Mussayab"	7	12	19	3839	7219	11058	93190	150010	243200
"2011.06.01"	"Thailand"	"Yala"	2	4	6	3841	7223	11064	93192	150014	243206
"2011.06.01"	"Pakistan"	"Shaltalo"	8	3	11	3849	7226	11075	93200	150017	243217
"2011.06.02"	"Pakistan"	"Shaltalo"	20	80	100	3869	7306	11175	93220	150097	243317
"2011.06.02"	"Somalia"	"Mogadishu"	17	46	63	3886	7352	11238	93237	150143	243380
"2011.06.02"	"Afghanistan"	"Uruzgan"	3	1	4	3889	7353	11242	93240	150144	243384
"2011.06.02"	"Iraq"	"Ramadi"	10	21	31	3899	7374	11273	93250	150165	243415
"2011.06.02"	"Pakistan"	"Orangi"	1	0	1	3900	7374	11274	93251	150165	243416
"2011.06.03"	"Iraq"	"Tikrit"	19	52	71	3919	7426	11345	93270	150217	243487
"2011.06.03"	"Iraq"	"Tikrit"	17	24	41	3936	7450	11386	93287	150241	243528
"2011.06.03"	"Pakistan"	"Karachi"	6	31	37	3942	7481	11423	93293	150272	243565
"2011.06.04"	"Afghanistan"	"Kandahar"	2	0	2	3944	7481	11425	93295	150272	243567
"2011.06.04"	"Algeria"	"Bordj Menaiel"	4	1	5	3948	7482	11430	93299	150273	243572
"2011.06.04"	"Afghanistan"	"Kunar"	3	0	3	3951	7482	11433	93302	150273	243575
"2011.06.04"	"Iraq"	"Baghdad"	2	0	2	3953	7482	11435	93304	150273	243577
"2011.06.04"	"Pakistan"	"Peshawar"	6	11	17	3959	7493	11452	93310	150284	243594
"2011.06.04"	"Philippines"	"Sulu"	1	0	1	3960	7493	11453	93311	150284	243595
"2011.06.05"	"Afghanistan"	"Maydan Shahr"	2	5	7	3962	7498	11460	93313	150289	243602
"2011.06.05"	"Afghanistan"	"Nimroz"	2	5	7	3964	7503	11467	93315	150294	243609
"2011.06.05"	"Afghanistan"	"Logar"	13	0	13	3977	7503	11480	93328	150294	243622
"2011.06.05"	"Pakistan"	"Nowshera"	19	45	64	3996	7548	11544	93347	150339	243686
"2011.06.05"	"Chechnya"	"Alkhazurovo"	1	2	3	3997	7550	11547	93348	150341	243689
"2011.06.05"	"Iraq"	"Baghdad"	5	18	23	4002	7568	11570	93353	150359	243712
"2011.06.05"	"Pakistan"	"Kohat"	1	0	1	4003	7568	11571	93354	150359	243713
"2011.06.06"	"Iraq"	"Tikrit"	12	20	32	4015	7588	11603	93366	150379	243745
"2011.06.06"	"Algeria"	"Sidi Abdelaziz"	3	2	5	4018	7590	11608	93369	150381	243750
"2011.06.06"	"Iraq"	"Baghdad"	5	26	31	4023	7616	11639	93374	150407	243781
"2011.06.06"	"Iraq"	"Hamdhiyah"	4	1	5	4027	7617	11644	93378	150408	243786
"2011.06.06"	"Pakistan"	"Bannu"	1	2	3	4028	7619	11647	93379	150410	243789
"2011.06.06"	"India"	"Srinagar"	1	0	1	4029	7619	11648	93380	150410	243790
"2011.06.06"	"Nigeria"	"Biu"	1	0	1	4030	7619	11649	93381	150410	243791
"2011.06.06"	"Iraq"	"Baghdad"	5	8	13	4035	7627	11662	93386	150418	243804
"2011.06.07"	"Dagestan"	"Makhachkala"	2	1	3	4037	7628	11665	93388	150419	243807
"2011.06.07"	"Nigeria"	"Maiduguri"	2	14	16	4039	7642	11681	93390	150433	243823
"2011.06.07"	"Nigeria"	"Borno"	5	5	10	4044	7647	11691	93395	150438	243833
"2011.06.07"	"Iraq"	"Baghdad"	3	3	6	4047	7650	11697	93398	150441	243839
"2011.06.07"	"Iraq"	"Mosul"	2	0	2	4049	7650	11699	93400	150441	243841
"2011.06.08"	"Sudan"	"al Shaeer"	1	0	1	4050	7650	11700	93401	150441	243842
"2011.06.08"	"Sudan"	"Kadugli"	1	0	1	4051	7650	11701	93402	150441	243843
"2011.06.08"	"Thailand"	"Narathiwat"	2	0	2	4053	7650	11703	93404	150441	243845
"2011.06.08"	"Afghanistan"	"Uruzgan"	2	0	2	4055	7650	11705	93406	150441	243847
"2011.06.08"	"Nigeria"	"Bauchi"	1	0	1	4056	7650	11706	93407	150441	243848
"2011.06.08"	"India"	"Sopore"	1	0	1	4057	7650	11707	93408	150441	243849
"2011.06.08"	"Yemen"	"Lahj"	4	2	6	4061	7652	11713	93412	150443	243855
"2011.06.08"	"Somalia"	"Mogadishu"	3	0	3	4064	7652	11716	93415	150443	243858
"2011.06.08"	"Thailand"	"Yala"	3	2	5	4067	7654	11721	93418	150445	243863
"2011.06.08"	"Thailand"	"Narathiwat"	1	0	1	4068	7654	11722	93419	150445	243864
"2011.06.08"	"Thailand"	"Pattani"	4	12	16	4072	7666	11738	93423	150457	243880
"2011.06.09"	"Iraq"	"Hatra"	1	0	1	4073	7666	11739	93424	150457	243881
"2011.06.09"	"Afghanistan"	"Dur Baba"	9	5	14	4082	7671	11753	93433	150462	243895
"2011.06.09"	"Somalia"	"Mogadishu"	2	3	5	4084	7674	11758	93435	150465	243900
"2011.06.09"	"Nigeria"	"Maiduguri"	2	0	2	4086	7674	11760	93437	150465	243902
"2011.06.09"	"Iraq"	"Baghdad"	3	2	5	4089	7676	11765	93440	150467	243907
"2011.06.09"	"Pakistan"	"Landhi"	1	0	1	4090	7676	11766	93441	150467	243908
"2011.06.09"	"Pakistan"	"Darawar"	4	3	7	4094	7679	11773	93445	150470	243915
"2011.06.09"	"Thailand"	"Yala"	1	1	2	4095	7680	11775	93446	150471	243917
"2011.06.10"	"Iraq"	"Salman Pak"	10	15	25	4105	7695	11800	93456	150486	243942
"2011.06.10"	"Sudan"	"Kadugli"	0	1	1	4105	7696	11801	93456	150487	243943
"2011.06.10"	"Somalia"	"Mogadishu"	1	2	3	4106	7698	11804	93457	150489	243946
"2011.06.10"	"Pakistan"	"Balochistan"	1	0	1	4107	7698	11805	93458	150489	243947
"2011.06.10"	"Somalia"	"Mogadishu"	1	1	2	4108	7699	11807	93459	150490	243949
"2011.06.10"	"Afghanistan"	"Kunduz"	4	18	22	4112	7717	11829	93463	150508	243971
"2011.06.10"	"Pakistan"	"Farmwala"	0	1	1	4112	7718	11830	93463	150509	243972
"2011.06.11"	"Afghanistan"	"Khost"	3	8	11	4115	7726	11841	93466	150517	243983
"2011.06.11"	"Afghanistan"	"Kandahar"	15	1	16	4130	7727	11857	93481	150518	243999
"2011.06.11"	"Iraq"	"Abu Ghraib"	2	0	2	4132	7727	11859	93483	150518	244001
"2011.06.11"	"Iraq"	"Samarra"	4	0	4	4136	7727	11863	93487	150518	244005
"2011.06.11"	"Iraq"	"Mosul"	18	47	65	4154	7774	11928	93505	150565	244070
"2011.06.11"	"Pakistan"	"Khyber"	39	88	127	4193	7862	12055	93544	150653	244197
"2011.06.11"	"Iraq"	"Al-Dour"	5	0	5	4198	7862	12060	93549	150653	244202
"2011.06.11"	"Indonesia"	"East Java"	0	1	1	4198	7863	12061	93549	150654	244203
"2011.06.12"	"Yemen"	"Zinjibar"	3	5	8	4201	7868	12069	93552	150659	244211
"2011.06.12"	"Iraq"	"Baghdad"	3	14	17	4204	7882	12086	93555	150673	244228
"2011.06.12"	"Iraq"	"Baqubah"	3	4	7	4207	7886	12093	93558	150677	244235
"2011.06.12"	"Iraq"	"Hillah"	2	0	2	4209	7886	12095	93560	150677	244237
"2011.06.12"	"India"	"Chikkaballapur"	2	0	2	4211	7886	12097	93562	150677	244239
"2011.06.13"	"Iraq"	"Baaj"	2	0	2	4213	7886	12099	93564	150677	244241
"2011.06.13"	"Iraq"	"Basra"	5	29	34	4218	7915	12133	93569	150706	244275
"2011.06.13"	"Pakistan"	"South Waziristan"	4	8	12	4222	7923	12145	93573	150714	244287
"2011.06.13"	"Pakistan"	"Islamabad"	1	3	4	4223	7926	12149	93574	150717	244291
"2011.06.13"	"Nigeria"	"Bulunkutu"	4	0	4	4227	7926	12153	93578	150717	244295
"2011.06.14"	"Sudan"	"South Kordofan"	2	5	7	4229	7931	12160	93580	150722	244302
"2011.06.14"	"Dagestan"	"Mikheyevka"	1	0	1	4230	7931	12161	93581	150722	244303
"2011.06.14"	"Iraq"	"Baqubah"	8	27	35	4238	7958	12196	93589	150749	244338
"2011.06.14"	"Iraq"	"Dujail"	4	1	5	4242	7959	12201	93593	150750	244343
"2011.06.15"	"Afghanistan"	"Paktia"	3	0	3	4245	7959	12204	93596	150750	244346
"2011.06.15"	"Afghanistan"	"Mahmud Raqi"	7	4	11	4252	7963	12215	93603	150754	244357
"2011.06.15"	"Yemen"	"Houta"	3	2	5	4255	7965	12220	93606	150756	244362
"2011.06.15"	"Somalia"	"Mataban"	15	24	39	4270	7989	12259	93621	150780	244401
"2011.06.15"	"Iraq"	"Mussayab"	1	6	7	4271	7995	12266	93622	150786	244408
"2011.06.15"	"India"	"Shopian"	1	0	1	4272	7995	12267	93623	150786	244409
"2011.06.16"	"Pakistan"	"Bajaur"	6	27	33	4278	8022	12300	93629	150813	244442
"2011.06.16"	"Nigeria"	"Abuja"	2	0	2	4280	8022	12302	93631	150813	244444
"2011.06.16"	"Nigeria"	"Damboa"	4	1	5	4284	8023	12307	93635	150814	244449
"2011.06.16"	"Pakistan"	"Quetta"	1	0	1	4285	8023	12308	93636	150814	244450
"2011.06.16"	"Thailand"	"Pattani"	4	2	6	4289	8025	12314	93640	150816	244456
"2011.06.16"	"Iraq"	"Hilla"	3	0	3	4292	8025	12317	93643	150816	244459
"2011.06.16"	"Afghanistan"	"Maruf"	4	0	4	4296	8025	12321	93647	150816	244463
"2011.06.17"	"Iraq"	"Baghdad"	3	8	11	4299	8033	12332	93650	150824	244474
"2011.06.17"	"Pakistan"	"Tirah"	3	2	5	4302	8035	12337	93653	150826	244479
"2011.06.17"	"Pakistan"	"Bara"	1	0	1	4303	8035	12338	93654	150826	244480
"2011.06.17"	"Pakistan"	"Quetta"	1	0	1	4304	8035	12339	93655	150826	244481
"2011.06.17"	"Afghanistan"	"Sirkanay"	4	0	4	4308	8035	12343	93659	150826	244485
"2011.06.18"	"Afghanistan"	"Kabul"	9	12	21	4317	8047	12364	93668	150838	244506
"2011.06.18"	"Afghanistan"	"Ander"	4	2	6	4321	8049	12370	93672	150840	244512
"2011.06.18"	"Pakistan"	"Quetta"	4	28	32	4325	8077	12402	93676	150868	244544
"2011.06.18"	"Somalia"	"Daynile"	2	0	2	4327	8077	12404	93678	150868	244546
"2011.06.18"	"Iraq"	"Baghdad"	2	0	2	4329	8077	12406	93680	150868	244548
"2011.06.18"	"Iraq"	"Baqubah"	3	2	5	4332	8079	12411	93683	150870	244553
"2011.06.19"	"Iraq"	"Mosul"	1	0	1	4333	8079	12412	93684	150870	244554
"2011.06.19"	"Pakistan"	"Hayatabad"	2	4	6	4335	8083	12418	93686	150874	244560
"2011.06.19"	"Afghanistan"	"Kunduz"	3	11	14	4338	8094	12432	93689	150885	244574
"2011.06.19"	"Nigeria"	"Maiduguri"	2	5	7	4340	8099	12439	93691	150890	244581
"2011.06.19"	"Yemen"	"Zinjibar"	7	21	28	4347	8120	12467	93698	150911	244609
"2011.06.19"	"Iraq"	"Kirkuk"	1	0	1	4348	8120	12468	93699	150911	244610
"2011.06.20"	"Iraq"	"Mosul"	2	3	5	4350	8123	12473	93701	150914	244615
"2011.06.20"	"Nigeria"	"Maiduguri"	1	0	1	4351	8123	12474	93702	150914	244616
"2011.06.20"	"Nigeria"	"Kankara"	7	0	7	4358	8123	12481	93709	150914	244623
"2011.06.20"	"Pakistan"	"Masood"	6	4	10	4364	8127	12491	93715	150918	244633
"2011.06.20"	"Pakistan"	"Matni"	4	5	9	4368	8132	12500	93719	150923	244642
"2011.06.20"	"Dagestan"	"Makhachkala"	2	0	2	4370	8132	12502	93721	150923	244644
"2011.06.20"	"Thailand"	"Pattani"	2	0	2	4372	8132	12504	93723	150923	244646
"2011.06.20"	"Thailand"	"Pattani"	2	0	2	4374	8132	12506	93725	150923	244648
"2011.06.20"	"Thailand"	"Yala"	1	1	2	4375	8133	12508	93726	150924	244650
"2011.06.20"	"Iraq"	"Baghdad"	2	8	10	4377	8141	12518	93728	150932	244660
"2011.06.21"	"Thailand"	"Narathiwat"	1	0	1	4378	8141	12519	93729	150932	244661
"2011.06.21"	"Iraq"	"Mansouriya"	1	0	1	4379	8141	12520	93730	150932	244662
"2011.06.21"	"Iraq"	"Mussayab"	5	9	14	4384	8150	12534	93735	150941	244676
"2011.06.21"	"Iraq"	"Diwaniya"	27	57	84	4411	8207	12618	93762	150998	244760
"2011.06.21"	"Afghanistan"	"Charikar"	2	2	4	4413	8209	12622	93764	151000	244764
"2011.06.21"	"Somalia"	"Mogadishu"	4	6	10	4417	8215	12632	93768	151006	244774
"2011.06.21"	"Pakistan"	"Lahore"	1	0	1	4418	8215	12633	93769	151006	244775
"2011.06.22"	"Thailand"	"Yala"	1	0	1	4419	8215	12634	93770	151006	244776
"2011.06.22"	"Iraq"	"Baghdad"	13	43	56	4432	8258	12690	93783	151049	244832
"2011.06.22"	"Pakistan"	"Hangu"	2	5	7	4434	8263	12697	93785	151054	244839
"2011.06.22"	"Afghanistan"	"Ghazni"	8	0	8	4442	8263	12705	93793	151054	244847
"2011.06.22"	"Afghanistan"	"Ghazni"	4	0	4	4446	8263	12709	93797	151054	244851
"2011.06.22"	"Pakistan"	"Quetta"	4	11	15	4450	8274	12724	93801	151065	244866
"2011.06.23"	"Iraq"	"Baghdad"	35	95	130	4485	8369	12854	93836	151160	244996
"2011.06.23"	"Algeria"	"Kabylie"	1	1	2	4486	8370	12856	93837	151161	244998
"2011.06.23"	"Iraq"	"Baghdad"	6	6	12	4492	8376	12868	93843	151167	245010
"2011.06.23"	"Pakistan"	"Mastung"	3	4	7	4495	8380	12875	93846	151171	245017
"2011.06.23"	"Afghanistan"	"Dhaddar"	2	0	2	4497	8380	12877	93848	151171	245019
"2011.06.24"	"Sri Lanka"	"Kattankudi"	0	2	2	4497	8382	12879	93848	151173	245021
"2011.06.24"	"Iraq"	"Tikrit"	2	0	2	4499	8382	12881	93850	151173	245023
"2011.06.24"	"Yemen"	"Aden"	3	10	13	4502	8392	12894	93853	151183	245036
"2011.06.24"	"Afghanistan"	"Kunduz"	6	22	28	4508	8414	12922	93859	151205	245064
"2011.06.24"	"Thailand"	"Narathiwat"	2	13	15	4510	8427	12937	93861	151218	245079
"2011.06.24"	"Thailand"	"Yala"	1	0	1	4511	8427	12938	93862	151218	245080
"2011.06.25"	"Iraq"	"Abu Ghraib"	2	0	2	4513	8427	12940	93864	151218	245082
"2011.06.25"	"Pakistan"	"Kolachi"	10	5	15	4523	8432	12955	93874	151223	245097
"2011.06.25"	"Afghanistan"	"Logar"	38	53	91	4561	8485	13046	93912	151276	245188
"2011.06.25"	"Philippines"	"Isabela City"	2	8	10	4563	8493	13056	93914	151284	245198
"2011.06.25"	"Pakistan"	"Pak Colony"	4	0	4	4567	8493	13060	93918	151284	245202
"2011.06.26"	"Senegal"	"Dakar"	0	24	24	4567	8517	13084	93918	151308	245226
"2011.06.26"	"Afghanistan"	"Char Chino"	1	0	1	4568	8517	13085	93919	151308	245227
"2011.06.26"	"Nigeria"	"Maiduguri"	30	25	55	4598	8542	13140	93949	151333	245282
"2011.06.26"	"Sudan"	"Meiram"	1	4	5	4599	8546	13145	93950	151337	245287
"2011.06.26"	"Italy"	"Padua"	1	0	1	4600	8546	13146	93951	151337	245288
"2011.06.26"	"Egypt"	"Awlad Khalaf"	0	3	3	4600	8549	13149	93951	151340	245291
"2011.06.26"	"Iraq"	"Riyadh"	2	5	7	4602	8554	13156	93953	151345	245298
"2011.06.26"	"Iraq"	"Mosul"	6	4	10	4608	8558	13166	93959	151349	245308
"2011.06.26"	"Iraq"	"Tarmiya"	3	18	21	4611	8576	13187	93962	151367	245329
"2011.06.26"	"Algeria"	"Legata"	2	5	7	4613	8581	13194	93964	151372	245336
"2011.06.27"	"Iraq"	"Bazawia"	3	4	7	4616	8585	13201	93967	151376	245343
"2011.06.27"	"Iraq"	"Jabalah"	1	7	8	4617	8592	13209	93968	151383	245351
"2011.06.27"	"Pakistan"	"Darra Adamkhel"	2	0	2	4619	8592	13211	93970	151383	245353
"2011.06.27"	"India"	"Ganderbal"	1	0	1	4620	8592	13212	93971	151383	245354
"2011.06.27"	"Pakistan"	"Dera Ismail Khan"	12	20	32	4632	8612	13244	93983	151403	245386
"2011.06.27"	"Afghanistan"	"Ghazni"	7	0	7	4639	8612	13251	93990	151403	245393
"2011.06.27"	"Nigeria"	"Maiduguri"	2	3	5	4641	8615	13256	93992	151406	245398
"2011.06.28"	"Afghanistan"	"Panjwai"	2	1	3	4643	8616	13259	93994	151407	245401
"2011.06.28"	"Afghanistan"	"Kabul"	11	50	61	4654	8666	13320	94005	151457	245462
"2011.06.28"	"Iraq"	"Mosul"	3	2	5	4657	8668	13325	94008	151459	245467
"2011.06.28"	"Iraq"	"Mosul"	1	0	1	4658	8668	13326	94009	151459	245468
"2011.06.28"	"Pakistan"	"Peshawar"	1	2	3	4659	8670	13329	94010	151461	245471
"2011.06.28"	"Pakistan"	"Upper Dir"	1	3	4	4660	8673	13333	94011	151464	245475
"2011.06.28"	"Somalia"	"Mogadishu"	2	4	6	4662	8677	13339	94013	151468	245481
"2011.06.28"	"Tunisia"	"Tunis"	0	2	2	4662	8679	13341	94013	151470	245483
"2011.06.29"	"India"	"Srinagar"	1	0	1	4663	8679	13342	94014	151470	245484
"2011.06.29"	"Yemen"	"Zinjibar"	26	16	42	4689	8695	13384	94040	151486	245526
"2011.06.29"	"Pakistan"	"Rawalpindi"	2	0	2	4691	8695	13386	94042	151486	245528
"2011.06.30"	"Yemen"	"Abyan"	6	17	23	4697	8712	13409	94048	151503	245551
"2011.06.30"	"Pakistan"	"Karachi"	3	12	15	4700	8724	13424	94051	151515	245566
"2011.06.30"	"Pakistan"	"Peshawar"	2	13	15	4702	8737	13439	94053	151528	245581
"2011.06.30"	"Afghanistan"	"Nimroz"	20	36	56	4722	8773	13495	94073	151564	245637
"2011.06.30"	"Afghanistan"	"Lashkar Gah"	6	0	6	4728	8773	13501	94079	151564	245643
"2011.06.30"	"Indonesia"	"Bima"	1	1	2	4729	8774	13503	94080	151565	245645
"2011.07.01"	"Algeria"	"Nacira"	1	2	3	4730	8776	13506	94081	151567	245648
"2011.07.01"	"Afghanistan"	"Maruf"	6	6	12	4736	8782	13518	94087	151573	245660
"2011.07.01"	"Philippines"	"Maguindanao"	1	0	1	4737	8782	13519	94088	151573	245661
"2011.07.01"	"Pakistan"	"Karachi"	7	7	14	4744	8789	13533	94095	151580	245675
"2011.07.01"	"Pakistan"	"Peshawar"	2	0	2	4746	8789	13535	94097	151580	245677
"2011.07.02"	"Nigeria"	"Maiduguri"	9	0	9	4755	8789	13544	94106	151580	245686
"2011.07.02"	"Sudan"	"Pariang"	3	17	20	4758	8806	13564	94109	151597	245706
"2011.07.03"	"Pakistan"	"Pakhtunkhwa"	1	3	4	4759	8809	13568	94110	151600	245710
"2011.07.03"	"Afghanistan"	"Zabul"	13	33	46	4772	8842	13614	94123	151633	245756
"2011.07.03"	"Nigeria"	"Maiduguri"	10	13	23	4782	8855	13637	94133	151646	245779
"2011.07.03"	"Pakistan"	"Shangla"	3	1	4	4785	8856	13641	94136	151647	245783
"2011.07.03"	"Pakistan"	"Lindhi"	1	13	14	4786	8869	13655	94137	151660	245797
"2011.07.03"	"Afghanistan"	"Logar"	19	0	19	4805	8869	13674	94156	151660	245816
"2011.07.03"	"India"	"Saharanpur"	2	0	2	4807	8869	13676	94158	151660	245818
"2011.07.03"	"India"	"Mubarikpur"	1	1	2	4808	8870	13678	94159	151661	245820
"2011.07.03"	"Afghanistan"	"Maimana"	0	17	17	4808	8887	13695	94159	151678	245837
"2011.07.03"	"Iraq"	"Rutba"	10	1	11	4818	8888	13706	94169	151679	245848
"2011.07.03"	"Pakistan"	"Sindh"	1	0	1	4819	8888	13707	94170	151679	245849
"2011.07.03"	"Yemen"	"Zinjibar"	10	24	34	4829	8912	13741	94180	151703	245883
"2011.07.03"	"Algeria"	"Chebilia"	0	24	24	4829	8936	13765	94180	151727	245907
"2011.07.04"	"Algeria"	"Kabylie"	1	1	2	4830	8937	13767	94181	151728	245909
"2011.07.04"	"Pakistan"	"Mamond"	1	1	2	4831	8938	13769	94182	151729	245911
"2011.07.04"	"Afghanistan"	"Helmand"	1	0	1	4832	8938	13770	94183	151729	245912
"2011.07.04"	"Iraq"	"Baghdad"	26	9	35	4858	8947	13805	94209	151738	245947
"2011.07.05"	"Pakistan"	"Quetta"	9	20	29	4867	8967	13834	94218	151758	245976
"2011.07.05"	"Nigeria"	"Maiduguri"	2	0	2	4869	8967	13836	94220	151758	245978
"2011.07.05"	"Iraq"	"Taji"	35	54	89	4904	9021	13925	94255	151812	246067
"2011.07.05"	"Iraq"	"Kirkuk"	3	0	3	4907	9021	13928	94258	151812	246070
"2011.07.05"	"Pakistan"	"Karachi"	2	0	2	4909	9021	13930	94260	151812	246072
"2011.07.05"	"Pakistan"	"Miranshah"	3	14	17	4912	9035	13947	94263	151826	246089
"2011.07.05"	"Pakistan"	"Mamond"	1	0	1	4913	9035	13948	94264	151826	246090
"2011.07.06"	"Pakistan"	"Karachi"	10	20	30	4923	9055	13978	94274	151846	246120
"2011.07.06"	"Yemen"	"Loder"	10	0	10	4933	9055	13988	94284	151846	246130
"2011.07.06"	"Afghanistan"	"Kamdesh"	38	7	45	4971	9062	14033	94322	151853	246175
"2011.07.06"	"Iraq"	"Baqubah"	2	19	21	4973	9081	14054	94324	151872	246196
"2011.07.06"	"Dagestan"	"Makhachkala"	3	6	9	4976	9087	14063	94327	151878	246205
"2011.07.06"	"India"	"Sopore"	1	6	7	4977	9093	14070	94328	151884	246212
"2011.07.07"	"Iraq"	"Baqubah"	1	1	2	4978	9094	14072	94329	151885	246214
"2011.07.07"	"Iraq"	"Fallujah"	3	6	9	4981	9100	14081	94332	151891	246223
"2011.07.08"	"Iraq"	"Jurf al-Sakhar"	2	0	2	4983	9100	14083	94334	151891	246225
"2011.07.09"	"Dagestan"	"Karamakhi"	1	0	1	4984	9100	14084	94335	151891	246226
"2011.07.09"	"Dagestan"	"Sovetskoye"	1	0	1	4985	9100	14085	94336	151891	246227
"2011.07.09"	"Thailand"	"Yala"	1	0	1	4986	9100	14086	94337	151891	246228
"2011.07.09"	"Iraq"	"Baqubah"	2	17	19	4988	9117	14105	94339	151908	246247
"2011.07.09"	"Pakistan"	"Jawakai"	5	11	16	4993	9128	14121	94344	151919	246263
"2011.07.09"	"Pakistan"	"Mastung"	1	0	1	4994	9128	14122	94345	151919	246264
"2011.07.10"	"Nigeria"	"Suleija"	3	0	3	4997	9128	14125	94348	151919	246267
"2011.07.10"	"Pakistan"	"Quetta"	3	0	3	5000	9128	14128	94351	151919	246270
"2011.07.10"	"Pakistan"	"Karachi"	2	0	2	5002	9128	14130	94353	151919	246272
"2011.07.10"	"Pakistan"	"Peshawar"	2	4	6	5004	9132	14136	94355	151923	246278
"2011.07.11"	"Thailand"	"Pattani"	1	0	1	5005	9132	14137	94356	151923	246279
"2011.07.11"	"Thailand"	"Pattani"	1	0	1	5006	9132	14138	94357	151923	246280
"2011.07.11"	"Nigeria"	"Maiduguri"	3	0	3	5009	9132	14141	94360	151923	246283
"2011.07.11"	"Thailand"	"Narathiwat"	2	0	2	5011	9132	14143	94362	151923	246285
"2011.07.11"	"Iraq"	"Rutba"	3	0	3	5014	9132	14146	94365	151923	246288
"2011.07.11"	"Pakistan"	"Khyber"	2	0	2	5016	9132	14148	94367	151923	246290
"2011.07.11"	"Pakistan"	"Bara"	1	2	3	5017	9134	14151	94368	151925	246293
"2011.07.11"	"Pakistan"	"Quetta"	2	0	2	5019	9134	14153	94370	151925	246295
"2011.07.11"	"Pakistan"	"Battagram"	7	19	26	5026	9153	14179	94377	151944	246321
"2011.07.11"	"Indonesia"	"West Nusa Tenggara"	0	0	0	5026	9153	14179	94377	151944	246321
"2011.07.12"	"Afghanistan"	"Kandahar"	1	0	1	5027	9153	14180	94378	151944	246322
"2011.07.12"	"Iraq"	"Abu Ghraib"	2	4	6	5029	9157	14186	94380	151948	246328
"2011.07.12"	"Iraq"	"Karbalah"	2	19	21	5031	9176	14207	94382	151967	246349
"2011.07.12"	"Pakistan"	"Bajaur"	2	9	11	5033	9185	14218	94384	151976	246360
"2011.07.13"	"Afghanistan"	"Tagab"	6	7	13	5039	9192	14231	94390	151983	246373
"2011.07.13"	"India"	"Mumbai"	26	126	152	5065	9318	14383	94416	152109	246525
"2011.07.13"	"Thailand"	"Pattani"	2	0	2	5067	9318	14385	94418	152109	246527
"2011.07.13"	"Iraq"	"Mosul"	3	1	4	5070	9319	14389	94421	152110	246531
"2011.07.14"	"Pakistan"	"Chaman"	4	9	13	5074	9328	14402	94425	152119	246544
"2011.07.14"	"Iraq"	"Kirkuk"	1	0	1	5075	9328	14403	94426	152119	246545
"2011.07.14"	"Pakistan"	"Zengara"	3	3	6	5078	9331	14409	94429	152122	246551
"2011.07.14"	"Afghanistan"	"Kandahar"	6	15	21	5084	9346	14430	94435	152137	246572
"2011.07.15"	"Thailand"	"Pattani"	1	2	3	5085	9348	14433	94436	152139	246575
"2011.07.15"	"Iran"	"Tehran"	1	0	1	5086	9348	14434	94437	152139	246576
"2011.07.15"	"Iraq"	"Karbalah"	6	20	26	5092	9368	14460	94443	152159	246602
"2011.07.16"	"Iraq"	"Baghdad"	2	8	10	5094	9376	14470	94445	152167	246612
"2011.07.16"	"Dagestan"	"Gedzhukh"	1	0	1	5095	9376	14471	94446	152167	246613
"2011.07.16"	"Dagestan"	"Makhachkala"	0	2	2	5095	9378	14473	94446	152169	246615
"2011.07.16"	"Iraq"	"Karbalah"	2	26	28	5097	9404	14501	94448	152195	246643
"2011.07.16"	"Algeria"	"Bordi Menaiel"	4	15	19	5101	9419	14520	94452	152210	246662
"2011.07.16"	"Afghanistan"	"Lashkar Gah"	1	0	1	5102	9419	14521	94453	152210	246663
"2011.07.16"	"Pakistan"	"Boshehra"	11	0	11	5113	9419	14532	94464	152210	246674
"2011.07.16"	"Pakistan"	"Peshawar"	3	16	19	5116	9435	14551	94467	152226	246693
"2011.07.16"	"Afghanistan"	"Sangin"	5	1	6	5121	9436	14557	94472	152227	246699
"2011.07.17"	"Afghanistan"	"Baghlani Jadid"	2	7	9	5123	9443	14566	94474	152234	246708
"2011.07.17"	"Afghanistan"	"Kabul"	2	0	2	5125	9443	14568	94476	152234	246710
"2011.07.17"	"Thailand"	"Yala"	3	0	3	5128	9443	14571	94479	152234	246713
"2011.07.17"	"Iraq"	"Mosul"	3	0	3	5131	9443	14574	94482	152234	246716
"2011.07.17"	"Pakistan"	"Mann Talab"	1	0	1	5132	9443	14575	94483	152234	246717
"2011.07.17"	"Iraq"	"Mosul"	3	0	3	5135	9443	14578	94486	152234	246720
"2011.07.18"	"Thailand"	"Pattani"	1	0	1	5136	9443	14579	94487	152234	246721
"2011.07.18"	"Afghanistan"	"Registan"	4	0	4	5140	9443	14583	94491	152234	246725
"2011.07.18"	"Afghanistan"	"Lashkar Gah"	7	0	7	5147	9443	14590	94498	152234	246732
"2011.07.18"	"Afghanistan"	"Farah"	2	0	2	5149	9443	14592	94500	152234	246734
"2011.07.18"	"Pakistan"	"Upper Dir"	16	0	16	5165	9443	14608	94516	152234	246750
"2011.07.18"	"China"	"Xingjian"	4	1	5	5169	9444	14613	94520	152235	246755
"2011.07.18"	"Chechnya"	"Vedono"	2	7	9	5171	9451	14622	94522	152242	246764
"2011.07.19"	"Somalia"	"Mogadishu"	1	2	3	5172	9453	14625	94523	152244	246767
"2011.07.19"	"Pakistan"	"Charkhel"	2	0	2	5174	9453	14627	94525	152244	246769
"2011.07.19"	"Pakistan"	"Landi Kotal"	0	9	9	5174	9462	14636	94525	152253	246778
"2011.07.19"	"Ghana"	"Yamata"	1	0	1	5175	9462	14637	94526	152253	246779
"2011.07.19"	"Pakistan"	"Karachi"	1	0	1	5176	9462	14638	94527	152253	246780
"2011.07.19"	"Thailand"	"Yala"	1	15	16	5177	9477	14654	94528	152268	246796
"2011.07.19"	"Thailand"	"Pattani"	2	2	4	5179	9479	14658	94530	152270	246800
"2011.07.20"	"Yemen"	"Aden"	1	0	1	5180	9479	14659	94531	152270	246801
"2011.07.20"	"Afghanistan"	"Kandahar"	3	0	3	5183	9479	14662	94534	152270	246804
"2011.07.20"	"Iraq"	"Zarkush"	2	1	3	5185	9480	14665	94536	152271	246807
"2011.07.21"	"India"	"Alwar"	1	0	1	5186	9480	14666	94537	152271	246808
"2011.07.21"	"Iraq"	"Riyadh"	1	2	3	5187	9482	14669	94538	152273	246811
"2011.07.22"	"Afghanistan"	"Greshk"	1	0	1	5188	9482	14670	94539	152273	246812
"2011.07.22"	"Dagestan"	"Makhachkala"	2	0	2	5190	9482	14672	94541	152273	246814
"2011.07.22"	"Pakistan"	"Surjani"	1	0	1	5191	9482	14673	94542	152273	246815
"2011.07.22"	"Iraq"	"Baghdad"	3	9	12	5194	9491	14685	94545	152282	246827
"2011.07.22"	"Iraq"	"Baghdad"	2	8	10	5196	9499	14695	94547	152290	246837
"2011.07.22"	"Iraq"	"Baqubah"	4	0	4	5200	9499	14699	94551	152290	246841
"2011.07.22"	"Canada"	"Toronto"	1	0	1	5201	9499	14700	94552	152290	246842
"2011.07.23"	"Iraq"	"Baqubah"	1	7	8	5202	9506	14708	94553	152297	246850
"2011.07.23"	"Pakistan"	"Kohat"	1	2	3	5203	9508	14711	94554	152299	246853
"2011.07.23"	"Nigeria"	"Maiduguri"	8	28	36	5211	9536	14747	94562	152327	246889
"2011.07.24"	"Jordan"	"Zarqa"	1	0	1	5212	9536	14748	94563	152327	246890
"2011.07.24"	"Yemen"	"Aden"	9	21	30	5221	9557	14778	94572	152348	246920
"2011.07.24"	"Pakistan"	"Chak Malai"	1	7	8	5222	9564	14786	94573	152355	246928
"2011.07.24"	"Pakistan"	"North Waziristan"	1	0	1	5223	9564	14787	94574	152355	246929
"2011.07.24"	"India"	"Sopore"	1	0	1	5224	9564	14788	94575	152355	246930
"2011.07.24"	"Pakistan"	"Naushki"	5	0	5	5229	9564	14793	94580	152355	246935
"2011.07.24"	"Afghanistan"	"Kandahar"	1	0	1	5230	9564	14794	94581	152355	246936
"2011.07.24"	"Indonesia"	"Pandajaya"	0	2	2	5230	9566	14796	94581	152357	246938
"2011.07.25"	"Egypt"	"Samalout"	0	6	6	5230	9572	14802	94581	152363	246944
"2011.07.25"	"Thailand"	"Yala"	0	7	7	5230	9579	14809	94581	152370	246951
"2011.07.25"	"Afghanistan"	"Helmand"	2	0	2	5232	9579	14811	94583	152370	246953
"2011.07.25"	"Iraq"	"Kirkuk"	2	22	24	5234	9601	14835	94585	152392	246977
"2011.07.25"	"Iraq"	"Muqdadiya"	5	12	17	5239	9613	14852	94590	152404	246994
"2011.07.26"	"Iraq"	"Hawija"	2	0	2	5241	9613	14854	94592	152404	246996
"2011.07.26"	"Iraq"	"Diyala"	6	27	33	5247	9640	14887	94598	152431	247029
"2011.07.26"	"Pakistan"	"Mohmand"	1	0	1	5248	9640	14888	94599	152431	247030
"2011.07.26"	"Afghanistan"	"Musazai"	2	3	5	5250	9643	14893	94601	152434	247035
"2011.07.26"	"Thailand"	"Yala"	1	0	1	5251	9643	14894	94602	152434	247036
"2011.07.26"	"Iraq"	"Mosul"	3	4	7	5254	9647	14901	94605	152438	247043
"2011.07.26"	"Iraq"	"Kirkuk"	2	0	2	5256	9647	14903	94607	152438	247045
"2011.07.26"	"Pakistan"	"Faisalabad"	6	0	6	5262	9647	14909	94613	152438	247051
"2011.07.27"	"Afghanistan"	"Kunduz"	3	4	7	5265	9651	14916	94616	152442	247058
"2011.07.27"	"Thailand"	"Pattani"	2	0	2	5267	9651	14918	94618	152442	247060
"2011.07.27"	"India"	"Hyhama"	1	2	3	5268	9653	14921	94619	152444	247063
"2011.07.27"	"Afghanistan"	"Kandahar"	2	1	3	5270	9654	14924	94621	152445	247066
"2011.07.27"	"Kenya"	"Mandera"	1	3	4	5271	9657	14928	94622	152448	247070
"2011.07.28"	"Afghanistan"	"Gereshk"	5	2	7	5276	9659	14935	94627	152450	247077
"2011.07.28"	"Philippines"	"Sulu"	7	21	28	5283	9680	14963	94634	152471	247105
"2011.07.28"	"Dagestan"	"Makhachkala"	1	0	1	5284	9680	14964	94635	152471	247106
"2011.07.28"	"Dagestan"	"Makhachkala"	2	0	2	5286	9680	14966	94637	152471	247108
"2011.07.28"	"Iraq"	"Tikrit"	15	38	53	5301	9718	15019	94652	152509	247161
"2011.07.28"	"Afghanistan"	"Oruzgan"	19	37	56	5320	9755	15075	94671	152546	247217
"2011.07.28"	"Iraq"	"Baghdad"	1	8	9	5321	9763	15084	94672	152554	247226
"2011.07.28"	"India"	"Sopore"	1	0	1	5322	9763	15085	94673	152554	247227
"2011.07.28"	"Pakistan"	"Quetta"	1	0	1	5323	9763	15086	94674	152554	247228
"2011.07.29"	"Yemen"	"Dofas"	6	9	15	5329	9772	15101	94680	152563	247243
"2011.07.29"	"Yemen"	"Shaqra"	9	20	29	5338	9792	15130	94689	152583	247272
"2011.07.29"	"Pakistan"	"Saryab"	7	0	7	5345	9792	15137	94696	152583	247279
"2011.07.29"	"Afghanistan"	"Nahr-e-Saraj"	19	3	22	5364	9795	15159	94715	152586	247301
"2011.07.29"	"Egypt"	"Minya"	2	2	4	5366	9797	15163	94717	152588	247305
"2011.07.30"	"Afghanistan"	"Muqur"	10	6	16	5376	9803	15179	94727	152594	247321
"2011.07.30"	"Iraq"	"Taji"	2	5	7	5378	9808	15186	94729	152599	247328
"2011.07.30"	"India"	"Kupwara"	3	0	3	5381	9808	15189	94732	152599	247331
"2011.07.30"	"Egypt"	"Al Arish"	5	19	24	5386	9827	15213	94737	152618	247355
"2011.07.30"	"Pakistan"	"Quetta"	11	3	14	5397	9830	15227	94748	152621	247369
"2011.07.31"	"China"	"Kashgar"	6	0	6	5403	9830	15233	94754	152621	247375
"2011.07.31"	"Iraq"	"Baghdad"	2	0	2	5405	9830	15235	94756	152621	247377
"2011.07.31"	"Pakistan"	"Tank"	1	0	1	5406	9830	15236	94757	152621	247378
"2011.07.31"	"Algeria"	"Tissemsilt"	3	6	9	5409	9836	15245	94760	152627	247387
"2011.07.31"	"China"	"Kashgar"	3	0	3	5412	9836	15248	94763	152627	247390
"2011.07.31"	"China"	"Kashgar"	8	22	30	5420	9858	15278	94771	152649	247420
"2011.07.31"	"Afghanistan"	"Lashkar Gah"	13	12	25	5433	9870	15303	94784	152661	247445
"2011.07.31"	"Thailand"	"Narathiwat"	1	0	1	5434	9870	15304	94785	152661	247446
"2011.07.31"	"Somalia"	"Mogadishu"	1	0	1	5435	9870	15305	94786	152661	247447
"2011.08.01"	"Afghanistan"	"Nimroz"	3	3	6	5438	9873	15311	94789	152664	247453
"2011.08.01"	"Pakistan"	"Quetta"	2	3	5	5440	9876	15316	94791	152667	247458
"2011.08.01"	"Somalia"	"Mogadishu"	2	5	7	5442	9881	15323	94793	152672	247465
"2011.08.01"	"Iraq"	"Baghdad"	0	1	1	5442	9882	15324	94793	152673	247466
"2011.08.01"	"Pakistan"	"Munda"	3	0	3	5445	9882	15327	94796	152673	247469
"2011.08.01"	"Pakistan"	"Atariwal"	1	1	2	5446	9883	15329	94797	152674	247471
"2011.08.01"	"Pakistan"	"Dera Ismail Khan"	1	2	3	5447	9885	15332	94798	152676	247474
"2011.08.02"	"Iraq"	"Kirkuk"	0	23	23	5447	9908	15355	94798	152699	247497
"2011.08.02"	"Philippines"	"Cotabato"	2	9	11	5449	9917	15366	94800	152708	247508
"2011.08.02"	"Afghanistan"	"Kunduz"	4	10	14	5453	9927	15380	94804	152718	247522
"2011.08.02"	"Dagestan"	"Buynaksk"	2	1	3	5455	9928	15383	94806	152719	247525
"2011.08.02"	"Iraq"	"Abu Ghraib"	2	16	18	5457	9944	15401	94808	152735	247543
"2011.08.02"	"Pakistan"	"South Waziristan"	4	1	5	5461	9945	15406	94812	152736	247548
"2011.08.03"	"Thailand"	"Pattani"	1	0	1	5462	9945	15407	94813	152736	247549
"2011.08.03"	"Iraq"	"Baghdad"	1	0	1	5463	9945	15408	94814	152736	247550
"2011.08.03"	"Iraq"	"Ramadi"	9	13	22	5472	9958	15430	94823	152749	247572
"2011.08.03"	"Pakistan"	"Darra Adamkhel"	1	7	8	5473	9965	15438	94824	152756	247580
"2011.08.03"	"Afghanistan"	"Kandahar"	3	0	3	5476	9965	15441	94827	152756	247583
"2011.08.03"	"Iraq"	"Rasala"	4	14	18	5480	9979	15459	94831	152770	247601
"2011.08.03"	"Somalia"	"Sar-Kuusta"	4	8	12	5484	9987	15471	94835	152778	247613
"2011.08.04"	"Iraq"	"Baghdad"	1	13	14	5485	10000	15485	94836	152791	247627
"2011.08.04"	"Pakistan"	"Kukikhel"	1	0	1	5486	10000	15486	94837	152791	247628
"2011.08.04"	"Afghanistan"	"Ghazni"	2	0	2	5488	10000	15488	94839	152791	247630
"2011.08.04"	"Ingushetia"	"Nazran"	2	2	4	5490	10002	15492	94841	152793	247634
"2011.08.04"	"Afghanistan"	"Kunduz"	1	3	4	5491	10005	15496	94842	152796	247638
"2011.08.04"	"Thailand"	"Yala"	1	0	1	5492	10005	15497	94843	152796	247639
"2011.08.04"	"Thailand"	"Pattani"	2	0	2	5494	10005	15499	94845	152796	247641
"2011.08.05"	"Pakistan"	"Drigh Road"	1	0	1	5495	10005	15500	94846	152796	247642
"2011.08.05"	"Thailand"	"Pattani"	3	1	4	5498	10006	15504	94849	152797	247646
"2011.08.05"	"Iraq"	"Khalis"	3	2	5	5501	10008	15509	94852	152799	247651
"2011.08.05"	"Pakistan"	"Adezai"	1	0	1	5502	10008	15510	94853	152799	247652
"2011.08.06"	"Pakistan"	"Mohmand"	1	0	1	5503	10008	15511	94854	152799	247653
"2011.08.06"	"Iraq"	"Baghdad"	2	0	2	5505	10008	15513	94856	152799	247655
"2011.08.06"	"Iraq"	"Ramadi"	2	7	9	5507	10015	15522	94858	152806	247664
"2011.08.06"	"Pakistan"	"Karachi"	2	0	2	5509	10015	15524	94860	152806	247666
"2011.08.07"	"Iraq"	"Iskandariyah"	6	14	20	5515	10029	15544	94866	152820	247686
"2011.08.07"	"Iraq"	"Abu Ghraib"	2	2	4	5517	10031	15548	94868	152822	247690
"2011.08.07"	"Pakistan"	"Shalobar"	2	0	2	5519	10031	15550	94870	152822	247692
"2011.08.08"	"Egypt"	"Minya"	1	1	2	5520	10032	15552	94871	152823	247694
"2011.08.08"	"Iraq"	"Mosul"	4	1	5	5524	10033	15557	94875	152824	247699
"2011.08.08"	"Nigeria"	"Maiduguri"	1	0	1	5525	10033	15558	94876	152824	247700
"2011.08.08"	"Nigeria"	"Maiduguri"	1	0	1	5526	10033	15559	94877	152824	247701
"2011.08.08"	"Dagestan"	"Karamakhi"	1	0	1	5527	10033	15560	94878	152824	247702
"2011.08.09"	"Pakistan"	"Manshera"	1	0	1	5528	10033	15561	94879	152824	247703
"2011.08.09"	"Afghanistan"	"Dehrawod"	5	1	6	5533	10034	15567	94884	152825	247709
"2011.08.09"	"Afghanistan"	"Bala Bulok"	4	0	4	5537	10034	15571	94888	152825	247713
"2011.08.09"	"Dagestan"	"Kadar"	1	0	1	5538	10034	15572	94889	152825	247714
"2011.08.09"	"Thailand"	"Pattani"	1	0	1	5539	10034	15573	94890	152825	247715
"2011.08.10"	"Pakistan"	"Shadman"	1	0	1	5540	10034	15574	94891	152825	247716
"2011.08.11"	"Indonesia"	"Malei"	1	0	1	5541	10034	15575	94892	152825	247717
"2011.08.11"	"Nigeria"	"Ratsa Foron"	6	0	6	5547	10034	15581	94898	152825	247723
"2011.08.11"	"Iraq"	"Ramadi"	3	24	27	5550	10058	15608	94901	152849	247750
"2011.08.11"	"Pakistan"	"Chapperi"	2	0	2	5552	10058	15610	94903	152849	247752
"2011.08.11"	"Pakistan"	"Tirah Valley"	5	1	6	5557	10059	15616	94908	152850	247758
"2011.08.11"	"Pakistan"	"Peshawar"	6	17	23	5563	10076	15639	94914	152867	247781
"2011.08.11"	"Pakistan"	"Peshawar"	1	20	21	5564	10096	15660	94915	152887	247802
"2011.08.12"	"Dagestan"	"Kurush"	2	0	2	5566	10096	15662	94917	152887	247804
"2011.08.12"	"Iraq"	"Baghdad"	2	13	15	5568	10109	15677	94919	152900	247819
"2011.08.12"	"Pakistan"	"Peshawar"	3	3	6	5571	10112	15683	94922	152903	247825
"2011.08.12"	"Afghanistan"	"Wardak"	8	0	8	5579	10112	15691	94930	152903	247833
"2011.08.12"	"Nigeria"	"Ngala"	1	0	1	5580	10112	15692	94931	152903	247834
"2011.08.12"	"Dagestan"	"Khasavyurt"	2	0	2	5582	10112	15694	94933	152903	247836
"2011.08.12"	"Pakistan"	"Haridasnagar"	1	1	2	5583	10113	15696	94934	152904	247838
"2011.08.12"	"Pakistan"	"Bilal"	0	12	12	5583	10125	15708	94934	152916	247850
"2011.08.12"	"Indonesia"	"Sepe"	5	2	7	5588	10127	15715	94939	152918	247857
"2011.08.13"	"Pakistan"	"Lahore"	1	0	1	5589	10127	15716	94940	152918	247858
"2011.08.13"	"India"	"Kerala"	1	0	1	5590	10127	15717	94941	152918	247859
"2011.08.13"	"Dagestan"	"Makhachkala"	2	0	2	5592	10127	15719	94943	152918	247861
"2011.08.13"	"Dagestan"	"Boatshyurt"	4	0	4	5596	10127	15723	94947	152918	247865
"2011.08.13"	"Afghanistan"	"Helmand"	5	0	5	5601	10127	15728	94952	152918	247870
"2011.08.13"	"Dagestan"	"Khasavyurt"	1	1	2	5602	10128	15730	94953	152919	247872
"2011.08.13"	"Iraq"	"Baghdad"	1	0	1	5603	10128	15731	94954	152919	247873
"2011.08.14"	"Thailand"	"Pattani"	1	0	1	5604	10128	15732	94955	152919	247874
"2011.08.14"	"Pakistan"	"Miramshah"	3	25	28	5607	10153	15760	94958	152944	247902
"2011.08.14"	"Afghanistan"	"Charikar"	22	34	56	5629	10187	15816	94980	152978	247958
"2011.08.14"	"Algeria"	"Tizi Ouzou"	0	33	33	5629	10220	15849	94980	153011	247991
"2011.08.14"	"Iraq"	"Baghdad"	8	13	21	5637	10233	15870	94988	153024	248012
"2011.08.14"	"Ingushetia"	"Dattykh"	4	7	11	5641	10240	15881	94992	153031	248023
"2011.08.14"	"Pakistan"	"Karachi"	0	1	1	5641	10241	15882	94992	153032	248024
"2011.08.14"	"Pakistan"	"Karachi"	0	2	2	5641	10243	15884	94992	153034	248026
"2011.08.15"	"Afghanistan"	"Spin Boldak"	4	8	12	5645	10251	15896	94996	153042	248038
"2011.08.15"	"Nigeria"	"Heipang"	9	1	10	5654	10252	15906	95005	153043	248048
"2011.08.15"	"Nigeria"	"Foron"	3	0	3	5657	10252	15909	95008	153043	248051
"2011.08.15"	"Nigeria"	"Sokoto"	6	0	6	5663	10252	15915	95014	153043	248057
"2011.08.15"	"Iraq"	"Yusufiya"	7	0	7	5670	10252	15922	95021	153043	248064
"2011.08.15"	"Iraq"	"Karbala"	3	41	44	5673	10293	15966	95024	153084	248108
"2011.08.15"	"Iraq"	"Bani Sa'ad"	12	33	45	5685	10326	16011	95036	153117	248153
"2011.08.15"	"Iraq"	"Karbala"	3	41	44	5688	10367	16055	95039	153158	248197
"2011.08.15"	"Iraq"	"Tikrit"	6	10	16	5694	10377	16071	95045	153168	248213
"2011.08.15"	"Iraq"	"Najaf"	11	74	85	5705	10451	16156	95056	153242	248298
"2011.08.15"	"Yemen"	"al-Jouf"	14	5	19	5719	10456	16175	95070	153247	248317
"2011.08.15"	"Iraq"	"Kut"	42	75	117	5761	10531	16292	95112	153322	248434
"2011.08.15"	"Iraq"	"Kirkuk"	0	14	14	5761	10545	16306	95112	153336	248448
"2011.08.16"	"Pakistan"	"Karachi"	1	0	1	5762	10545	16307	95113	153336	248449
"2011.08.16"	"Iraq"	"Mosul"	8	12	20	5770	10557	16327	95121	153348	248469
"2011.08.16"	"Iraq"	"Buhriz"	2	0	2	5772	10557	16329	95123	153348	248471
"2011.08.16"	"Afghanistan"	"Kandahar"	1	0	1	5773	10557	16330	95124	153348	248472
"2011.08.16"	"Afghanistan"	"Uruzgan"	8	8	16	5781	10565	16346	95132	153356	248488
"2011.08.17"	"Algeria"	"Beni Aissa"	2	1	3	5783	10566	16349	95134	153357	248491
"2011.08.17"	"Thailand"	"Narathiwat"	3	0	3	5786	10566	16352	95137	153357	248494
"2011.08.17"	"Thailand"	"Pattani"	1	0	1	5787	10566	16353	95138	153357	248495
"2011.08.17"	"Iraq"	"Baghdad"	2	3	5	5789	10569	16358	95140	153360	248500
"2011.08.17"	"Iraq"	"Tarmiya"	2	7	9	5791	10576	16367	95142	153367	248509
"2011.08.17"	"Pakistan"	"Chamarkand"	2	0	2	5793	10576	16369	95144	153367	248511
"2011.08.18"	"Pakistan"	"Karachi"	3	0	3	5796	10576	16372	95147	153367	248514
"2011.08.18"	"Pakistan"	"Quetta"	1	0	1	5797	10576	16373	95148	153367	248515
"2011.08.18"	"Pakistan"	"Tirah"	1	0	1	5798	10576	16374	95149	153367	248516
"2011.08.18"	"Israel"	"Eilat"	8	30	38	5806	10606	16412	95157	153397	248554
"2011.08.18"	"Afghanistan"	"Gardez"	2	0	2	5808	10606	16414	95159	153397	248556
"2011.08.18"	"Afghanistan"	"Herat"	24	9	33	5832	10615	16447	95183	153406	248589
"2011.08.18"	"Egypt"	"Sinai"	6	0	6	5838	10615	16453	95189	153406	248595
"2011.08.18"	"Ingushetia"	"Nazran"	1	0	1	5839	10615	16454	95190	153406	248596
"2011.08.19"	"Thailand"	"Pattani"	2	0	2	5841	10615	16456	95192	153406	248598
"2011.08.19"	"Pakistan"	"Jamrud"	56	123	179	5897	10738	16635	95248	153529	248777
"2011.08.19"	"Israel"	"Ashdod"	0	10	10	5897	10748	16645	95248	153539	248787
"2011.08.19"	"Pakistan"	"Kurram"	3	3	6	5900	10751	16651	95251	153542	248793
"2011.08.19"	"Afghanistan"	"Kabul"	9	16	25	5909	10767	16676	95260	153558	248818
"2011.08.19"	"Somalia"	"Mogadishu"	7	0	7	5916	10767	16683	95267	153558	248825
"2011.08.20"	"Afghanistan"	"Kunar"	2	0	2	5918	10767	16685	95269	153558	248827
"2011.08.20"	"Israel"	"Beersheba"	1	8	9	5919	10775	16694	95270	153566	248836
"2011.08.20"	"India"	"Gurez"	1	2	3	5920	10777	16697	95271	153568	248839
"2011.08.20"	"Iraq"	"Hadid"	3	0	3	5923	10777	16700	95274	153568	248842
"2011.08.20"	"Afghanistan"	"Herat"	2	8	10	5925	10785	16710	95276	153576	248852
"2011.08.20"	"Afghanistan"	"Ghazni"	3	2	5	5928	10787	16715	95279	153578	248857
"2011.08.20"	"Nigeria"	"Borno"	4	0	4	5932	10787	16719	95283	153578	248861
"2011.08.21"	"Nigeria"	"Riyom"	6	0	6	5938	10787	16725	95289	153578	248867
"2011.08.21"	"Dagestan"	"Makhachkala"	0	17	17	5938	10804	16742	95289	153595	248884
"2011.08.21"	"Pakistan"	"South Waziristan"	3	6	9	5941	10810	16751	95292	153601	248893
"2011.08.21"	"Afghanistan"	"Helmand"	1	0	1	5942	10810	16752	95293	153601	248894
"2011.08.21"	"Yemen"	"Moudia"	4	0	4	5946	10810	16756	95297	153601	248898
"2011.08.21"	"Yemen"	"Arqoup"	9	20	29	5955	10830	16785	95306	153621	248927
"2011.08.21"	"Thailand"	"Yala"	1	0	1	5956	10830	16786	95307	153621	248928
"2011.08.21"	"Nigeria"	"Bajju"	2	3	5	5958	10833	16791	95309	153624	248933
"2011.08.21"	"Afghanistan"	"Trekh Zaber"	1	0	1	5959	10833	16792	95310	153624	248934
"2011.08.22"	"Thailand"	"Narathiwat"	1	0	1	5960	10833	16793	95311	153624	248935
"2011.08.22"	"Iraq"	"Mosul"	4	3	7	5964	10836	16800	95315	153627	248942
"2011.08.22"	"Iraq"	"Baqubah"	2	0	2	5966	10836	16802	95317	153627	248944
"2011.08.22"	"Pakistan"	"Khyber"	2	0	2	5968	10836	16804	95319	153627	248946
"2011.08.22"	"India"	"Handwara"	1	1	2	5969	10837	16806	95320	153628	248948
"2011.08.22"	"Afghanistan"	"Gereshk"	2	4	6	5971	10841	16812	95322	153632	248954
"2011.08.23"	"Yemen"	"Abyan"	8	28	36	5979	10869	16848	95330	153660	248990
"2011.08.23"	"Pakistan"	"Datta Khel"	1	0	1	5980	10869	16849	95331	153660	248991
"2011.08.23"	"Afghanistan"	"Balkh"	2	3	5	5982	10872	16854	95333	153663	248996
"2011.08.23"	"Nigeria"	"Maiduguri"	1	1	2	5983	10873	16856	95334	153664	248998
"2011.08.23"	"Thailand"	"Pattani"	2	14	16	5985	10887	16872	95336	153678	249014
"2011.08.23"	"Algeria"	"Taouarga"	1	2	3	5986	10889	16875	95337	153680	249017
"2011.08.24"	"Thailand"	"Pattani"	1	0	1	5987	10889	16876	95338	153680	249018
"2011.08.24"	"Iraq"	"Diyala"	5	9	14	5992	10898	16890	95343	153689	249032
"2011.08.24"	"Afghanistan"	"Paktia"	3	9	12	5995	10907	16902	95346	153698	249044
"2011.08.24"	"Iraq"	"Ramadi"	6	8	14	6001	10915	16916	95352	153706	249058
"2011.08.24"	"Iraq"	"Ramadi"	2	7	9	6003	10922	16925	95354	153713	249067
"2011.08.24"	"India"	"Avdesh"	2	0	2	6005	10922	16927	95356	153713	249069
"2011.08.24"	"Thailand"	"Songkhla"	2	0	2	6007	10922	16929	95358	153713	249071
"2011.08.24"	"Thailand"	"Pattani"	1	0	1	6008	10922	16930	95359	153713	249072
"2011.08.25"	"Iraq"	"Fallujah"	9	34	43	6017	10956	16973	95368	153747	249115
"2011.08.25"	"India"	"Baramulla"	2	15	17	6019	10971	16990	95370	153762	249132
"2011.08.25"	"Iraq"	"Basra"	3	50	53	6022	11021	17043	95373	153812	249185
"2011.08.25"	"Pakistan"	"Nowshera"	12	17	29	6034	11038	17072	95385	153829	249214
"2011.08.25"	"Thailand"	"Yala"	2	9	11	6036	11047	17083	95387	153838	249225
"2011.08.25"	"Somalia"	"Mogadishu"	1	0	1	6037	11047	17084	95388	153838	249226
"2011.08.25"	"Iraq"	"Jbela"	3	1	4	6040	11048	17088	95391	153839	249230
"2011.08.25"	"Nigeria"	"Gombi"	16	12	28	6056	11060	17116	95407	153851	249258
"2011.08.26"	"Norway"	"Jaeren"	0	1	1	6056	11061	17117	95407	153852	249259
"2011.08.26"	"Nigeria"	"Abuja"	23	68	91	6079	11129	17208	95430	153920	249350
"2011.08.26"	"Afghanistan"	"Herat"	1	10	11	6080	11139	17219	95431	153930	249361
"2011.08.26"	"Thailand"	"Narathiwat"	1	0	1	6081	11139	17220	95432	153930	249362
"2011.08.26"	"Algeria"	"Cherchell"	18	26	44	6099	11165	17264	95450	153956	249406
"2011.08.26"	"Somalia"	"Mogadishu"	2	0	2	6101	11165	17266	95452	153956	249408
"2011.08.26"	"Thailand"	"Narathiwat"	5	1	6	6106	11166	17272	95457	153957	249414
"2011.08.27"	"Thailand"	"Yala"	1	0	1	6107	11166	17273	95458	153957	249415
"2011.08.27"	"Somalia"	"Mogadishu"	1	1	2	6108	11167	17275	95459	153958	249417
"2011.08.27"	"Pakistan"	"Chitral"	32	9	41	6140	11176	17316	95491	153967	249458
"2011.08.27"	"Pakistan"	"Kohat"	1	0	1	6141	11176	17317	95492	153967	249459
"2011.08.27"	"Afghanistan"	"Lashkar Gah"	4	21	25	6145	11197	17342	95496	153988	249484
"2011.08.27"	"Afghanistan"	"Kandahar"	4	19	23	6149	11216	17365	95500	154007	249507
"2011.08.27"	"Iraq"	"Baghdad"	8	15	23	6157	11231	17388	95508	154022	249530
"2011.08.27"	"Algeria"	"Ataq"	2	3	5	6159	11234	17393	95510	154025	249535
"2011.08.27"	"Iraq"	"Fallujah"	2	0	2	6161	11234	17395	95512	154025	249537
"2011.08.27"	"Nigeria"	"Maiduguri"	1	0	1	6162	11234	17396	95513	154025	249538
"2011.08.28"	"Iraq"	"Salman Pak"	1	4	5	6163	11238	17401	95514	154029	249543
"2011.08.28"	"Pakistan"	"Punjab"	3	6	9	6166	11244	17410	95517	154035	249552
"2011.08.28"	"Yemen"	"Dofas"	17	45	62	6183	11289	17472	95534	154080	249614
"2011.08.28"	"Thailand"	"Pattani"	1	0	1	6184	11289	17473	95535	154080	249615
"2011.08.28"	"Pakistan"	"Faisalabad"	0	1	1	6184	11290	17474	95535	154081	249616
"2011.08.28"	"Afghanistan"	"Takhar"	2	0	2	6186	11290	17476	95537	154081	249618
"2011.08.28"	"Iraq"	"Baghdad"	29	37	66	6215	11327	17542	95566	154118	249684
"2011.08.29"	"Nigeria"	"Jos"	2	1	3	6217	11328	17545	95568	154119	249687
"2011.08.29"	"Israel"	"Tel Aviv"	0	8	8	6217	11336	17553	95568	154127	249695
"2011.08.29"	"Iraq"	"Baqubah"	3	2	5	6220	11338	17558	95571	154129	249700
"2011.08.29"	"Iraq"	"Mosul"	2	9	11	6222	11347	17569	95573	154138	249711
"2011.08.30"	"Chechnya"	"Grozny"	9	22	31	6231	11369	17600	95582	154160	249742
"2011.08.31"	"Pakistan"	"Quetta"	11	22	33	6242	11391	17633	95593	154182	249775
"2011.08.31"	"Iraq"	"Baghdad"	5	22	27	6247	11413	17660	95598	154204	249802
"2011.08.31"	"Ingushetia"	"Nazran"	2	0	2	6249	11413	17662	95600	154204	249804
"2011.09.01"	"Pakistan"	"Lakki Marwat"	5	35	40	6254	11448	17702	95605	154239	249844
"2011.09.01"	"Dagestan"	"Khasavyurt"	1	3	4	6255	11451	17706	95606	154242	249848
"2011.09.01"	"Pakistan"	"Kurram"	7	1	8	6262	11452	17714	95613	154243	249856
"2011.09.02"	"Ingushetia"	"Nesterovskaya"	1	0	1	6263	11452	17715	95614	154243	249857
"2011.09.02"	"Iraq"	"Baghdad"	1	0	1	6264	11452	17716	95615	154243	249858
"2011.09.02"	"Somalia"	"Hudur"	1	0	1	6265	11452	17717	95616	154243	249859
"2011.09.03"	"Kenya"	"Madera"	1	3	4	6266	11455	17721	95617	154246	249863
"2011.09.03"	"Yemen"	"Aden"	3	7	10	6269	11462	17731	95620	154253	249873
"2011.09.04"	"Iran"	"Ahvaz"	3	0	3	6272	11462	17734	95623	154253	249876
"2011.09.04"	"Nigeria"	"Zannari"	1	0	1	6273	11462	17735	95624	154253	249877
"2011.09.04"	"Iraq"	"Mosul"	1	1	2	6274	11463	17737	95625	154254	249879
"2011.09.04"	"Afghanistan"	"Kandahar"	3	21	24	6277	11484	17761	95628	154275	249903
"2011.09.04"	"Pakistan"	"Godhra"	5	7	12	6282	11491	17773	95633	154282	249915
"2011.09.04"	"Pakistan"	"Mariamabad"	1	0	1	6283	11491	17774	95634	154282	249916
"2011.09.05"	"Pakistan"	"Humrang Beebak"	2	0	2	6285	11491	17776	95636	154282	249918
"2011.09.05"	"Nigeria"	"Dabwak"	4	0	4	6289	11491	17780	95640	154282	249922
"2011.09.05"	"Nigeria"	"Tatu"	8	0	8	6297	11491	17788	95648	154282	249930
"2011.09.05"	"Afghanistan"	"Parwan"	2	0	2	6299	11491	17790	95650	154282	249932
"2011.09.05"	"Afghanistan"	"Qaisar"	5	0	5	6304	11491	17795	95655	154282	249937
"2011.09.05"	"Thailand"	"Pattani"	2	1	3	6306	11492	17798	95657	154283	249940
"2011.09.05"	"Pakistan"	"Faisalabad"	1	0	1	6307	11492	17799	95658	154283	249941
"2011.09.05"	"Iraq"	"Kirkuk"	2	0	2	6309	11492	17801	95660	154283	249943
"2011.09.05"	"Nigeria"	"Zakalio"	7	0	7	6316	11492	17808	95667	154283	249950
"2011.09.06"	"Afghanistan"	"Kabul"	1	0	1	6317	11492	17809	95668	154283	249951
"2011.09.06"	"Thailand"	"Narathiwat"	2	5	7	6319	11497	17816	95670	154288	249958
"2011.09.06"	"Thailand"	"Yala"	1	0	1	6320	11497	17817	95671	154288	249959
"2011.09.06"	"Yemen"	"Abyan"	5	3	8	6325	11500	17825	95676	154291	249967
"2011.09.06"	"Nigeria"	"Kuru"	14	13	27	6339	11513	17852	95690	154304	249994
"2011.09.06"	"Nigeria"	"Zakaleo"	4	0	4	6343	11513	17856	95694	154304	249998
"2011.09.06"	"Iraq"	"Anbar"	9	0	9	6352	11513	17865	95703	154304	250007
"2011.09.07"	"Iraq"	"Baghdad"	1	6	7	6353	11519	17872	95704	154310	250014
"2011.09.07"	"Iraq"	"Dujail"	1	0	1	6354	11519	17873	95705	154310	250015
"2011.09.07"	"Pakistan"	"Quetta"	26	80	106	6380	11599	17979	95731	154390	250121
"2011.09.07"	"India"	"New Delhi"	15	89	104	6395	11688	18083	95746	154479	250225
"2011.09.08"	"Afghanistan"	"Sangin"	7	5	12	6402	11693	18095	95753	154484	250237
"2011.09.08"	"Somalia"	"Coast"	1	2	3	6403	11695	18098	95754	154486	250240
"2011.09.08"	"Afghanistan"	"Khost"	5	0	5	6408	11695	18103	95759	154486	250245
"2011.09.08"	"Thailand"	"Narathiwat"	1	0	1	6409	11695	18104	95760	154486	250246
"2011.09.08"	"Afghanistan"	"Herat"	3	0	3	6412	11695	18107	95763	154486	250249
"2011.09.08"	"Nigeria"	"Tsohon Foron"	10	0	10	6422	11695	18117	95773	154486	250259
"2011.09.09"	"Somalia"	"Mogadishu"	5	10	15	6427	11705	18132	95778	154496	250274
"2011.09.09"	"Afghanistan"	"Manogai"	4	0	4	6431	11705	18136	95782	154496	250278
"2011.09.09"	"Nigeria"	"Barkin Ladi"	9	0	9	6440	11705	18145	95791	154496	250287
"2011.09.09"	"Nigeria"	"Kunsen Gashish"	3	0	3	6443	11705	18148	95794	154496	250290
"2011.09.09"	"Pakistan"	"Islamabad"	1	0	1	6444	11705	18149	95795	154496	250291
"2011.09.09"	"Thailand"	"Narathiwat"	1	0	1	6445	11705	18150	95796	154496	250292
"2011.09.10"	"Afghanistan"	"Bagram"	2	0	2	6447	11705	18152	95798	154496	250294
"2011.09.10"	"Afghanistan"	"Ghazni"	1	0	1	6448	11705	18153	95799	154496	250295
"2011.09.10"	"Nigeria"	"Vwang Fwil"	14	6	20	6462	11711	18173	95813	154502	250315
"2011.09.10"	"Yemen"	"Zinjibar"	2	4	6	6464	11715	18179	95815	154506	250321
"2011.09.11"	"Afghanistan"	"Charkh"	6	0	6	6470	11715	18185	95821	154506	250327
"2011.09.11"	"Iraq"	"Baquba"	1	7	8	6471	11722	18193	95822	154513	250335
"2011.09.11"	"Iraq"	"Taji"	3	0	3	6474	11722	18196	95825	154513	250338
"2011.09.11"	"Kenya"	"Lamu"	1	1	2	6475	11723	18198	95826	154514	250340
"2011.09.11"	"Afghanistan"	"Wardak"	5	94	99	6480	11817	18297	95831	154608	250439
"2011.09.11"	"Afghanistan"	"Bermel"	6	9	15	6486	11826	18312	95837	154617	250454
"2011.09.11"	"Afghanistan"	"Gortepa"	5	0	5	6491	11826	18317	95842	154617	250459
"2011.09.11"	"Afghanistan"	"Herat"	3	0	3	6494	11826	18320	95845	154617	250462
"2011.09.11"	"England"	"London"	0	2	2	6494	11828	18322	95845	154619	250464
"2011.09.11"	"USA"	"Waltham"	3	0	3	6497	11828	18325	95848	154619	250467
"2011.09.12"	"Nigeria"	"Maiduguri"	4	0	4	6501	11828	18329	95852	154619	250471
"2011.09.12"	"Indonesia"	"Maluku"	6	80	86	6507	11908	18415	95858	154699	250557
"2011.09.12"	"Nigeria"	"Misau"	7	7	14	6514	11915	18429	95865	154706	250571
"2011.09.12"	"Iraq"	"Anbar"	22	0	22	6536	11915	18451	95887	154706	250593
"2011.09.12"	"Yemen"	"Aden"	1	0	1	6537	11915	18452	95888	154706	250594
"2011.09.12"	"Iraq"	"Mosul"	1	0	1	6538	11915	18453	95889	154706	250595
"2011.09.13"	"Pakistan"	"Lakki"	2	0	2	6540	11915	18455	95891	154706	250597
"2011.09.13"	"Pakistan"	"Khyber"	3	3	6	6543	11918	18461	95894	154709	250603
"2011.09.13"	"Iraq"	"Taji"	1	9	10	6544	11927	18471	95895	154718	250613
"2011.09.13"	"Afghanistan"	"Kabul"	21	31	52	6565	11958	18523	95916	154749	250665
"2011.09.13"	"Pakistan"	"Matani"	5	19	24	6570	11977	18547	95921	154768	250689
"2011.09.13"	"Somalia"	"Dhusamareb"	2	6	8	6572	11983	18555	95923	154774	250697
"2011.09.14"	"Iraq"	"Ramadai"	6	10	16	6578	11993	18571	95929	154784	250713
"2011.09.14"	"Thailand"	"Narathiwat"	2	2	4	6580	11995	18575	95931	154786	250717
"2011.09.14"	"Iraq"	"Hillah"	17	46	63	6597	12041	18638	95948	154832	250780
"2011.09.14"	"Pakistan"	"Bannu"	3	1	4	6600	12042	18642	95951	154833	250784
"2011.09.14"	"Afghanistan"	"Helmand"	2	8	10	6602	12050	18652	95953	154841	250794
"2011.09.14"	"Pakistan"	"Lahore"	1	0	1	6603	12050	18653	95954	154841	250795
"2011.09.14"	"Pakistan"	"Tirah"	1	0	1	6604	12050	18654	95955	154841	250796
"2011.09.15"	"Dagestan"	"Kadar"	1	0	1	6605	12050	18655	95956	154841	250797
"2011.09.15"	"Pakistan"	"Lower Dir"	45	62	107	6650	12112	18762	96001	154903	250904
"2011.09.15"	"Thailand"	"Pattani"	5	1	6	6655	12113	18768	96006	154904	250910
"2011.09.16"	"Iraq"	"Baghdad"	4	2	6	6659	12115	18774	96010	154906	250916
"2011.09.16"	"Thailand"	"Narathiwat"	6	118	124	6665	12233	18898	96016	155024	251040
"2011.09.16"	"Thailand"	"Yala"	2	3	5	6667	12236	18903	96018	155027	251045
"2011.09.16"	"Nigeria"	"Maiduguri"	1	0	1	6668	12236	18904	96019	155027	251046
"2011.09.17"	"Afghanistan"	"Faryab"	9	1	10	6677	12237	18914	96028	155028	251056
"2011.09.17"	"Iraq"	"Mosul"	3	0	3	6680	12237	18917	96031	155028	251059
"2011.09.17"	"Pakistan"	"Akka Khel"	5	3	8	6685	12240	18925	96036	155031	251067
"2011.09.18"	"Nigeria"	"Bitaro"	3	8	11	6688	12248	18936	96039	155039	251078
"2011.09.18"	"Dagestan"	"Makhachkala"	1	0	1	6689	12248	18937	96040	155039	251079
"2011.09.18"	"Pakistan"	"Haider Khan"	3	0	3	6692	12248	18940	96043	155039	251082
"2011.09.19"	"Pakistan"	"Khyber"	1	1	2	6693	12249	18942	96044	155040	251084
"2011.09.19"	"Pakistan"	"Bajaur"	1	0	1	6694	12249	18943	96045	155040	251085
"2011.09.19"	"Afghanistan"	"Aqcha"	4	9	13	6698	12258	18956	96049	155049	251098
"2011.09.19"	"Afghanistan"	"Jowzjan"	5	0	5	6703	12258	18961	96054	155049	251103
"2011.09.19"	"Pakistan"	"Peshawar"	5	33	38	6708	12291	18999	96059	155082	251141
"2011.09.19"	"Pakistan"	"Karachi"	8	9	17	6716	12300	19016	96067	155091	251158
"2011.09.19"	"Pakistan"	"Miranshah"	1	0	1	6717	12300	19017	96068	155091	251159
"2011.09.20"	"Pakistan"	"Mastung"	26	6	32	6743	12306	19049	96094	155097	251191
"2011.09.20"	"Pakistan"	"Quetta"	3	1	4	6746	12307	19053	96097	155098	251195
"2011.09.20"	"Afghanistan"	"Kabul"	1	3	4	6747	12310	19057	96098	155101	251199
"2011.09.20"	"Iraq"	"Ramadi"	4	17	21	6751	12327	19078	96102	155118	251220
"2011.09.20"	"Iraq"	"Baghdad"	3	0	3	6754	12327	19081	96105	155118	251223
"2011.09.20"	"India"	"Samba"	1	1	2	6755	12328	19083	96106	155119	251225
"2011.09.21"	"Dagestan"	"Makhachkala"	6	50	56	6761	12378	19139	96112	155169	251281
"2011.09.21"	"Nigeria"	"Maiduguri"	2	0	2	6763	12378	19141	96114	155169	251283
"2011.09.21"	"Pakistan"	"Khwezai"	3	0	3	6766	12378	19144	96117	155169	251286
"2011.09.21"	"Israel"	"Samaria"	0	1	1	6766	12379	19145	96117	155170	251287
"2011.09.22"	"Thailand"	"Pattani"	1	0	1	6767	12379	19146	96118	155170	251288
"2011.09.22"	"Nigeria"	"Madala"	5	0	5	6772	12379	19151	96123	155170	251293
"2011.09.22"	"Pakistan"	"Chamarkand"	5	8	13	6777	12387	19164	96128	155178	251306
"2011.09.22"	"Thailand"	"Narathiwat"	1	0	1	6778	12387	19165	96129	155178	251307
"2011.09.22"	"Iraq"	"Iskandariyah"	2	20	22	6780	12407	19187	96131	155198	251329
"2011.09.22"	"Pakistan"	"Landikotal"	2	1	3	6782	12408	19190	96133	155199	251332
"2011.09.23"	"Pakistan"	"Quetta"	3	2	5	6785	12410	19195	96136	155201	251337
"2011.09.23"	"Dagestan"	"Makhachkala"	4	0	4	6789	12410	19199	96140	155201	251341
"2011.09.23"	"Iraq"	"Baghdad"	5	12	17	6794	12422	19216	96145	155213	251358
"2011.09.23"	"Iraq"	"Husseiniya"	4	17	21	6798	12439	19237	96149	155230	251379
"2011.09.23"	"Pakistan"	"Peshawar"	2	0	2	6800	12439	19239	96151	155230	251381
"2011.09.23"	"Israel"	"Kiryat Arba"	2	0	2	6802	12439	19241	96153	155230	251383
"2011.09.24"	"Afghanistan"	"Maywand"	7	4	11	6809	12443	19252	96160	155234	251394
"2011.09.24"	"Somalia"	"Mogadishu"	1	0	1	6810	12443	19253	96161	155234	251395
"2011.09.25"	"Iraq"	"Khalidiya"	2	6	8	6812	12449	19261	96163	155240	251403
"2011.09.25"	"Iraq"	"Karbala"	17	113	130	6829	12562	19391	96180	155353	251533
"2011.09.25"	"Philippines"	"Talipao"	3	8	11	6832	12570	19402	96183	155361	251544
"2011.09.25"	"Indonesia"	"Solo"	2	20	22	6834	12590	19424	96185	155381	251566
"2011.09.25"	"Afghanistan"	"Yahya Khel"	2	2	4	6836	12592	19428	96187	155383	251570
"2011.09.25"	"Somalia"	"Deynile"	1	0	1	6837	12592	19429	96188	155383	251571
"2011.09.26"	"Mali"	"Bamako"	0	7	7	6837	12599	19436	96188	155390	251578
"2011.09.26"	"Afghanistan"	"Kabul"	1	1	2	6838	12600	19438	96189	155391	251580
"2011.09.26"	"Iraq"	"Diwaniya"	1	1	2	6839	12601	19440	96190	155392	251582
"2011.09.26"	"Iraq"	"Kirkuk"	3	1	4	6842	12602	19444	96193	155393	251586
"2011.09.27"	"Iraq"	"Baghdad"	3	10	13	6845	12612	19457	96196	155403	251599
"2011.09.27"	"Pakistan"	"Swat"	2	0	2	6847	12612	19459	96198	155403	251601
"2011.09.27"	"Pakistan"	"Islamabad"	2	0	2	6849	12612	19461	96200	155403	251603
"2011.09.27"	"Yemen"	"Aden"	2	10	12	6851	12622	19473	96202	155413	251615
"2011.09.27"	"Philippines"	"Sumisip"	6	5	11	6857	12627	19484	96208	155418	251626
"2011.09.27"	"Afghanistan"	"Shindand"	16	4	20	6873	12631	19504	96224	155422	251646
"2011.09.27"	"Afghanistan"	"Lashkar Gah"	2	26	28	6875	12657	19532	96226	155448	251674
"2011.09.27"	"Pakistan"	"Salarzai"	2	6	8	6877	12663	19540	96228	155454	251682
"2011.09.28"	"Iraq"	"Abu Ghraib"	5	7	12	6882	12670	19552	96233	155461	251694
"2011.09.28"	"Dagestan"	"Hajjalmakhi"	8	4	12	6890	12674	19564	96241	155465	251706
"2011.09.28"	"India"	"Batmaloo"	1	0	1	6891	12674	19565	96242	155465	251707
"2011.09.28"	"Thailand"	"Pattani"	1	0	1	6892	12674	19566	96243	155465	251708
"2011.09.28"	"Thailand"	"Narathiwat"	4	3	7	6896	12677	19573	96247	155468	251715
"2011.09.28"	"Afghanistan"	"Lashkar Gah"	8	3	11	6904	12680	19584	96255	155471	251726
"2011.09.28"	"Dagestan"	"Izberbash"	2	0	2	6906	12680	19586	96257	155471	251728
"2011.09.29"	"Pakistan"	"Chora"	1	0	1	6907	12680	19587	96258	155471	251729
"2011.09.29"	"Afghanistan"	"Herat"	3	2	5	6910	12682	19592	96261	155473	251734
"2011.09.29"	"Iraq"	"Kirkuk"	3	76	79	6913	12758	19671	96264	155549	251813
"2011.09.29"	"Egypt"	"Tamia"	1	2	3	6914	12760	19674	96265	155551	251816
"2011.09.30"	"Iraq"	"al-Khafaji"	17	30	47	6931	12790	19721	96282	155581	251863
"2011.10.01"	"Somalia"	"Dharkenley"	11	24	35	6942	12814	19756	96293	155605	251898
"2011.10.01"	"Iraq"	"Buhriz"	3	5	8	6945	12819	19764	96296	155610	251906
"2011.10.01"	"Iraq"	"Kirkuk"	1	0	1	6946	12819	19765	96297	155610	251907
"2011.10.01"	"Nigeria"	"Maiduguri"	2	0	2	6948	12819	19767	96299	155610	251909
"2011.10.01"	"Pakistan"	"Torghar"	4	15	19	6952	12834	19786	96303	155625	251928
"2011.10.01"	"Thailand"	"Narathiwat"	1	0	1	6953	12834	19787	96304	155625	251929
"2011.10.01"	"Thailand"	"Pattani"	1	0	1	6954	12834	19788	96305	155625	251930
"2011.10.01"	"Philippines"	"Patikul"	3	0	3	6957	12834	19791	96308	155625	251933
"2011.10.01"	"Pakistan"	"Sheikhupura"	1	0	1	6958	12834	19792	96309	155625	251934
"2011.10.01"	"Kenya"	"Manda Bay"	1	0	1	6959	12834	19793	96310	155625	251935
"2011.10.02"	"Nigeria"	"Maiduguri"	1	0	1	6960	12834	19794	96311	155625	251936
"2011.10.02"	"Iraq"	"Mosul"	1	0	1	6961	12834	19795	96312	155625	251937
"2011.10.02"	"Somalia"	"Mogadishu"	2	3	5	6963	12837	19800	96314	155628	251942
"2011.10.02"	"Syria"	"Damascus"	1	0	1	6964	12837	19801	96315	155628	251943
"2011.10.02"	"Afghanistan"	"Gardez"	9	4	13	6973	12841	19814	96324	155632	251956
"2011.10.02"	"Iraq"	"Mishahda"	4	3	7	6977	12844	19821	96328	155635	251963
"2011.10.02"	"Dagestan"	"Kizilyurt"	2	1	3	6979	12845	19824	96330	155636	251966
"2011.10.03"	"Afghanistan"	"Kandahar"	2	19	21	6981	12864	19845	96332	155655	251987
"2011.10.03"	"Iraq"	"Baghdad"	1	5	6	6982	12869	19851	96333	155660	251993
"2011.10.03"	"Iraq"	"Arab Jobour"	1	2	3	6983	12871	19854	96334	155662	251996
"2011.10.03"	"Iraq"	"Anbar"	6	13	19	6989	12884	19873	96340	155675	252015
"2011.10.03"	"Pakistan"	"Khuzdar"	1	1	2	6990	12885	19875	96341	155676	252017
"2011.10.03"	"Nigeria"	"Maiduguri"	2	0	2	6992	12885	19877	96343	155676	252019
"2011.10.04"	"Pakistan"	"Quetta"	14	6	20	7006	12891	19897	96357	155682	252039
"2011.10.04"	"Somalia"	"Mogadishu"	101	122	223	7107	13013	20120	96458	155804	252262
"2011.10.04"	"Nigeria"	"Tanjol"	1	1	2	7108	13014	20122	96459	155805	252264
"2011.10.05"	"Pakistan"	"Mian Channu"	1	38	39	7109	13052	20161	96460	155843	252303
"2011.10.05"	"Thailand"	"Narathiwat"	1	5	6	7110	13057	20167	96461	155848	252309
"2011.10.05"	"Yemen"	"Abyan"	2	0	2	7112	13057	20169	96463	155848	252311
"2011.10.05"	"Somalia"	"Belet Hawo"	1	0	1	7113	13057	20170	96464	155848	252312
"2011.10.06"	"Thailand"	"Narathiwat"	1	1	2	7114	13058	20172	96465	155849	252314
"2011.10.06"	"Pakistan"	"Faisalabad"	3	0	3	7117	13058	20175	96468	155849	252317
"2011.10.06"	"Afghanistan"	"Gereshk"	1	16	17	7118	13074	20192	96469	155865	252334
"2011.10.07"	"Pakistan"	"Rawalpindi"	0	24	24	7118	13098	20216	96469	155889	252358
"2011.10.07"	"Pakistan"	"Malik Garhi"	2	0	2	7120	13098	20218	96471	155889	252360
"2011.10.07"	"Iraq"	"Itafiyah"	5	20	25	7125	13118	20243	96476	155909	252385
"2011.10.08"	"Yemen"	"Aden"	1	7	8	7126	13125	20251	96477	155916	252393
"2011.10.08"	"Iraq"	"Kirkuk"	1	1	2	7127	13126	20253	96478	155917	252395
"2011.10.09"	"Pakistan"	"Maidan"	2	0	2	7129	13126	20255	96480	155917	252397
"2011.10.09"	"Philippines"	"Zamboanga"	0	13	13	7129	13139	20268	96480	155930	252410
"2011.10.09"	"Egypt"	"Cairo"	27	329	356	7156	13468	20624	96507	156259	252766
"2011.10.09"	"Somalia"	"Mogadishu"	12	40	52	7168	13508	20676	96519	156299	252818
"2011.10.10"	"Afghanistan"	"Dangam"	6	2	8	7174	13510	20684	96525	156301	252826
"2011.10.10"	"Pakistan"	"Chadrarh"	2	0	2	7176	13510	20686	96527	156301	252828
"2011.10.10"	"Nigeria"	"Maiduguri"	2	2	4	7178	13512	20690	96529	156303	252832
"2011.10.10"	"Iraq"	"Baghdad"	13	22	35	7191	13534	20725	96542	156325	252867
"2011.10.11"	"Iraq"	"Garma"	1	0	1	7192	13534	20726	96543	156325	252868
"2011.10.11"	"Somalia"	"Mogadishu"	1	0	1	7193	13534	20727	96544	156325	252869
"2011.10.11"	"Pakistan"	"Kalaya"	1	9	10	7194	13543	20737	96545	156334	252879
"2011.10.11"	"Pakistan"	"Dasht"	2	0	2	7196	13543	20739	96547	156334	252881
"2011.10.11"	"Dagestan"	"Makhachkala"	1	2	3	7197	13545	20742	96548	156336	252884
"2011.10.12"	"Iraq"	"Baghdad"	9	27	36	7206	13572	20778	96557	156363	252920
"2011.10.12"	"Iraq"	"Baghdad"	14	28	42	7220	13600	20820	96571	156391	252962
"2011.10.12"	"Pakistan"	"Khyber Pakhtunkhwa"	1	4	5	7221	13604	20825	96572	156395	252967
"2011.10.12"	"Thailand"	"Yala"	1	0	1	7222	13604	20826	96573	156395	252968
"2011.10.12"	"Iraq"	"Illam"	6	28	34	7228	13632	20860	96579	156423	253002
"2011.10.12"	"Pakistan"	"Korangi"	1	0	1	7229	13632	20861	96580	156423	253003
"2011.10.13"	"Iraq"	"Sadr City"	18	43	61	7247	13675	20922	96598	156466	253064
"2011.10.13"	"Nigeria"	"Maiduguri"	1	0	1	7248	13675	20923	96599	156466	253065
"2011.10.13"	"Iraq"	"Kirkuk"	1	42	43	7249	13717	20966	96600	156508	253108
"2011.10.13"	"Thailand"	"Pattani"	3	0	3	7252	13717	20969	96603	156508	253111
"2011.10.13"	"Thailand"	"Pattani"	3	0	3	7255	13717	20972	96606	156508	253114
"2011.10.14"	"Pakistan"	"Kharkai"	2	6	8	7257	13723	20980	96608	156514	253122
"2011.10.14"	"Iraq"	"Hilla"	10	40	50	7267	13763	21030	96618	156554	253172
"2011.10.14"	"Afghanistan"	"Spin Boldak"	3	5	8	7270	13768	21038	96621	156559	253180
"2011.10.14"	"Pakistan"	"Islamabad"	1	1	2	7271	13769	21040	96622	156560	253182
"2011.10.15"	"Thailand"	"Narathiwat"	1	0	1	7272	13769	21041	96623	156560	253183
"2011.10.15"	"Nigeria"	"Maiduguri"	1	0	1	7273	13769	21042	96624	156560	253184
"2011.10.15"	"Afghanistan"	"Panjshir"	2	2	4	7275	13771	21046	96626	156562	253188
"2011.10.15"	"Iraq"	"Baghdad"	1	0	1	7276	13771	21047	96627	156562	253189
"2011.10.16"	"Afghanistan"	"Gardez"	1	0	1	7277	13771	21048	96628	156562	253190
"2011.10.16"	"Nigeria"	"Gombe"	4	0	4	7281	13771	21052	96632	156562	253194
"2011.10.16"	"Nigeria"	"Maiduguri"	1	0	1	7282	13771	21053	96633	156562	253195
"2011.10.16"	"Afghanistan"	"Faryab"	1	4	5	7283	13775	21058	96634	156566	253200
"2011.10.16"	"Nigeria"	"Jos"	1	0	1	7284	13775	21059	96635	156566	253201
"2011.10.16"	"Egypt"	"Mallawy"	1	0	1	7285	13775	21060	96636	156566	253202
"2011.10.17"	"Algeria"	"Boumerdes"	1	2	3	7286	13777	21063	96637	156568	253205
"2011.10.17"	"Pakistan"	"Karachi"	1	0	1	7287	13777	21064	96638	156568	253206
"2011.10.17"	"Iraq"	"Baghdad"	7	18	25	7294	13795	21089	96645	156586	253231
"2011.10.17"	"Pakistan"	"Bara"	9	3	12	7303	13798	21101	96654	156589	253243
"2011.10.17"	"Pakistan"	"Orakzai"	1	0	1	7304	13798	21102	96655	156589	253244
"2011.10.18"	"Pakistan"	"Marot"	2	0	2	7306	13798	21104	96657	156589	253246
"2011.10.18"	"Iraq"	"Mosul"	1	0	1	7307	13798	21105	96658	156589	253247
"2011.10.18"	"Pakistan"	"Karachi"	3	0	3	7310	13798	21108	96661	156589	253250
"2011.10.18"	"Pakistan"	"Buner"	3	2	5	7313	13800	21113	96664	156591	253255
"2011.10.18"	"Philippines"	"Basilan"	19	14	33	7332	13814	21146	96683	156605	253288
"2011.10.18"	"Pakistan"	"Karachi"	1	0	1	7333	13814	21147	96684	156605	253289
"2011.10.18"	"Somalia"	"Mogadishu"	4	6	10	7337	13820	21157	96688	156611	253299
"2011.10.18"	"Thailand"	"Narathiwat"	1	0	1	7338	13820	21158	96689	156611	253300
"2011.10.18"	"Thailand"	"Pattani"	1	2	3	7339	13822	21161	96690	156613	253303
"2011.10.18"	"Pakistan"	"Bara"	3	3	6	7342	13825	21167	96693	156616	253309
"2011.10.18"	"Afghanistan"	"Gozara"	2	0	2	7344	13825	21169	96695	156616	253311
"2011.10.19"	"Nigeria"	"Maiduguri"	2	0	2	7346	13825	21171	96697	156616	253313
"2011.10.19"	"Iraq"	"Ramadi"	2	5	7	7348	13830	21178	96699	156621	253320
"2011.10.19"	"Iraq"	"Mosul"	2	0	2	7350	13830	21180	96701	156621	253322
"2011.10.19"	"Pakistan"	"Karachi"	1	0	1	7351	13830	21181	96702	156621	253323
"2011.10.19"	"Afghanistan"	"Badghis"	3	2	5	7354	13832	21186	96705	156623	253328
"2011.10.19"	"Yemen"	"Lahj"	2	12	14	7356	13844	21200	96707	156635	253342
"2011.10.19"	"Nigeria"	"Maiduguri"	2	0	2	7358	13844	21202	96709	156635	253344
"2011.10.19"	"Afghanistan"	"Zarghun"	5	0	5	7363	13844	21207	96714	156635	253349
"2011.10.20"	"Philippines"	"Alicia"	4	6	10	7367	13850	21217	96718	156641	253359
"2011.10.20"	"Somalia"	"Mogadishu"	10	2	12	7377	13852	21229	96728	156643	253371
"2011.10.20"	"Pakistan"	"Khyber"	4	3	7	7381	13855	21236	96732	156646	253378
"2011.10.20"	"Pakistan"	"Karachi"	1	0	1	7382	13855	21237	96733	156646	253379
"2011.10.20"	"Nigeria"	"Bauchi"	0	1	1	7382	13856	21238	96733	156647	253380
"2011.10.20"	"Nigeria"	"Yelwa"	1	0	1	7383	13856	21239	96734	156647	253381
"2011.10.21"	"Iraq"	"Mosul"	1	0	1	7384	13856	21240	96735	156647	253382
"2011.10.21"	"Pakistan"	"Bazai"	3	1	4	7387	13857	21244	96738	156648	253386
"2011.10.21"	"Philippines"	"Kabasalan"	3	8	11	7390	13865	21255	96741	156656	253397
"2011.10.22"	"Nigeria"	"Saminaka"	2	0	2	7392	13865	21257	96743	156656	253399
"2011.10.22"	"India"	"Anantapur"	0	1	1	7392	13866	21258	96743	156657	253400
"2011.10.22"	"Iraq"	"Ameriyat"	1	1	2	7393	13867	21260	96744	156658	253402
"2011.10.22"	"Nigeria"	"Maiduguri"	1	0	1	7394	13867	21261	96745	156658	253403
"2011.10.22"	"Israel"	"Kfar Iksa"	0	1	1	7394	13868	21262	96745	156659	253404
"2011.10.23"	"Thailand"	"Narathiwat"	2	1	3	7396	13869	21265	96747	156660	253407
"2011.10.23"	"Thailand"	"Narathiwat"	5	8	13	7401	13877	21278	96752	156668	253420
"2011.10.23"	"Afghanistan"	"Shindand"	2	0	2	7403	13877	21280	96754	156668	253422
"2011.10.23"	"Afghanistan"	"Zarghon"	4	2	6	7407	13879	21286	96758	156670	253428
"2011.10.23"	"Philippines"	"Lanao del Norte"	3	3	6	7410	13882	21292	96761	156673	253434
"2011.10.23"	"Philippines"	"Cabengbeng"	5	8	13	7415	13890	21305	96766	156681	253447
"2011.10.23"	"Iraq"	"Tikrit"	2	0	2	7417	13890	21307	96768	156681	253449
"2011.10.24"	"Iraq"	"Baghdad"	1	7	8	7418	13897	21315	96769	156688	253457
"2011.10.24"	"Iraq"	"Abu Ghraib"	1	3	4	7419	13900	21319	96770	156691	253461
"2011.10.24"	"Pakistan"	"Korangi"	2	1	3	7421	13901	21322	96772	156692	253464
"2011.10.24"	"Pakistan"	"Khyber Pakhtunkhwa"	2	2	4	7423	13903	21326	96774	156694	253468
"2011.10.24"	"Afghanistan"	"Maymanah"	1	6	7	7424	13909	21333	96775	156700	253475
"2011.10.24"	"Kenya"	"Nairobi"	1	10	11	7425	13919	21344	96776	156710	253486
"2011.10.24"	"Yemen"	"Aden"	2	0	2	7427	13919	21346	96778	156710	253488
"2011.10.24"	"Kenya"	"Nairobi"	0	14	14	7427	13933	21360	96778	156724	253502
"2011.10.24"	"Nigeria"	"Damaturu"	1	0	1	7428	13933	21361	96779	156724	253503
"2011.10.25"	"Pakistan"	"Bara"	1	0	1	7429	13933	21362	96780	156724	253504
"2011.10.25"	"Thailand"	"Yala"	3	34	37	7432	13967	21399	96783	156758	253541
"2011.10.25"	"Pakistan"	"Lower Dir"	4	3	7	7436	13970	21406	96787	156761	253548
"2011.10.25"	"Iraq"	"Baghdad"	5	13	18	7441	13983	21424	96792	156774	253566
"2011.10.26"	"Pakistan"	"Mohmand"	3	0	3	7444	13983	21427	96795	156774	253569
"2011.10.26"	"Philippines"	"Sangali"	1	8	9	7445	13991	21436	96796	156782	253578
"2011.10.26"	"Iraq"	"Mosul"	9	16	25	7454	14007	21461	96805	156798	253603
"2011.10.26"	"Iraq"	"Iskandiriyah"	2	2	4	7456	14009	21465	96807	156800	253607
"2011.10.26"	"Iraq"	"Khanaqin"	0	7	7	7456	14016	21472	96807	156807	253614
"2011.10.26"	"Iraq"	"Hilla"	2	0	2	7458	14016	21474	96809	156807	253616
"2011.10.26"	"Pakistan"	"Bajaur"	1	4	5	7459	14020	21479	96810	156811	253621
"2011.10.26"	"Pakistan"	"Faqir Kalay"	0	12	12	7459	14032	21491	96810	156823	253633
"2011.10.26"	"Pakistan"	"Tank"	2	0	2	7461	14032	21493	96812	156823	253635
"2011.10.26"	"Afghanistan"	"Parwan"	6	50	56	7467	14082	21549	96818	156873	253691
"2011.10.26"	"Pakistan"	"Bara"	1	0	1	7468	14082	21550	96819	156873	253692
"2011.10.27"	"Dagestan"	"Tabasaransky"	1	0	1	7469	14082	21551	96820	156873	253693
"2011.10.27"	"Iraq"	"Amiriya"	1	2	3	7470	14084	21554	96821	156875	253696
"2011.10.27"	"Iraq"	"Iskandariya"	2	2	4	7472	14086	21558	96823	156877	253700
"2011.10.27"	"Kenya"	"Mandera"	4	4	8	7476	14090	21566	96827	156881	253708
"2011.10.27"	"Iraq"	"Baghdad"	36	78	114	7512	14168	21680	96863	156959	253822
"2011.10.27"	"Kenya"	"Nairobi"	0	1	1	7512	14169	21681	96863	156960	253823
"2011.10.28"	"Afghanistan"	"Khost"	4	0	4	7516	14169	21685	96867	156960	253827
"2011.10.28"	"Pakistan"	"Karachi"	1	1	2	7517	14170	21687	96868	156961	253829
"2011.10.28"	"Pakistan"	"Shindhand"	2	0	2	7519	14170	21689	96870	156961	253831
"2011.10.28"	"Pakistan"	"Nowshera"	2	7	9	7521	14177	21698	96872	156968	253840
"2011.10.28"	"Iraq"	"Saadiyah"	3	1	4	7524	14178	21702	96875	156969	253844
"2011.10.28"	"Dagestan"	"Bairamaul"	1	1	2	7525	14179	21704	96876	156970	253846
"2011.10.28"	"Yemen"	"Aden"	1	3	4	7526	14182	21708	96877	156973	253850
"2011.10.28"	"Iraq"	"Baqubah"	2	2	4	7528	14184	21712	96879	156975	253854
"2011.10.28"	"Bosnia"	"Sarajevo"	0	1	1	7528	14185	21713	96879	156976	253855
"2011.10.29"	"Nigeria"	"Borno"	1	0	1	7529	14185	21714	96880	156976	253856
"2011.10.29"	"Somalia"	"Mogadishu"	10	0	10	7539	14185	21724	96890	156976	253866
"2011.10.29"	"Iraq"	"Baghdad"	1	0	1	7540	14185	21725	96891	156976	253867
"2011.10.29"	"Afghanistan"	"Kandahar"	4	9	13	7544	14194	21738	96895	156985	253880
"2011.10.29"	"Pakistan"	"Changa Manga"	1	0	1	7545	14194	21739	96896	156985	253881
"2011.10.29"	"Iraq"	"Deli Abbas"	1	0	1	7546	14194	21740	96897	156985	253882
"2011.10.29"	"Iraq"	"Khalis"	1	2	3	7547	14196	21743	96898	156987	253885
"2011.10.29"	"Iraq"	"Mosul"	1	0	1	7548	14196	21744	96899	156987	253886
"2011.10.29"	"Pakistan"	"Tank"	1	0	1	7549	14196	21745	96900	156987	253887
"2011.10.29"	"Afghanistan"	"Kabul"	17	8	25	7566	14204	21770	96917	156995	253912
"2011.10.30"	"Thailand"	"Songkla"	1	0	1	7567	14204	21771	96918	156995	253913
"2011.10.30"	"Israel"	"Ashkelon"	1	4	5	7568	14208	21776	96919	156999	253918
"2011.10.30"	"Thailand"	"Narathiwat"	3	0	3	7571	14208	21779	96922	156999	253921
"2011.10.30"	"Iraq"	"Mosul"	5	0	5	7576	14208	21784	96927	156999	253926
"2011.10.30"	"Iraq"	"Bani Saad"	2	1	3	7578	14209	21787	96929	157000	253929
"2011.10.30"	"Pakistan"	"Malir"	1	0	1	7579	14209	21788	96930	157000	253930
"2011.10.30"	"Pakistan"	"Jahlum"	2	0	2	7581	14209	21790	96932	157000	253932
"2011.10.31"	"Afghanistan"	"Kandahar"	6	5	11	7587	14214	21801	96938	157005	253943
"2011.10.31"	"Pakistan"	"Pakhtunkhwa"	3	0	3	7590	14214	21804	96941	157005	253946
"2011.10.31"	"Thailand"	"Sri Sakhon"	0	2	2	7590	14216	21806	96941	157007	253948
"2011.11.01"	"Pakistan"	"Sira Karpai"	2	2	4	7592	14218	21810	96943	157009	253952
"2011.11.01"	"Pakistan"	"Gilgit City"	1	0	1	7593	14218	21811	96944	157009	253953
"2011.11.02"	"Pakistan"	"Gilgit City"	1	0	1	7594	14218	21812	96945	157009	253954
"2011.11.02"	"Iraq"	"Mosul"	2	0	2	7596	14218	21814	96947	157009	253956
"2011.11.02"	"Iraq"	"Kirkuk"	1	1	2	7597	14219	21816	96948	157010	253958
"2011.11.02"	"Nigeria"	"Maiduguri"	1	0	1	7598	14219	21817	96949	157010	253959
"2011.11.02"	"Dagestan"	"Babayurt"	2	3	5	7600	14222	21822	96951	157013	253964
"2011.11.02"	"Thailand"	"Narathiwat"	6	2	8	7606	14224	21830	96957	157015	253972
"2011.11.02"	"Pakistan"	"Nasirabad"	2	6	8	7608	14230	21838	96959	157021	253980
"2011.11.02"	"Iraq"	"Basra"	12	62	74	7620	14292	21912	96971	157083	254054
"2011.11.02"	"Pakistan"	"Peshawar"	1	10	11	7621	14302	21923	96972	157093	254065
"2011.11.03"	"Iraq"	"Baqubah"	10	40	50	7631	14342	21973	96982	157133	254115
"2011.11.03"	"Iraq"	"Karradah"	4	7	11	7635	14349	21984	96986	157140	254126
"2011.11.03"	"Pakistan"	"Quetta"	1	0	1	7636	14349	21985	96987	157140	254127
"2011.11.03"	"Nigeria"	"Kaduna"	2	14	16	7638	14363	22001	96989	157154	254143
"2011.11.03"	"Afghanistan"	"Herat"	2	4	6	7640	14367	22007	96991	157158	254149
"2011.11.03"	"Afghanistan"	"Ghazni"	1	0	1	7641	14367	22008	96992	157158	254150
"2011.11.03"	"Nigeria"	"Zonkwa"	2	12	14	7643	14379	22022	96994	157170	254164
"2011.11.04"	"Nigeria"	"Zonkwa"	1	1	2	7644	14380	22024	96995	157171	254166
"2011.11.04"	"Thailand"	"Pattani"	2	0	2	7646	14380	22026	96997	157171	254168
"2011.11.04"	"Nigeria"	"Maiduguri"	4	6	10	7650	14386	22036	97001	157177	254178
"2011.11.04"	"Nigeria"	"Potiskum"	2	0	2	7652	14386	22038	97003	157177	254180
"2011.11.04"	"Nigeria"	"Potiskum"	150	200	350	7802	14586	22388	97153	157377	254530
"2011.11.04"	"Philippines"	"Malabang"	2	0	2	7804	14586	22390	97155	157377	254532
"2011.11.05"	"Pakistan"	"Razmak"	5	3	8	7809	14589	22398	97160	157380	254540
"2011.11.05"	"Pakistan"	"Speen Mella"	3	7	10	7812	14596	22408	97163	157387	254550
"2011.11.05"	"Iraq"	"Taji"	4	11	15	7816	14607	22423	97167	157398	254565
"2011.11.05"	"Kenya"	"Garissa"	2	3	5	7818	14610	22428	97169	157401	254570
"2011.11.06"	"Pakistan"	"Gilgit City"	1	0	1	7819	14610	22429	97170	157401	254571
"2011.11.06"	"Yemen"	"Zinjibar"	2	0	2	7821	14610	22431	97172	157401	254573
"2011.11.06"	"Pakistan"	"Abbottabad"	0	1	1	7821	14611	22432	97172	157402	254574
"2011.11.06"	"Pal. Auth."	"Qalqiliya"	1	0	1	7822	14611	22433	97173	157402	254575
"2011.11.06"	"Pakistan"	"Azam Warsak"	3	3	6	7825	14614	22439	97176	157405	254581
"2011.11.06"	"Pakistan"	"Bara Kaman Gara"	1	3	4	7826	14617	22443	97177	157408	254585
"2011.11.06"	"Iraq"	"Baghdad"	10	29	39	7836	14646	22482	97187	157437	254624
"2011.11.06"	"Afghanistan"	"Hassin Tal"	7	18	25	7843	14664	22507	97194	157455	254649
"2011.11.06"	"Nigeria"	"Maiduguri"	1	0	1	7844	14664	22508	97195	157455	254650
"2011.11.07"	"Pakistan"	"Swabi"	3	9	12	7847	14673	22520	97198	157464	254662
"2011.11.07"	"Pakistan"	"Taluka Chak"	3	1	4	7850	14674	22524	97201	157465	254666
"2011.11.07"	"Afghanistan"	"Garm Ser"	3	0	3	7853	14674	22527	97204	157465	254669
"2011.11.07"	"South Sudan"	"Guffa"	7	12	19	7860	14686	22546	97211	157477	254688
"2011.11.07"	"Pakistan"	"Sindh"	1	0	1	7861	14686	22547	97212	157477	254689
"2011.11.08"	"Afghanistan"	"Badghis"	11	3	14	7872	14689	22561	97223	157480	254703
"2011.11.08"	"Afghanistan"	"Sar Howza"	2	4	6	7874	14693	22567	97225	157484	254709
"2011.11.08"	"Somalia"	"Mogadishu"	2	5	7	7876	14698	22574	97227	157489	254716
"2011.11.08"	"Iraq"	"Samarrah"	3	7	10	7879	14705	22584	97230	157496	254726
"2011.11.08"	"Russia"	"Yaroslavl"	1	0	1	7880	14705	22585	97231	157496	254727
"2011.11.09"	"Yemen"	"Zinjibar"	2	0	2	7882	14705	22587	97233	157496	254729
"2011.11.09"	"Pakistan"	"Mardan"	2	0	2	7884	14705	22589	97235	157496	254731
"2011.11.09"	"Indonesia"	"Jakarta"	0	1	1	7884	14706	22590	97235	157497	254732
"2011.11.10"	"Nigeria"	"Kafanchan"	2	0	2	7886	14706	22592	97237	157497	254734
"2011.11.10"	"Afghanistan"	"Ghazni"	2	0	2	7888	14706	22594	97239	157497	254736
"2011.11.10"	"Iraq"	"Baghdad"	2	4	6	7890	14710	22600	97241	157501	254742
"2011.11.10"	"Pakistan"	"Akakhel"	4	0	4	7894	14710	22604	97245	157501	254746
"2011.11.10"	"Afghanistan"	"Chamkani"	3	3	6	7897	14713	22610	97248	157504	254752
"2011.11.10"	"Kosovo"	"Mitrovica"	1	2	3	7898	14715	22613	97249	157506	254755
"2011.11.10"	"Afghanistan"	"Lashkar Gah"	2	1	3	7900	14716	22616	97251	157507	254758
"2011.11.10"	"South Sudan"	"Yida"	12	20	32	7912	14736	22648	97263	157527	254790
"2011.11.10"	"Philippines"	"Carmen"	1	0	1	7913	14736	22649	97264	157527	254791
"2011.11.11"	"Iraq"	"Hillah"	2	6	8	7915	14742	22657	97266	157533	254799
"2011.11.12"	"Afghanistan"	"Mitram"	9	0	9	7924	14742	22666	97275	157533	254808
"2011.11.12"	"Pakistan"	"Charsadda"	1	1	2	7925	14743	22668	97276	157534	254810
"2011.11.12"	"Afghanistan"	"Khash Rod"	1	0	1	7926	14743	22669	97277	157534	254811
"2011.11.12"	"Kazakhstan"	"Taraz"	7	0	7	7933	14743	22676	97284	157534	254818
"2011.11.12"	"Pakistan"	"Karachi"	1	0	1	7934	14743	22677	97285	157534	254819
"2011.11.13"	"India"	"Kerala"	1	0	1	7935	14743	22678	97286	157534	254820
"2011.11.13"	"Dagestan"	"Mutsalaul"	1	0	1	7936	14743	22679	97287	157534	254821
"2011.11.13"	"Iraq"	"Tikrit"	3	11	14	7939	14754	22693	97290	157545	254835
"2011.11.13"	"Pakistan"	"Mastak"	9	6	15	7948	14760	22708	97299	157551	254850
"2011.11.13"	"Pakistan"	"Spah Darri"	6	0	6	7954	14760	22714	97305	157551	254856
"2011.11.13"	"Iraq"	"Kadhimiya"	1	4	5	7955	14764	22719	97306	157555	254861
"2011.11.14"	"Iraq"	"Mosul"	2	3	5	7957	14767	22724	97308	157558	254866
"2011.11.14"	"Pakistan"	"Gharyal"	2	0	2	7959	14767	22726	97310	157558	254868
"2011.11.14"	"Thailand"	"Narathiwat"	1	0	1	7960	14767	22727	97311	157558	254869
"2011.11.14"	"Pakistan"	"Nala"	4	5	9	7964	14772	22736	97315	157563	254878
"2011.11.14"	"Pakistan"	"Kohat"	1	8	9	7965	14780	22745	97316	157571	254887
"2011.11.14"	"Pakistan"	"Landhi"	1	0	1	7966	14780	22746	97317	157571	254888
"2011.11.14"	"Pakistan"	"Chowrangi"	1	1	2	7967	14781	22748	97318	157572	254890
"2011.11.15"	"Pakistan"	"Bahawalpur"	1	0	1	7968	14781	22749	97319	157572	254891
"2011.11.15"	"Afghanistan"	"Ghormach"	1	15	16	7969	14796	22765	97320	157587	254907
"2011.11.15"	"India"	"Kishtwar"	1	0	1	7970	14796	22766	97321	157587	254908
"2011.11.15"	"Somalia"	"Mogadishu"	1	9	10	7971	14805	22776	97322	157596	254918
"2011.11.15"	"Israel"	"Haifa"	0	1	1	7971	14806	22777	97322	157597	254919
"2011.11.16"	"Russia"	"Moscow"	1	0	1	7972	14806	22778	97323	157597	254920
"2011.11.16"	"Pakistan"	"Karachi"	2	0	2	7974	14806	22780	97325	157597	254922
"2011.11.16"	"Pakistan"	"Spori"	6	2	8	7980	14808	22788	97331	157599	254930
"2011.11.16"	"Jordan"	"Tafilah"	1	0	1	7981	14808	22789	97332	157599	254931
"2011.11.16"	"Pakistan"	"Karachi"	1	0	1	7982	14808	22790	97333	157599	254932
"2011.11.16"	"Iraq"	"Baghdad"	2	18	20	7984	14826	22810	97335	157617	254952
"2011.11.16"	"Thailand"	"Pattani"	2	0	2	7986	14826	22812	97337	157617	254954
"2011.11.17"	"Thailand"	"Narathiwat"	0	5	5	7986	14831	22817	97337	157622	254959
"2011.11.17"	"Somalia"	"Mogadishu"	4	12	16	7990	14843	22833	97341	157634	254975
"2011.11.17"	"Yemen"	"Aden"	1	0	1	7991	14843	22834	97342	157634	254976
"2011.11.17"	"Iraq"	"Mahmoudiya"	4	8	12	7995	14851	22846	97346	157642	254988
"2011.11.17"	"Egypt"	"Cairo"	0	32	32	7995	14883	22878	97346	157674	255020
"2011.11.17"	"Nigeria"	"Gargari"	4	6	10	7999	14889	22888	97350	157680	255030
"2011.11.17"	"Pakistan"	"Qamber"	2	0	2	8001	14889	22890	97352	157680	255032
"2011.11.18"	"Iraq"	"Abu Ghraib"	4	13	17	8005	14902	22907	97356	157693	255049
"2011.11.18"	"Iraq"	"Fallujah"	5	2	7	8010	14904	22914	97361	157695	255056
"2011.11.18"	"Afghanistan"	"Nangarhar"	4	6	10	8014	14910	22924	97365	157701	255066
"2011.11.18"	"Thailand"	"Pattani"	1	1	2	8015	14911	22926	97366	157702	255068
"2011.11.18"	"Nigeria"	"Maiduguri"	3	0	3	8018	14911	22929	97369	157702	255071
"2011.11.19"	"Yemen"	"al-Mukalla"	1	0	1	8019	14911	22930	97370	157702	255072
"2011.11.19"	"Pakistan"	"Shaidu"	1	1	2	8020	14912	22932	97371	157703	255074
"2011.11.19"	"Azerbaijan"	"Baku"	1	0	1	8021	14912	22933	97372	157703	255075
"2011.11.19"	"Iraq"	"Mussayab"	2	0	2	8023	14912	22935	97374	157703	255077
"2011.11.19"	"Iraq"	"Ramadi"	5	4	9	8028	14916	22944	97379	157707	255086
"2011.11.20"	"Pakistan"	"Karachi"	0	5	5	8028	14921	22949	97379	157712	255091
"2011.11.20"	"Iraq"	"Hillah"	4	0	4	8032	14921	22953	97383	157712	255095
"2011.11.20"	"Nigeria"	"Razat"	3	1	4	8035	14922	22957	97386	157713	255099
"2011.11.20"	"Pakistan"	"Sindh"	1	0	1	8036	14922	22958	97387	157713	255100
"2011.11.21"	"Nigeria"	"Barkin Ladi"	1	0	1	8037	14922	22959	97388	157713	255101
"2011.11.21"	"Thailand"	"Pattani"	0	9	9	8037	14931	22968	97388	157722	255110
"2011.11.21"	"Pakistan"	"Orakzai"	2	11	13	8039	14942	22981	97390	157733	255123
"2011.11.21"	"Iraq"	"Abbarah"	1	3	4	8040	14945	22985	97391	157736	255127
"2011.11.21"	"Thailand"	"Yala"	1	0	1	8041	14945	22986	97392	157736	255128
"2011.11.22"	"Pakistan"	"Karachi"	1	0	1	8042	14945	22987	97393	157736	255129
"2011.11.22"	"Pakistan"	"Pasni"	2	0	2	8044	14945	22989	97395	157736	255131
"2011.11.22"	"Pakistan"	"Quetta"	1	0	1	8045	14945	22990	97396	157736	255132
"2011.11.22"	"Pakistan"	"Mardan"	2	7	9	8047	14952	22999	97398	157743	255141
"2011.11.22"	"Pakistan"	"Dera Bugti"	5	11	16	8052	14963	23015	97403	157754	255157
"2011.11.22"	"Afghanistan"	"Alingar"	4	2	6	8056	14965	23021	97407	157756	255163
"2011.11.22"	"Somalia"	"Mogadishu"	11	4	15	8067	14969	23036	97418	157760	255178
"2011.11.23"	"Iraq"	"Diyala"	9	0	9	8076	14969	23045	97427	157760	255187
"2011.11.23"	"Nigeria"	"Yobe"	2	0	2	8078	14969	23047	97429	157760	255189
"2011.11.23"	"Afghanistan"	"Grishk"	1	1	2	8079	14970	23049	97430	157761	255191
"2011.11.23"	"Pakistan"	"Khurda Renala"	1	0	1	8080	14970	23050	97431	157761	255192
"2011.11.23"	"Nigeria"	"Sabon Layi"	4	0	4	8084	14970	23054	97435	157761	255196
"2011.11.23"	"Pakistan"	"Darbaan Kalan"	2	7	9	8086	14977	23063	97437	157768	255205
"2011.11.24"	"Nigeria"	"Kwok"	26	0	26	8112	14977	23089	97463	157768	255231
"2011.11.24"	"Nigeria"	"Barkin Ladi"	18	1	19	8130	14978	23108	97481	157769	255250
"2011.11.24"	"Iraq"	"Baghdad"	1	2	3	8131	14980	23111	97482	157771	255253
"2011.11.24"	"Iraq"	"Basra"	25	71	96	8156	15051	23207	97507	157842	255349
"2011.11.24"	"Thailand"	"Pattani"	2	0	2	8158	15051	23209	97509	157842	255351
"2011.11.24"	"Kenya"	"Mandera"	1	4	5	8159	15055	23214	97510	157846	255356
"2011.11.24"	"Thailand"	"Narathiwat"	3	0	3	8162	15055	23217	97513	157846	255359
"2011.11.24"	"Afghanistan"	"Bakwah"	10	7	17	8172	15062	23234	97523	157853	255376
"2011.11.24"	"Pakistan"	"Gujrat"	2	0	2	8174	15062	23236	97525	157853	255378
"2011.11.24"	"Saudi Arabia"	"Qatif"	4	9	13	8178	15071	23249	97529	157862	255391
"2011.11.25"	"Mali"	"Timbuktu"	1	0	1	8179	15071	23250	97530	157862	255392
"2011.11.25"	"Pakistan"	"Karachi"	1	0	1	8180	15071	23251	97531	157862	255393
"2011.11.25"	"Kenya"	"Garissa"	2	27	29	8182	15098	23280	97533	157889	255422
"2011.11.25"	"Kenya"	"Garissa"	1	0	1	8183	15098	23281	97534	157889	255423
"2011.11.25"	"Afghanistan"	"Gereshk"	2	0	2	8185	15098	23283	97536	157889	255425
"2011.11.25"	"Pakistan"	"Muzaffargarh"	0	2	2	8185	15100	23285	97536	157891	255427
"2011.11.26"	"Nigeria"	"Geidam"	4	20	24	8189	15120	23309	97540	157911	255451
"2011.11.26"	"India"	"Kakinara"	1	0	1	8190	15120	23310	97541	157911	255452
"2011.11.26"	"Pakistan"	"Rawalpindi"	2	0	2	8192	15120	23312	97543	157911	255454
"2011.11.26"	"Iraq"	"Baghdad"	7	28	35	8199	15148	23347	97550	157939	255489
"2011.11.26"	"Iraq"	"Abu Ghraib"	8	13	21	8207	15161	23368	97558	157952	255510
"2011.11.27"	"Philippines"	"Zamboanga"	3	27	30	8210	15188	23398	97561	157979	255540
"2011.11.27"	"Pakistan"	"Numaish Chowrangi"	2	8	10	8212	15196	23408	97563	157987	255550
"2011.11.27"	"Somalia"	"Afmadow"	2	0	2	8214	15196	23410	97565	157987	255552
"2011.11.27"	"Pakistan"	"Karachi"	2	0	2	8216	15196	23412	97567	157987	255554
"2011.11.27"	"Yemen"	"Damaj"	30	61	91	8246	15257	23503	97597	158048	255645
"2011.11.27"	"Nigeria"	"Borno"	2	0	2	8248	15257	23505	97599	158048	255647
"2011.11.27"	"Somalia"	"Mogadishu"	1	5	6	8249	15262	23511	97600	158053	255653
"2011.11.28"	"Iraq"	"Baghdad"	5	6	11	8254	15268	23522	97605	158059	255664
"2011.11.28"	"Iraq"	"Kirkuk"	1	13	14	8255	15281	23536	97606	158072	255678
"2011.11.28"	"Iraq"	"Taji"	19	24	43	8274	15305	23579	97625	158096	255721
"2011.11.29"	"Iraq"	"Samarra"	5	0	5	8279	15305	23584	97630	158096	255726
"2011.11.29"	"Pakistan"	"South Waziristan"	2	3	5	8281	15308	23589	97632	158099	255731
"2011.11.29"	"Thailand"	"Narathiwat"	1	0	1	8282	15308	23590	97633	158099	255732
"2011.11.29"	"Pakistan"	"Quetta"	1	0	1	8283	15308	23591	97634	158099	255733
"2011.11.30"	"Yemen"	"Aden"	2	0	2	8285	15308	23593	97636	158099	255735
"2011.11.30"	"Turkey"	"Istanbul"	0	2	2	8285	15310	23595	97636	158101	255737
"2011.11.30"	"Egypt"	"Ghorayzat"	2	3	5	8287	15313	23600	97638	158104	255742
"2011.11.30"	"Somalia"	"Mogadishu"	4	12	16	8291	15325	23616	97642	158116	255758
"2011.11.30"	"Pakistan"	"Hangu"	1	2	3	8292	15327	23619	97643	158118	255761
"2011.12.01"	"Thailand"	"Yala"	1	1	2	8293	15328	23621	97644	158119	255763
"2011.12.01"	"Iraq"	"Jil al-Said"	8	5	13	8301	15333	23634	97652	158124	255776
"2011.12.01"	"Iraq"	"Khalis"	10	25	35	8311	15358	23669	97662	158149	255811
"2011.12.02"	"Iraq"	"al-Sharqat"	3	2	5	8314	15360	23674	97665	158151	255816
"2011.12.02"	"Pakistan"	"Landi Kotal"	2	2	4	8316	15362	23678	97667	158153	255820
"2011.12.02"	"Pakistan"	"Khyber"	5	0	5	8321	15362	23683	97672	158153	255825
"2011.12.02"	"Yemen"	"Ghayl Ba Wazir"	2	3	5	8323	15365	23688	97674	158156	255830
"2011.12.02"	"Afghanistan"	"Logar"	1	84	85	8324	15449	23773	97675	158240	255915
"2011.12.02"	"Iraq"	"Taji"	4	7	11	8328	15456	23784	97679	158247	255926
"2011.12.03"	"Pakistan"	"Karachi"	2	0	2	8330	15456	23786	97681	158247	255928
"2011.12.03"	"Iraq"	"Zakho"	0	32	32	8330	15488	23818	97681	158279	255960
"2011.12.03"	"Iraq"	"Baaj"	3	0	3	8333	15488	23821	97684	158279	255963
"2011.12.03"	"Iraq"	"Iskandariya"	3	0	3	8336	15488	23824	97687	158279	255966
"2011.12.03"	"Iraq"	"Baghdad"	2	0	2	8338	15488	23826	97689	158279	255968
"2011.12.03"	"Yemen"	"Zinjibar"	5	0	5	8343	15488	23831	97694	158279	255973
"2011.12.03"	"Pakistan"	"Jaffarabad"	2	0	2	8345	15488	23833	97696	158279	255975
"2011.12.03"	"Nigeria"	"Maiduguri"	2	3	5	8347	15491	23838	97698	158282	255980
"2011.12.03"	"Kazakhstan"	"Boraldai"	2	0	2	8349	15491	23840	97700	158282	255982
"2011.12.04"	"Thailand"	"Pattani"	1	0	1	8350	15491	23841	97701	158282	255983
"2011.12.04"	"Bangladesh"	"Dhaka"	0	1	1	8350	15492	23842	97701	158283	255984
"2011.12.04"	"Nigeria"	"Bauchi"	6	2	8	8356	15494	23850	97707	158285	255992
"2011.12.04"	"Iraq"	"Bayaa"	1	9	10	8357	15503	23860	97708	158294	256002
"2011.12.05"	"Iraq"	"Baghdad"	3	20	23	8360	15523	23883	97711	158314	256025
"2011.12.05"	"Iraq"	"Baghdad"	8	18	26	8368	15541	23909	97719	158332	256051
"2011.12.05"	"Iraq"	"Hillah"	22	63	85	8390	15604	23994	97741	158395	256136
"2011.12.05"	"Somalia"	"Bosaso"	1	0	1	8391	15604	23995	97742	158395	256137
"2011.12.05"	"Nigeria"	"Maiduguri"	2	0	2	8393	15604	23997	97744	158395	256139
"2011.12.05"	"Kenya"	"Dadaab"	1	3	4	8394	15607	24001	97745	158398	256143
"2011.12.05"	"Pakistan"	"Kohat"	2	11	13	8396	15618	24014	97747	158409	256156
"2011.12.05"	"Afghanistan"	"Chora"	5	6	11	8401	15624	24025	97752	158415	256167
"2011.12.05"	"Iraq"	"Latifiyah"	2	3	5	8403	15627	24030	97754	158418	256172
"2011.12.05"	"Pakistan"	"Jhang"	0	8	8	8403	15635	24038	97754	158426	256180
"2011.12.05"	"Kenya"	"Nairobi"	0	1	1	8403	15636	24039	97754	158427	256181
"2011.12.05"	"Syria"	"Homs"	36	0	36	8439	15636	24075	97790	158427	256217
"2011.12.06"	"Somalia"	"Mogadishu"	4	10	14	8443	15646	24089	97794	158437	256231
"2011.12.06"	"India"	"Pulwama"	1	0	1	8444	15646	24090	97795	158437	256232
"2011.12.06"	"Afghanistan"	"Mazar-i-Sharif"	4	21	25	8448	15667	24115	97799	158458	256257
"2011.12.06"	"Iraq"	"Kirkuk"	1	8	9	8449	15675	24124	97800	158466	256266
"2011.12.06"	"Afghanistan"	"Kabul"	80	134	214	8529	15809	24338	97880	158600	256480
"2011.12.06"	"Pakistan"	"Jhang"	0	6	6	8529	15815	24344	97880	158606	256486
"2011.12.06"	"Iraq"	"Kirkuk"	1	0	1	8530	15815	24345	97881	158606	256487
"2011.12.07"	"Iraq"	"Fallujah"	3	2	5	8533	15817	24350	97884	158608	256492
"2011.12.07"	"Iraq"	"Mosul"	2	0	2	8535	15817	24352	97886	158608	256494
"2011.12.07"	"Yemen"	"Dammaj"	3	0	3	8538	15817	24355	97889	158608	256497
"2011.12.07"	"Afghanistan"	"Sangin"	19	6	25	8557	15823	24380	97908	158614	256522
"2011.12.07"	"Thailand"	"Pattani"	1	0	1	8558	15823	24381	97909	158614	256523
"2011.12.07"	"Nigeria"	"Kaduna"	10	12	22	8568	15835	24403	97919	158626	256545
"2011.12.08"	"Yemen"	"Dammaj"	7	15	22	8575	15850	24425	97926	158641	256567
"2011.12.08"	"Pakistan"	"Khyber"	1	0	1	8576	15850	24426	97927	158641	256568
"2011.12.09"	"Pakistan"	"Karachi"	3	4	7	8579	15854	24433	97930	158645	256575
"2011.12.09"	"Afghanistan"	"Ghazi Abad"	6	8	14	8585	15862	24447	97936	158653	256589
"2011.12.09"	"Thailand"	"Yala"	1	0	1	8586	15862	24448	97937	158653	256590
"2011.12.09"	"Pakistan"	"Karachi"	1	0	1	8587	15862	24449	97938	158653	256591
"2011.12.10"	"Nigeria"	"Sapele"	0	1	1	8587	15863	24450	97938	158654	256592
"2011.12.10"	"Pakistan"	"Karachi"	1	7	8	8588	15870	24458	97939	158661	256600
"2011.12.10"	"Nigeria"	"Kukum Gida"	1	2	3	8589	15872	24461	97940	158663	256603
"2011.12.10"	"Afghanistan"	"Maiwand"	1	0	1	8590	15872	24462	97941	158663	256604
"2011.12.10"	"Afghanistan"	"Khakrez"	3	0	3	8593	15872	24465	97944	158663	256607
"2011.12.10"	"Afghanistan"	"Kunduz"	2	16	18	8595	15888	24483	97946	158679	256625
"2011.12.10"	"Yemen"	"Zinjibar"	2	36	38	8597	15924	24521	97948	158715	256663
"2011.12.10"	"Iraq"	"Kirkuk"	7	4	11	8604	15928	24532	97955	158719	256674
"2011.12.10"	"Pakistan"	"Sham"	1	3	4	8605	15931	24536	97956	158722	256678
"2011.12.10"	"Pakistan"	"Karachi"	3	0	3	8608	15931	24539	97959	158722	256681
"2011.12.10"	"Nigeria"	"Jos"	1	11	12	8609	15942	24551	97960	158733	256693
"2011.12.10"	"Pakistan"	"Landikotal"	1	0	1	8610	15942	24552	97961	158733	256694
"2011.12.10"	"Nigeria"	"Sapele"	0	1	1	8610	15943	24553	97961	158734	256695
"2011.12.11"	"India"	"Srinagar"	1	3	4	8611	15946	24557	97962	158737	256699
"2011.12.11"	"Kenya"	"Mandera"	1	12	13	8612	15958	24570	97963	158749	256712
"2011.12.11"	"Pakistan"	"Kharhy Mela"	3	0	3	8615	15958	24573	97966	158749	256715
"2011.12.11"	"Nigeria"	"Kagoro"	1	2	3	8616	15960	24576	97967	158751	256718
"2011.12.11"	"Nigeria"	"Gombe"	1	0	1	8617	15960	24577	97968	158751	256719
"2011.12.12"	"Afghanistan"	"Greshk"	6	2	8	8623	15962	24585	97974	158753	256727
"2011.12.12"	"Iraq"	"Baghdad"	2	6	8	8625	15968	24593	97976	158759	256735
"2011.12.12"	"Pakistan"	"Hangu"	4	4	8	8629	15972	24601	97980	158763	256743
"2011.12.12"	"Indonesia"	"Jakarta"	0	2	2	8629	15974	24603	97980	158765	256745
"2011.12.12"	"India"	"Sujna"	1	0	1	8630	15974	24604	97981	158765	256746
"2011.12.12"	"Nigeria"	"Borno"	4	0	4	8634	15974	24608	97985	158765	256750
"2011.12.12"	"Pakistan"	"Quetta"	1	0	1	8635	15974	24609	97986	158765	256751
"2011.12.12"	"Pakistan"	"Karachi"	0	53	53	8635	16027	24662	97986	158818	256804
"2011.12.12"	"Pakistan"	"Dadar"	1	0	1	8636	16027	24663	97987	158818	256805
"2011.12.13"	"Iraq"	"Baghdad"	1	5	6	8637	16032	24669	97988	158823	256811
"2011.12.13"	"Thailand"	"Pattani"	1	0	1	8638	16032	24670	97989	158823	256812
"2011.12.13"	"Yemen"	"Zinjibar"	3	11	14	8641	16043	24684	97992	158834	256826
"2011.12.13"	"Iraq"	"Mosul"	2	2	4	8643	16045	24688	97994	158836	256830
"2011.12.13"	"Iraq"	"Ishaqi"	2	3	5	8645	16048	24693	97996	158839	256835
"2011.12.13"	"Iraq"	"Fallujah"	3	5	8	8648	16053	24701	97999	158844	256843
"2011.12.13"	"Pakistan"	"Shalobar"	2	7	9	8650	16060	24710	98001	158851	256852
"2011.12.13"	"Pakistan"	"Bara"	4	4	8	8654	16064	24718	98005	158855	256860
"2011.12.13"	"Nigeria"	"Maiduguri"	4	11	15	8658	16075	24733	98009	158866	256875
"2011.12.13"	"Pakistan"	"Satellite Town"	1	0	1	8659	16075	24734	98010	158866	256876
"2011.12.14"	"Iraq"	"Mosul"	2	0	2	8661	16075	24736	98012	158866	256878
"2011.12.14"	"Lebanon"	"Ain al-Helweh"	1	0	1	8662	16075	24737	98013	158866	256879
"2011.12.14"	"Nigeria"	"Maiduguri"	2	3	5	8664	16078	24742	98015	158869	256884
"2011.12.14"	"Dagestan"	"Caspiisk"	1	0	1	8665	16078	24743	98016	158869	256885
"2011.12.14"	"Thailand"	"Narathiwat"	1	0	1	8666	16078	24744	98017	158869	256886
"2011.12.14"	"Pakistan"	"Quetta"	1	0	1	8667	16078	24745	98018	158869	256887
"2011.12.14"	"Pakistan"	"Landikotal"	2	0	2	8669	16078	24747	98020	158869	256889
"2011.12.14"	"Iraq"	"Tal Afar"	5	33	38	8674	16111	24785	98025	158902	256927
"2011.12.14"	"Afghanistan"	"Khanishin"	3	3	6	8677	16114	24791	98028	158905	256933
"2011.12.14"	"Pakistan"	"Bara"	2	1	3	8679	16115	24794	98030	158906	256936
"2011.12.15"	"Thailand"	"Yala"	2	1	3	8681	16116	24797	98032	158907	256939
"2011.12.15"	"Nigeria"	"Kano"	4	2	6	8685	16118	24803	98036	158909	256945
"2011.12.15"	"Nigeria"	"Maiduguri"	5	0	5	8690	16118	24808	98041	158909	256950
"2011.12.15"	"Saudi Arabia"	"Jeddah"	0	6	6	8690	16124	24814	98041	158915	256956
"2011.12.16"	"Pakistan"	"Muslim Dhand"	3	0	3	8693	16124	24817	98044	158915	256959
"2011.12.16"	"Pakistan"	"Bara"	1	4	5	8694	16128	24822	98045	158919	256964
"2011.12.16"	"Afghanistan"	"Kabul"	1	0	1	8695	16128	24823	98046	158919	256965
"2011.12.16"	"Iraq"	"Mosul"	1	0	1	8696	16128	24824	98047	158919	256966
"2011.12.17"	"Pakistan"	"Katasarai"	3	0	3	8699	16128	24827	98050	158919	256969
"2011.12.17"	"Afghanistan"	"Kandahar"	1	0	1	8700	16128	24828	98051	158919	256970
"2011.12.17"	"Thailand"	"Yala"	1	0	1	8701	16128	24829	98052	158919	256971
"2011.12.17"	"Iraq"	"Abu Ghraib"	3	2	5	8704	16130	24834	98055	158921	256976
"2011.12.17"	"Iraq"	"Baghdad"	1	0	1	8705	16130	24835	98056	158921	256977
"2011.12.17"	"Pakistan"	"Loralali"	1	0	1	8706	16130	24836	98057	158921	256978
"2011.12.18"	"Pakistan"	"Jhang"	2	0	2	8708	16130	24838	98059	158921	256980
"2011.12.18"	"Nigeria"	"Kano"	6	10	16	8714	16140	24854	98065	158931	256996
"2011.12.18"	"Lebanon"	"Ain al-Helweh"	1	3	4	8715	16143	24858	98066	158934	257000
"2011.12.18"	"Pakistan"	"Muzaffargarh"	1	3	4	8716	16146	24862	98067	158937	257004
"2011.12.19"	"Nigeria"	"Ungwan Rami"	5	6	11	8721	16152	24873	98072	158943	257015
"2011.12.19"	"Pakistan"	"Mastung"	1	0	1	8722	16152	24874	98073	158943	257016
"2011.12.19"	"Iraq"	"Kokjali"	1	1	2	8723	16153	24876	98074	158944	257018
"2011.12.19"	"Iraq"	"Mosul"	4	4	8	8727	16157	24884	98078	158948	257026
"2011.12.19"	"Iraq"	"Balad"	1	2	3	8728	16159	24887	98079	158950	257029
"2011.12.19"	"Kenya"	"Dadaab"	1	2	3	8729	16161	24890	98080	158952	257032
"2011.12.20"	"Iraq"	"Fallujah"	4	0	4	8733	16161	24894	98084	158952	257036
"2011.12.20"	"Pakistan"	"Huta"	1	0	1	8734	16161	24895	98085	158952	257037
"2011.12.21"	"Thailand"	"Pattani"	2	11	13	8736	16172	24908	98087	158963	257050
"2011.12.21"	"Pakistan"	"Karachi"	1	7	8	8737	16179	24916	98088	158970	257058
"2011.12.21"	"Thailand"	"Yala"	1	1	2	8738	16180	24918	98089	158971	257060
"2011.12.21"	"Afghanistan"	"Rawza"	5	0	5	8743	16180	24923	98094	158971	257065
"2011.12.22"	"Nigeria"	"Chibok"	2	0	2	8745	16180	24925	98096	158971	257067
"2011.12.22"	"Pakistan"	"Lahore"	0	1	1	8745	16181	24926	98096	158972	257068
"2011.12.22"	"Iraq"	"Baqubah"	5	0	5	8750	16181	24931	98101	158972	257073
"2011.12.22"	"Iraq"	"Kirkuk"	1	0	1	8751	16181	24932	98102	158972	257074
"2011.12.22"	"Iraq"	"Baghdad"	72	217	289	8823	16398	25221	98174	159189	257363
"2011.12.22"	"Nigeria"	"Damaturu"	4	0	4	8827	16398	25225	98178	159189	257367
"2011.12.22"	"Pakistan"	"Hangu"	0	4	4	8827	16402	25229	98178	159193	257371
"2011.12.22"	"Pakistan"	"Punjab"	0	16	16	8827	16418	25245	98178	159209	257387
"2011.12.23"	"Pakistan"	"Tank"	1	17	18	8828	16435	25263	98179	159226	257405
"2011.12.23"	"Somalia"	"Mataban"	3	0	3	8831	16435	25266	98182	159226	257408
"2011.12.23"	"Nigeria"	"Potiskum"	1	7	8	8832	16442	25274	98183	159233	257416
"2011.12.23"	"Nigeria"	"Damaturu"	4	0	4	8836	16442	25278	98187	159233	257420
"2011.12.23"	"Syria"	"Damascus"	44	166	210	8880	16608	25488	98231	159399	257630
"2011.12.23"	"Pakistan"	"Shadman"	2	2	4	8882	16610	25492	98233	159401	257634
"2011.12.24"	"Pakistan"	"Urmur"	1	3	4	8883	16613	25496	98234	159404	257638
"2011.12.24"	"Iraq"	"Mosul"	4	3	7	8887	16616	25503	98238	159407	257645
"2011.12.24"	"Iraq"	"Kirkuk"	3	1	4	8890	16617	25507	98241	159408	257649
"2011.12.24"	"India"	"Srinagar"	1	0	1	8891	16617	25508	98242	159408	257650
"2011.12.24"	"Uganda"	"Namasuba"	0	1	1	8891	16618	25509	98242	159409	257651
"2011.12.24"	"Kenya"	"Wajir"	0	6	6	8891	16624	25515	98242	159415	257657
"2011.12.24"	"Pakistan"	"Bannu"	9	17	26	8900	16641	25541	98251	159432	257683
"2011.12.24"	"Afghanistan"	"Takhta Pul"	3	0	3	8903	16641	25544	98254	159432	257686
"2011.12.24"	"Nigeria"	"Maiduguri"	11	0	11	8914	16641	25555	98265	159432	257697
"2011.12.25"	"Iraq"	"Dujail"	2	20	22	8916	16661	25577	98267	159452	257719
"2011.12.25"	"Iraq"	"Garma"	6	2	8	8922	16663	25585	98273	159454	257727
"2011.12.25"	"Iraq"	"Mosul"	1	0	1	8923	16663	25586	98274	159454	257728
"2011.12.25"	"Pakistan"	"Loralai"	1	0	1	8924	16663	25587	98275	159454	257729
"2011.12.25"	"Nigeria"	"Jos"	1	0	1	8925	16663	25588	98276	159454	257730
"2011.12.25"	"Nigeria"	"Damaturu"	3	1	4	8928	16664	25592	98279	159455	257734
"2011.12.25"	"Nigeria"	"Madalla"	45	73	118	8973	16737	25710	98324	159528	257852
"2011.12.25"	"Afghanistan"	"Talaqan"	22	50	72	8995	16787	25782	98346	159578	257924
"2011.12.25"	"Sri Lanka"	"Sammanthurai"	1	0	1	8996	16787	25783	98347	159578	257925
"2011.12.25"	"Pakistan"	"Gilgit"	1	0	1	8997	16787	25784	98348	159578	257926
"2011.12.26"	"Pakistan"	"Banaras"	1	0	1	8998	16787	25785	98349	159578	257927
"2011.12.26"	"Iraq"	"Baiji"	1	0	1	8999	16787	25786	98350	159578	257928
"2011.12.26"	"Pakistan"	"Kohat"	1	1	2	9000	16788	25788	98351	159579	257930
"2011.12.26"	"Pakistan"	"Peerabad"	1	0	1	9001	16788	25789	98352	159579	257931
"2011.12.26"	"Iraq"	"Baghdad"	7	37	44	9008	16825	25833	98359	159616	257975
"2011.12.27"	"Thailand"	"Yala"	1	1	2	9009	16826	25835	98360	159617	257977
"2011.12.27"	"Pakistan"	"Peshawar"	1	0	1	9010	16826	25836	98361	159617	257978
"2011.12.27"	"Iraq"	"Kirkuk"	2	1	3	9012	16827	25839	98363	159618	257981
"2011.12.27"	"Pakistan"	"Gulbahar"	2	0	2	9014	16827	25841	98365	159618	257983
"2011.12.27"	"Iraq"	"Mosul"	2	0	2	9016	16827	25843	98367	159618	257985
"2011.12.27"	"Pakistan"	"Tank"	1	2	3	9017	16829	25846	98368	159620	257988
"2011.12.28"	"Nigeria"	"Sapele"	0	7	7	9017	16836	25853	98368	159627	257995
"2011.12.28"	"Iraq"	"Mosul"	4	0	4	9021	16836	25857	98372	159627	257999
"2011.12.28"	"Pakistan"	"Plateau"	3	0	3	9024	16836	25860	98375	159627	258002
"2011.12.29"	"Pakistan"	"Khairpur"	0	10	10	9024	16846	25870	98375	159637	258012
"2011.12.29"	"Afghanistan"	"Kapisa"	3	0	3	9027	16846	25873	98378	159637	258015
"2011.12.29"	"Afghanistan"	"Nad Ali"	10	1	11	9037	16847	25884	98388	159638	258026
"2011.12.29"	"Pakistan"	"Orakzai"	1	0	1	9038	16847	25885	98389	159638	258027
"2011.12.29"	"Egypt"	"Assiut"	0	5	5	9038	16852	25890	98389	159643	258032
"2011.12.30"	"Thailand"	"Yala"	1	0	1	9039	16852	25891	98390	159643	258033
"2011.12.30"	"Yemen"	"Zinjibar"	2	3	5	9041	16855	25896	98392	159646	258038
"2011.12.30"	"Pakistan"	"Salarzai"	2	3	5	9043	16858	25901	98394	159649	258043
"2011.12.30"	"Pakistan"	"Shakoi"	2	4	6	9045	16862	25907	98396	159653	258049
"2011.12.30"	"Nigeria"	"Maiduguri"	3	0	3	9048	16862	25910	98399	159653	258052
"2011.12.30"	"Afghanistan"	"Trinkot"	4	1	5	9052	16863	25915	98403	159654	258057
"2011.12.30"	"Nigeria"	"Maiduguri"	2	1	3	9054	16864	25918	98405	159655	258060
"2011.12.30"	"Pakistan"	"Salarzai"	2	1	3	9056	16865	25921	98407	159656	258063
"2011.12.30"	"Nigeria"	"Maiduguri"	4	4	8	9060	16869	25929	98411	159660	258071
"2011.12.30"	"Pakistan"	"Quetta"	16	35	51	9076	16904	25980	98427	159695	258122
"2011.12.30"	"Pakistan"	"Dara Bazar"	2	3	5	9078	16907	25985	98429	159698	258127
"2011.12.31"	"Pakistan"	"Khugakhel"	2	13	15	9080	16920	26000	98431	159711	258142
"2011.12.31"	"Pakistan"	"Karachi"	1	1	2	9081	16921	26002	98432	159712	258144
"2011.12.31"	"Iraq"	"Diyala"	5	0	5	9086	16921	26007	98437	159712	258149
"2012.01.01"	"Kenya"	"Garissa"	5	28	33	5	28	33	98442	159740	258182
"2012.01.01"	"Pakistan"	"Bajaur"	1	3	4	6	31	37	98443	159743	258186
"2012.01.01"	"Kenya"	"Dadaab"	1	0	1	7	31	38	98444	159743	258187
"2012.01.02"	"Tajikistan"	"Dushanbe"	1	0	1	8	31	39	98445	159743	258188
"2012.01.02"	"Somalia"	"Cee-Carfiid"	1	0	1	9	31	40	98446	159743	258189
"2012.01.03"	"Pakistan"	"Shalkanabad"	1	1	2	10	32	42	98447	159744	258191
"2012.01.03"	"Nigeria"	"Maiduguri"	1	0	1	11	32	43	98448	159744	258192
"2012.01.03"	"Nigeria"	"Damaturu"	2	0	2	13	32	45	98450	159744	258194
"2012.01.03"	"Thailand"	"Pattani"	2	0	2	15	32	47	98452	159744	258196
"2012.01.03"	"Pakistan"	"Peshawar"	2	19	21	17	51	68	98454	159763	258217
"2012.01.03"	"Pakistan"	"Landi Kotal"	3	7	10	20	58	78	98457	159770	258227
"2012.01.03"	"Afghanistan"	"Kandahar"	5	16	21	25	74	99	98462	159786	258248
"2012.01.03"	"Afghanistan"	"Kandahar"	7	13	20	32	87	119	98469	159799	258268
"2012.01.03"	"Nigeria"	"Jigawa"	1	1	2	33	88	121	98470	159800	258270
"2012.01.04"	"Pakistan"	"Bhittaiabad"	1	0	1	34	88	122	98471	159800	258271
"2012.01.04"	"Yemen"	"Aden"	3	24	27	37	112	149	98474	159824	258298
"2012.01.04"	"Iraq"	"Abu Ghraib"	2	0	2	39	112	151	98476	159824	258300
"2012.01.04"	"Iraq"	"Baqubah"	2	9	11	41	121	162	98478	159833	258311
"2012.01.04"	"Pakistan"	"Mansehra"	1	0	1	42	121	163	98479	159833	258312
"2012.01.04"	"Afghanistan"	"Helmand"	1	0	1	43	121	164	98480	159833	258313
"2012.01.04"	"Pakistan"	"Bara"	1	1	2	44	122	166	98481	159834	258315
"2012.01.04"	"Pakistan"	"Warki"	1	0	1	45	122	167	98482	159834	258316
"2012.01.04"	"Nigeria"	"Maiduguri"	2	1	3	47	123	170	98484	159835	258319
"2012.01.05"	"Nigeria"	"Gombe"	9	10	19	56	133	189	98493	159845	258338
"2012.01.05"	"Pakistan"	"Karachi"	1	1	2	57	134	191	98494	159846	258340
"2012.01.05"	"Nigeria"	"Mubi"	4	0	4	61	134	195	98498	159846	258344
"2012.01.05"	"Thailand"	"Yala"	1	0	1	62	134	196	98499	159846	258345
"2012.01.05"	"Pakistan"	"Thal"	16	0	16	78	134	212	98515	159846	258361
"2012.01.05"	"Iraq"	"Nassiriya"	5	20	25	83	154	237	98520	159866	258386
"2012.01.05"	"Iraq"	"Karbala"	48	80	128	131	234	365	98568	159946	258514
"2012.01.05"	"Nigeria"	"Damaturu"	2	0	2	133	234	367	98570	159946	258516
"2012.01.05"	"Iraq"	"Baghdad"	16	36	52	149	270	419	98586	159982	258568
"2012.01.05"	"Iraq"	"Baghdad"	13	32	45	162	302	464	98599	160014	258613
"2012.01.05"	"Afghanistan"	"Kandahar"	4	1	5	166	303	469	98603	160015	258618
"2012.01.06"	"Nigeria"	"Yola"	3	0	3	169	303	472	98606	160015	258621
"2012.01.06"	"Nigeria"	"Adamawa"	12	4	16	181	307	488	98618	160019	258637
"2012.01.06"	"Nigeria"	"Mubi"	20	15	35	201	322	523	98638	160034	258672
"2012.01.06"	"Afghanistan"	"Mohammad Khel"	1	0	1	202	322	524	98639	160034	258673
"2012.01.06"	"Thailand"	"Narathiwat"	2	3	5	204	325	529	98641	160037	258678
"2012.01.06"	"Thailand"	"Narathiwat"	1	1	2	205	326	531	98642	160038	258680
"2012.01.06"	"Thailand"	"Pattani"	2	1	3	207	327	534	98644	160039	258683
"2012.01.06"	"Syria"	"Damascus"	26	63	89	233	390	623	98670	160102	258772
"2012.01.06"	"Iraq"	"Baghdad"	2	17	19	235	407	642	98672	160119	258791
"2012.01.06"	"Afghanistan"	"Trinkot"	7	4	11	242	411	653	98679	160123	258802
"2012.01.07"	"Iraq"	"Fallujah"	2	1	3	244	412	656	98681	160124	258805
"2012.01.07"	"India"	"Sopore"	1	8	9	245	420	665	98682	160132	258814
"2012.01.07"	"Nigeria"	"Maiduguri"	2	0	2	247	420	667	98684	160132	258816
"2012.01.07"	"Iraq"	"Baghdad"	2	8	10	249	428	677	98686	160140	258826
"2012.01.08"	"Thailand"	"Pattani"	1	0	1	250	428	678	98687	160140	258827
"2012.01.08"	"Afghanistan"	"Zabul"	1	0	1	251	428	679	98688	160140	258828
"2012.01.09"	"Iraq"	"Owairij"	1	9	10	252	437	689	98689	160149	258838
"2012.01.09"	"Iraq"	"Baghdad"	2	0	2	254	437	691	98691	160149	258840
"2012.01.09"	"Pakistan"	"Karachi"	1	0	1	255	437	692	98692	160149	258841
"2012.01.09"	"Iraq"	"Baghdad"	7	19	26	262	456	718	98699	160168	258867
"2012.01.09"	"Iraq"	"Baghdad"	5	32	37	267	488	755	98704	160200	258904
"2012.01.09"	"Iraq"	"Baghdad"	2	10	12	269	498	767	98706	160210	258916
"2012.01.09"	"Nigeria"	"Biu"	1	0	1	270	498	768	98707	160210	258917
"2012.01.09"	"Iraq"	"Hillah"	0	15	15	270	513	783	98707	160225	258932
"2012.01.09"	"Pakistan"	"Dabori"	10	0	10	280	513	793	98717	160225	258942
"2012.01.09"	"Nigeria"	"Maiduguri"	2	0	2	282	513	795	98719	160225	258944
"2012.01.10"	"Somalia"	"Elasha-Biyaha"	0	3	3	282	516	798	98719	160228	258947
"2012.01.10"	"Somalia"	"Kismayu"	1	0	1	283	516	799	98720	160228	258948
"2012.01.10"	"Nigeria"	"Potiskum"	8	12	20	291	528	819	98728	160240	258968
"2012.01.10"	"Pakistan"	"Jamrud"	35	78	113	326	606	932	98763	160318	259081
"2012.01.10"	"Iraq"	"Yathrib"	3	0	3	329	606	935	98766	160318	259084
"2012.01.10"	"Somalia"	"Mogadishu"	2	3	5	331	609	940	98768	160321	259089
"2012.01.10"	"Iraq"	"Baghdad"	2	0	2	333	609	942	98770	160321	259091
"2012.01.10"	"Iraq"	"al-Sharqat"	2	0	2	335	609	944	98772	160321	259093
"2012.01.10"	"Iraq"	"Baghdad"	5	18	23	340	627	967	98777	160339	259116
"2012.01.10"	"Iraq"	"Baghdad"	2	0	2	342	627	969	98779	160339	259118
"2012.01.10"	"Nigeria"	"Dalman"	3	0	3	345	627	972	98782	160339	259121
"2012.01.10"	"Afghanistan"	"Sharan"	7	3	10	352	630	982	98789	160342	259131
"2012.01.10"	"Afghanistan"	"Kunar"	3	13	16	355	643	998	98792	160355	259147
"2012.01.11"	"Dagestan"	"Komsomolskoye"	1	8	9	356	651	1007	98793	160363	259156
"2012.01.11"	"Kenya"	"Wajir"	7	3	10	363	654	1017	98800	160366	259166
"2012.01.11"	"Yemen"	"Aden"	1	5	6	364	659	1023	98801	160371	259172
"2012.01.11"	"Iraq"	"Qaim"	3	0	3	367	659	1026	98804	160371	259175
"2012.01.11"	"Thailand"	"Pattani"	1	0	1	368	659	1027	98805	160371	259176
"2012.01.11"	"Nigeria"	"Potiskum"	6	0	6	374	659	1033	98811	160371	259182
"2012.01.12"	"Iraq"	"al-Kefil"	1	16	17	375	675	1050	98812	160387	259199
"2012.01.12"	"Pakistan"	"Merikhel"	5	1	6	380	676	1056	98817	160388	259205
"2012.01.12"	"Yemen"	"Mustaba"	20	0	20	400	676	1076	98837	160388	259225
"2012.01.12"	"Pakistan"	"Sarband"	3	11	14	403	687	1090	98840	160399	259239
"2012.01.12"	"Afghanistan"	"Panjwai"	3	13	16	406	700	1106	98843	160412	259255
"2012.01.13"	"Pakistan"	"Karachi"	1	1	2	407	701	1108	98844	160413	259257
"2012.01.13"	"Iraq"	"Baghdad"	1	10	11	408	711	1119	98845	160423	259268
"2012.01.13"	"Nigeria"	"Gombe"	2	2	4	410	713	1123	98847	160425	259272
"2012.01.13"	"Somalia"	"Dusamareb"	2	0	2	412	713	1125	98849	160425	259274
"2012.01.13"	"Pal. Auth."	"Gaza"	0	30	30	412	743	1155	98849	160455	259304
"2012.01.13"	"Pal. Auth."	"Gaza"	0	1	1	412	744	1156	98849	160456	259305
"2012.01.14"	"Nigeria"	"Yola"	2	1	3	414	745	1159	98851	160457	259308
"2012.01.14"	"Pakistan"	"Dera Ismail Khan"	6	8	14	420	753	1173	98857	160465	259322
"2012.01.14"	"Afghanistan"	"Latak"	2	0	2	422	753	1175	98859	160465	259324
"2012.01.14"	"Pakistan"	"Nishatabad"	2	0	2	424	753	1177	98861	160465	259326
"2012.01.14"	"Iraq"	"Basra"	53	137	190	477	890	1367	98914	160602	259516
"2012.01.14"	"Yemen"	"Radda"	2	0	2	479	890	1369	98916	160602	259518
"2012.01.15"	"Nigeria"	"Damaturu"	2	0	2	481	890	1371	98918	160602	259520
"2012.01.15"	"Syria"	"Damascus"	3	0	3	484	890	1374	98921	160602	259523
"2012.01.15"	"Iraq"	"Ramadi"	7	18	25	491	908	1399	98928	160620	259548
"2012.01.15"	"Pakistan"	"Khanpur"	21	30	51	512	938	1450	98949	160650	259599
"2012.01.15"	"Yemen"	"Zinjibar"	2	0	2	514	938	1452	98951	160650	259601
"2012.01.15"	"Sudan"	"Rabak"	0	2	2	514	940	1454	98951	160652	259603
"2012.01.15"	"USA"	"Houston"	1	0	1	515	940	1455	98952	160652	259604
"2012.01.16"	"Pakistan"	"Bara Maidan"	1	0	1	516	940	1456	98953	160652	259605
"2012.01.16"	"Iraq"	"Mosul"	8	4	12	524	944	1468	98961	160656	259617
"2012.01.16"	"Iraq"	"Hillah"	3	15	18	527	959	1486	98964	160671	259635
"2012.01.16"	"Nigeria"	"Maiduguri"	2	0	2	529	959	1488	98966	160671	259637
"2012.01.16"	"Nigeria"	"Damaturu"	3	0	3	532	959	1491	98969	160671	259640
"2012.01.17"	"Nigeria"	"Maiduguri"	1	0	1	533	959	1492	98970	160671	259641
"2012.01.17"	"Sudan"	"Khartoum"	0	1	1	533	960	1493	98970	160672	259642
"2012.01.17"	"Afghanistan"	"Nangahar"	1	2	3	534	962	1496	98971	160674	259645
"2012.01.17"	"Thailand"	"Pattani"	2	0	2	536	962	1498	98973	160674	259647
"2012.01.17"	"Iraq"	"Rutba"	5	0	5	541	962	1503	98978	160674	259652
"2012.01.17"	"Afghanistan"	"Kandahar"	1	0	1	542	962	1504	98979	160674	259653
"2012.01.17"	"Pakistan"	"Shabqadar"	1	0	1	543	962	1505	98980	160674	259654
"2012.01.17"	"Nigeria"	"Maiduguri"	6	1	7	549	963	1512	98986	160675	259661
"2012.01.17"	"Nigeria"	"Mubi"	1	0	1	550	963	1513	98987	160675	259662
"2012.01.18"	"Afghanistan"	"Nad Ali"	4	0	4	554	963	1517	98991	160675	259666
"2012.01.18"	"Afghanistan"	"Kajaki"	12	20	32	566	983	1549	99003	160695	259698
"2012.01.18"	"Iraq"	"Latifiyah"	4	1	5	570	984	1554	99007	160696	259703
"2012.01.18"	"Indonesia"	"Pulau Punjung"	0	1	1	570	985	1555	99007	160697	259704
"2012.01.18"	"Nigeria"	"Maiduguri"	2	0	2	572	985	1557	99009	160697	259706
"2012.01.19"	"Egypt"	"Kebly-Rahmaniya"	0	2	2	572	987	1559	99009	160699	259708
"2012.01.19"	"Somalia"	"Mogadishu"	6	0	6	578	987	1565	99015	160699	259714
"2012.01.19"	"Thailand"	"Pattani"	1	0	1	579	987	1566	99016	160699	259715
"2012.01.19"	"Afghanistan"	"Kandahar"	7	8	15	586	995	1581	99023	160707	259730
"2012.01.20"	"Iraq"	"Hawija"	2	5	7	588	1000	1588	99025	160712	259737
"2012.01.20"	"Iraq"	"Mosul"	2	0	2	590	1000	1590	99027	160712	259739
"2012.01.20"	"Pakistan"	"Bakhshi Pul"	1	0	1	591	1000	1591	99028	160712	259740
"2012.01.20"	"Nigeria"	"Kano"	256	200	456	847	1200	2047	99284	160912	260196
"2012.01.20"	"Nigeria"	"Kano"	3	6	9	850	1206	2056	99287	160918	260205
"2012.01.20"	"Afghanistan"	"Kandahar"	4	16	20	854	1222	2076	99291	160934	260225
"2012.01.20"	"Yemen"	"Aden"	3	0	3	857	1222	2079	99294	160934	260228
"2012.01.20"	"Nigeria"	"Kano"	1	0	1	858	1222	2080	99295	160934	260229
"2012.01.20"	"Somalia"	"Mogadishu"	4	0	4	862	1222	2084	99299	160934	260233
"2012.01.20"	"Iran"	"Sistan"	1	0	1	863	1222	2085	99300	160934	260234
"2012.01.21"	"Iraq"	"Fallujah"	4	0	4	867	1222	2089	99304	160934	260238
"2012.01.21"	"Thailand"	"Pattani"	1	0	1	868	1222	2090	99305	160934	260239
"2012.01.21"	"Yemen"	"Rada"	3	3	6	871	1225	2096	99308	160937	260245
"2012.01.21"	"Pakistan"	"Bahawalnagar"	2	0	2	873	1225	2098	99310	160937	260247
"2012.01.21"	"Pakistan"	"Rohilanwali"	1	0	1	874	1225	2099	99311	160937	260248
"2012.01.22"	"Nigeria"	"Maiduguri"	1	0	1	875	1225	2100	99312	160937	260249
"2012.01.22"	"Thailand"	"Yala"	1	0	1	876	1225	2101	99313	160937	260250
"2012.01.22"	"Thailand"	"Yala"	2	0	2	878	1225	2103	99315	160937	260252
"2012.01.22"	"Nigeria"	"Bauchi"	10	0	10	888	1225	2113	99325	160937	260262
"2012.01.22"	"Afghanistan"	"Ela-Sai"	1	9	10	889	1234	2123	99326	160946	260272
"2012.01.22"	"Nigeria"	"Tafawa Balewa"	9	12	21	898	1246	2144	99335	160958	260293
"2012.01.22"	"Iraq"	"al-Asoud"	3	3	6	901	1249	2150	99338	160961	260299
"2012.01.23"	"Pakistan"	"Khyber Pakhtunkhwa"	3	4	7	904	1253	2157	99341	160965	260306
"2012.01.23"	"Iraq"	"al-Rashad"	1	3	4	905	1256	2161	99342	160968	260310
"2012.01.23"	"Turkey"	"Istanbul"	0	1	1	905	1257	2162	99342	160969	260311
"2012.01.23"	"Yemen"	"Dhamar"	1	0	1	906	1257	2163	99343	160969	260312
"2012.01.23"	"Syria"	"Homs"	2	0	2	908	1257	2165	99345	160969	260314
"2012.01.24"	"Pakistan"	"Kurram Agency"	6	4	10	914	1261	2175	99351	160973	260324
"2012.01.24"	"Thailand"	"Narathiwat"	1	0	1	915	1261	2176	99352	160973	260325
"2012.01.24"	"Somalia"	"Beledweyne"	33	72	105	948	1333	2281	99385	161045	260430
"2012.01.24"	"Somalia"	"Mogadishu"	0	10	10	948	1343	2291	99385	161055	260440
"2012.01.24"	"Nigeria"	"Kano"	1	1	2	949	1344	2293	99386	161056	260442
"2012.01.24"	"Norway"	"Haugesund"	0	2	2	949	1346	2295	99386	161058	260444
"2012.01.24"	"Yemen"	"Dhu Holais"	46	20	66	995	1366	2361	99432	161078	260510
"2012.01.24"	"Iraq"	"Baghdad"	3	25	28	998	1391	2389	99435	161103	260538
"2012.01.24"	"Iraq"	"Baghdad"	2	26	28	1000	1417	2417	99437	161129	260566
"2012.01.24"	"Iraq"	"Baghdad"	8	24	32	1008	1441	2449	99445	161153	260598
"2012.01.24"	"Pakistan"	"Landi Kotal"	1	2	3	1009	1443	2452	99446	161155	260601
"2012.01.24"	"India"	"Shubdani Newa"	1	0	1	1010	1443	2453	99447	161155	260602
"2012.01.24"	"Iraq"	"Shirqat"	1	2	3	1011	1445	2456	99448	161157	260605
"2012.01.24"	"Iraq"	"Mosul"	2	1	3	1013	1446	2459	99450	161158	260608
"2012.01.24"	"Iraq"	"Ramadi"	2	3	5	1015	1449	2464	99452	161161	260613
"2012.01.25"	"Yemen"	"Hajja"	13	0	13	1028	1449	2477	99465	161161	260626
"2012.01.25"	"Afghanistan"	"Kapisa"	2	7	9	1030	1456	2486	99467	161168	260635
"2012.01.25"	"Iraq"	"Salahuddin"	1	0	1	1031	1456	2487	99468	161168	260636
"2012.01.25"	"Pakistan"	"Karachi"	3	1	4	1034	1457	2491	99471	161169	260640
"2012.01.26"	"Russia"	"Kabardino-Balkaria"	1	0	1	1035	1457	2492	99472	161169	260641
"2012.01.26"	"Iraq"	"Kirkuk"	3	6	9	1038	1463	2501	99475	161175	260650
"2012.01.26"	"Iraq"	"Baghdad"	3	17	20	1041	1480	2521	99478	161192	260670
"2012.01.26"	"Iraq"	"Garma"	1	0	1	1042	1480	2522	99479	161192	260671
"2012.01.26"	"Iraq"	"Musayyeb"	10	0	10	1052	1480	2532	99489	161192	260681
"2012.01.26"	"Afghanistan"	"Lashkar Gah"	4	31	35	1056	1511	2567	99493	161223	260716
"2012.01.26"	"Yemen"	"Kataf"	9	0	9	1065	1511	2576	99502	161223	260725
"2012.01.26"	"Egypt"	"Bahgourah"	2	0	2	1067	1511	2578	99504	161223	260727
"2012.01.26"	"Iraq"	"Mosul"	2	0	2	1069	1511	2580	99506	161223	260729
"2012.01.26"	"Iraq"	"Hit"	1	0	1	1070	1511	2581	99507	161223	260730
"2012.01.27"	"Yemen"	"Hadrawamout"	1	0	1	1071	1511	2582	99508	161223	260731
"2012.01.27"	"Iraq"	"Sinjar"	2	0	2	1073	1511	2584	99510	161223	260733
"2012.01.27"	"Iraq"	"Ghazaliya"	1	6	7	1074	1517	2591	99511	161229	260740
"2012.01.27"	"Iraq"	"Baghdad"	33	71	104	1107	1588	2695	99544	161300	260844
"2012.01.27"	"Somalia"	"Masagway"	3	0	3	1110	1588	2698	99547	161300	260847
"2012.01.27"	"Nigeria"	"Mandawari"	2	0	2	1112	1588	2700	99549	161300	260849
"2012.01.28"	"Pakistan"	"Dera Ismail Khan"	1	0	1	1113	1588	2701	99550	161300	260850
"2012.01.28"	"Pakistan"	"Gulberg"	1	0	1	1114	1588	2702	99551	161300	260851
"2012.01.28"	"Thailand"	"Narathiwat"	1	0	1	1115	1588	2703	99552	161300	260852
"2012.01.28"	"Nigeria"	"Kaduna"	1	0	1	1116	1588	2704	99553	161300	260853
"2012.01.28"	"Iraq"	"Garma"	2	0	2	1118	1588	2706	99555	161300	260855
"2012.01.28"	"Dagestan"	"Kumturkalinsky"	1	0	1	1119	1588	2707	99556	161300	260856
"2012.01.29"	"Iraq"	"Baghdad"	1	9	10	1120	1597	2717	99557	161309	260866
"2012.01.29"	"Pakistan"	"Karachi"	2	0	2	1122	1597	2719	99559	161309	260868
"2012.01.29"	"Nigeria"	"Kano"	2	0	2	1124	1597	2721	99561	161309	260870
"2012.01.30"	"Iraq"	"Mosul"	2	0	2	1126	1597	2723	99563	161309	260872
"2012.01.30"	"Pakistan"	"Karachi"	1	0	1	1127	1597	2724	99564	161309	260873
"2012.01.30"	"Pakistan"	"Peshawar"	4	7	11	1131	1604	2735	99568	161316	260884
"2012.01.30"	"Yemen"	"Aden"	0	8	8	1131	1612	2743	99568	161324	260892
"2012.01.30"	"Nigeria"	"Potiskum"	1	0	1	1132	1612	2744	99569	161324	260893
"2012.01.30"	"Iraq"	"Baqubah"	3	3	6	1135	1615	2750	99572	161327	260899
"2012.01.31"	"Pakistan"	"Jogi"	8	15	23	1143	1630	2773	99580	161342	260922
"2012.01.31"	"Iraq"	"Diyala"	3	4	7	1146	1634	2780	99583	161346	260929
"2012.01.31"	"Somalia"	"Galkayo"	2	4	6	1148	1638	2786	99585	161350	260935
"2012.01.31"	"Nigeria"	"Borno"	5	1	6	1153	1639	2792	99590	161351	260941
"2012.02.01"	"Thailand"	"Pattani"	1	2	3	1154	1641	2795	99591	161353	260944
"2012.02.01"	"Pakistan"	"Shahbazkhel"	4	1	5	1158	1642	2800	99595	161354	260949
"2012.02.01"	"Nigeria"	"Kawar Maila"	7	0	7	1165	1642	2807	99602	161354	260956
"2012.02.02"	"Nigeria"	"Kabar Maila"	6	0	6	1171	1642	2813	99608	161354	260962
"2012.02.02"	"Pakistan"	"Rajanpur"	2	0	2	1173	1642	2815	99610	161354	260964
"2012.02.02"	"Pakistan"	"Landi Kotal"	1	0	1	1174	1642	2816	99611	161354	260965
"2012.02.03"	"Pakistan"	"Peshawar"	4	3	7	1178	1645	2823	99615	161357	260972
"2012.02.03"	"Pakistan"	"Umerkot"	0	2	2	1178	1647	2825	99615	161359	260974
"2012.02.03"	"Pakistan"	"Bazaar Zakhakhel"	1	2	3	1179	1649	2828	99616	161361	260977
"2012.02.03"	"Pakistan"	"Basti Damraywala"	3	0	3	1182	1649	2831	99619	161361	260980
"2012.02.03"	"Pakistan"	"Kurram"	7	3	10	1189	1652	2841	99626	161364	260990
"2012.02.03"	"Thailand"	"Pattani"	1	1	2	1190	1653	2843	99627	161365	260992
"2012.02.03"	"Thailand"	"Narathiwat"	1	0	1	1191	1653	2844	99628	161365	260993
"2012.02.03"	"Nigeria"	"Ajaokuta"	4	0	4	1195	1653	2848	99632	161365	260997
"2012.02.03"	"Somalia"	"Garissa"	3	1	4	1198	1654	2852	99635	161366	261001
"2012.02.04"	"Thailand"	"Pattani"	1	0	1	1199	1654	2853	99636	161366	261002
"2012.02.04"	"Somalia"	"Luuq"	14	30	44	1213	1684	2897	99650	161396	261046
"2012.02.05"	"Nigeria"	"Damaturu"	1	0	1	1214	1684	2898	99651	161396	261047
"2012.02.05"	"Pakistan"	"Kalar Abadi"	0	7	7	1214	1691	2905	99651	161403	261054
"2012.02.05"	"Afghanistan"	"Kandahar"	9	19	28	1223	1710	2933	99660	161422	261082
"2012.02.05"	"Thailand"	"Yala"	2	0	2	1225	1710	2935	99662	161422	261084
"2012.02.05"	"Nigeria"	"Damboa"	2	0	2	1227	1710	2937	99664	161422	261086
"2012.02.05"	"Pakistan"	"Shahedano Dhand"	1	12	13	1228	1722	2950	99665	161434	261099
"2012.02.05"	"Iraq"	"Baghdad"	1	0	1	1229	1722	2951	99666	161434	261100
"2012.02.06"	"Yemen"	"Kashar"	55	40	95	1284	1762	3046	99721	161474	261195
"2012.02.06"	"Nigeria"	"Ummarari"	2	0	2	1286	1762	3048	99723	161474	261197
"2012.02.06"	"Afghanistan"	"Dehrawod"	1	3	4	1287	1765	3052	99724	161477	261201
"2012.02.06"	"Pakistan"	"Mansehra"	1	14	15	1288	1779	3067	99725	161491	261216
"2012.02.06"	"Thailand"	"Narathiwat"	1	0	1	1289	1779	3068	99726	161491	261217
"2012.02.06"	"Iraq"	"Geyara"	5	0	5	1294	1779	3073	99731	161491	261222
"2012.02.07"	"Pakistan"	"Abadpur"	1	0	1	1295	1779	3074	99732	161491	261223
"2012.02.07"	"Yemen"	"Mastaba"	30	24	54	1325	1803	3128	99762	161515	261277
"2012.02.07"	"Thailand"	"Narathiwat"	1	0	1	1326	1803	3129	99763	161515	261278
"2012.02.07"	"Thailand"	"Narathiwat"	1	1	2	1327	1804	3131	99764	161516	261280
"2012.02.08"	"Somalia"	"Mogadishu"	15	24	39	1342	1828	3170	99779	161540	261319
"2012.02.08"	"Pakistan"	"Alenger"	2	0	2	1344	1828	3172	99781	161540	261321
"2012.02.08"	"Pakistan"	"Mohalla Naseerabad"	3	0	3	1347	1828	3175	99784	161540	261324
"2012.02.09"	"Yemen"	"Lahj"	1	0	1	1348	1828	3176	99785	161540	261325
"2012.02.09"	"Nigeria"	"Kano"	1	0	1	1349	1828	3177	99786	161540	261326
"2012.02.09"	"India"	"Hawoora"	1	0	1	1350	1828	3178	99787	161540	261327
"2012.02.09"	"Thailand"	"Yala"	1	13	14	1351	1841	3192	99788	161553	261341
"2012.02.09"	"Syria"	"Qusayr"	1	0	1	1352	1841	3193	99789	161553	261342
"2012.02.10"	"Nigeria"	"Maiduguri"	2	0	2	1354	1841	3195	99791	161553	261344
"2012.02.10"	"Syria"	"Allepo"	28	235	263	1382	2076	3458	99819	161788	261607
"2012.02.10"	"Nigeria"	"Potiskum"	1	0	1	1383	2076	3459	99820	161788	261608
"2012.02.11"	"Nigeria"	"Potiskum"	2	0	2	1385	2076	3461	99822	161788	261610
"2012.02.11"	"Afghanistan"	"Uruzgan"	5	1	6	1390	2077	3467	99827	161789	261616
"2012.02.11"	"Philippines"	"Basilan"	0	1	1	1390	2078	3468	99827	161790	261617
"2012.02.11"	"Pakistan"	"Khwezai"	1	0	1	1391	2078	3469	99828	161790	261618
"2012.02.11"	"Iraq"	"Baghdad"	1	0	1	1392	2078	3470	99829	161790	261619
"2012.02.11"	"Iraq"	"Fallujah"	6	0	6	1398	2078	3476	99835	161790	261625
"2012.02.11"	"Yemen"	"al-Bayda"	1	0	1	1399	2078	3477	99836	161790	261626
"2012.02.11"	"Afghanistan"	"Khogyani"	2	6	8	1401	2084	3485	99838	161796	261634
"2012.02.12"	"Yemen"	"Hajjah"	30	12	42	1431	2096	3527	99868	161808	261676
"2012.02.12"	"Yemen"	"Jaar"	3	0	3	1434	2096	3530	99871	161808	261679
"2012.02.12"	"Yemen"	"Abyan"	1	0	1	1435	2096	3531	99872	161808	261680
"2012.02.13"	"India"	"New Delhi"	0	4	4	1435	2100	3535	99872	161812	261684
"2012.02.13"	"Russia"	"Dagestan"	3	6	9	1438	2106	3544	99875	161818	261693
"2012.02.13"	"Russia"	"Pyatigorsk"	1	0	1	1439	2106	3545	99876	161818	261694
"2012.02.13"	"Iraq"	"Mosul"	1	1	2	1440	2107	3547	99877	161819	261696
"2012.02.13"	"Iraq"	"Fallujah"	3	0	3	1443	2107	3550	99880	161819	261699
"2012.02.13"	"Pakistan"	"Haripur"	1	0	1	1444	2107	3551	99881	161819	261700
"2012.02.13"	"Nigeria"	"Maiduguri"	3	0	3	1447	2107	3554	99884	161819	261703
"2012.02.14"	"Thailand"	"Narathiwat"	1	0	1	1448	2107	3555	99885	161819	261704
"2012.02.14"	"Pakistan"	"Karachi"	2	0	2	1450	2107	3557	99887	161819	261706
"2012.02.14"	"Nigeria"	"Kaduna"	1	2	3	1451	2109	3560	99888	161821	261709
"2012.02.14"	"Thailand"	"Bangkok"	0	4	4	1451	2113	3564	99888	161825	261713
"2012.02.14"	"Iraq"	"Mashtal"	1	6	7	1452	2119	3571	99889	161831	261720
"2012.02.14"	"Iraq"	"Mosul"	2	12	14	1454	2131	3585	99891	161843	261734
"2012.02.15"	"Nigeria"	"Koton-Karifi"	1	0	1	1455	2131	3586	99892	161843	261735
"2012.02.15"	"Pakistan"	"Jamrud"	1	5	6	1456	2136	3592	99893	161848	261741
"2012.02.15"	"Yemen"	"al-Baydah"	5	0	5	1461	2136	3597	99898	161848	261746
"2012.02.15"	"Pal. Auth."	"Bait Oula"	1	0	1	1462	2136	3598	99899	161848	261747
"2012.02.15"	"Saudi Arabia"	"Dammam"	1	3	4	1463	2139	3602	99900	161851	261751
"2012.02.15"	"Iraq"	"Ramadi"	1	3	4	1464	2142	3606	99901	161854	261755
"2012.02.15"	"Iraq"	"al-Bubali Island"	1	2	3	1465	2144	3609	99902	161856	261758
"2012.02.15"	"Iraq"	"Jurf al-Sakhar"	3	1	4	1468	2145	3613	99905	161857	261762
"2012.02.15"	"Nigeria"	"Suleija"	1	0	1	1469	2145	3614	99906	161857	261763
"2012.02.16"	"Dagestan"	"Gurbuki"	13	17	30	1482	2162	3644	99919	161874	261793
"2012.02.16"	"Pakistan"	"Peshawar"	0	5	5	1482	2167	3649	99919	161879	261798
"2012.02.16"	"Iraq"	"Baqubah"	1	0	1	1483	2167	3650	99920	161879	261799
"2012.02.16"	"Yemen"	"Hizam"	11	0	11	1494	2167	3661	99931	161879	261810
"2012.02.16"	"Yemen"	"Hizam"	3	0	3	1497	2167	3664	99934	161879	261813
"2012.02.16"	"Pakistan"	"Upper Dir"	3	9	12	1500	2176	3676	99937	161888	261825
"2012.02.16"	"Nigeria"	"Minna"	2	1	3	1502	2177	3679	99939	161889	261828
"2012.02.17"	"Kenya"	"Fafi"	1	1	2	1503	2178	3681	99940	161890	261830
"2012.02.17"	"Saudi Arabia"	"Mount Arafat"	0	12	12	1503	2190	3693	99940	161902	261842
"2012.02.17"	"Pakistan"	"Karachi"	2	0	2	1505	2190	3695	99942	161902	261844
"2012.02.17"	"Pakistan"	"Tirah"	3	0	3	1508	2190	3698	99945	161902	261847
"2012.02.17"	"Iraq"	"Baghdad"	2	0	2	1510	2190	3700	99947	161902	261849
"2012.02.17"	"Nigeria"	"Geidam"	1	0	1	1511	2190	3701	99948	161902	261850
"2012.02.17"	"Nigeria"	"Konduga"	1	0	1	1512	2190	3702	99949	161902	261851
"2012.02.17"	"Pakistan"	"Parachinar"	43	41	84	1555	2231	3786	99992	161943	261935
"2012.02.17"	"Lebanon"	"Tripoli"	1	0	1	1556	2231	3787	99993	161943	261936
"2012.02.18"	"Mali"	"Hombori"	1	0	1	1557	2231	3788	99994	161943	261937
"2012.02.18"	"Kenya"	"Nairobi"	30	0	30	1587	2231	3818	100024	161943	261967
"2012.02.19"	"Philippines"	"Kidapawan"	3	4	7	1590	2235	3825	100027	161947	261974
"2012.02.19"	"Nigeria"	"Sulieja"	0	5	5	1590	2240	3830	100027	161952	261979
"2012.02.19"	"Iraq"	"Baqubah"	4	0	4	1594	2240	3834	100031	161952	261983
"2012.02.19"	"Iraq"	"Baghdad"	19	28	47	1613	2268	3881	100050	161980	262030
"2012.02.19"	"Pakistan"	"Landikotal"	9	5	14	1622	2273	3895	100059	161985	262044
"2012.02.19"	"Algeria"	"Bordj Menail"	4	10	14	1626	2283	3909	100063	161995	262058
"2012.02.19"	"Afghanistan"	"Washir"	4	0	4	1630	2283	3913	100067	161995	262062
"2012.02.19"	"Israel"	"Jerusalem"	0	1	1	1630	2284	3914	100067	161996	262063
"2012.02.20"	"Thailand"	"Pattani"	1	0	1	1631	2284	3915	100068	161996	262064
"2012.02.20"	"Afghanistan"	"Robat"	2	2	4	1633	2286	3919	100070	161998	262068
"2012.02.20"	"Nigeria"	"Maiduguri"	30	3	33	1663	2289	3952	100100	162001	262101
"2012.02.20"	"Yemen"	"Zinjibar"	2	0	2	1665	2289	3954	100102	162001	262103
"2012.02.20"	"Afghanistan"	"Kandahar"	1	4	5	1666	2293	3959	100103	162005	262108
"2012.02.21"	"Nigeria"	"Damaturu"	3	0	3	1669	2293	3962	100106	162005	262111
"2012.02.21"	"Thailand"	"Narathiwat"	1	0	1	1670	2293	3963	100107	162005	262112
"2012.02.22"	"Nigeria"	"Maiduguri"	1	0	1	1671	2293	3964	100108	162005	262113
"2012.02.22"	"Pakistan"	"Sipah"	3	0	3	1674	2293	3967	100111	162005	262116
"2012.02.22"	"Pakistan"	"Akkakhel"	3	0	3	1677	2293	3970	100114	162005	262119
"2012.02.22"	"Afghanistan"	"Urgun"	1	0	1	1678	2293	3971	100115	162005	262120
"2012.02.22"	"Pakistan"	"Faisalabad"	0	2	2	1678	2295	3973	100115	162007	262122
"2012.02.23"	"Iraq"	"Kirkuk"	7	24	31	1685	2319	4004	100122	162031	262153
"2012.02.23"	"Iraq"	"Jalawla"	3	21	24	1688	2340	4028	100125	162052	262177
"2012.02.23"	"Iraq"	"Balad Ruz"	3	7	10	1691	2347	4038	100128	162059	262187
"2012.02.23"	"Pakistan"	"Enjani Kali"	2	3	5	1693	2350	4043	100130	162062	262192
"2012.02.23"	"Pakistan"	"Kohat"	15	35	50	1708	2385	4093	100145	162097	262242
"2012.02.23"	"Afghanistan"	"Kabul"	2	4	6	1710	2389	4099	100147	162101	262248
"2012.02.23"	"Nigeria"	"Niger State"	2	0	2	1712	2389	4101	100149	162101	262250
"2012.02.23"	"Nigeria"	"Kano"	4	0	4	1716	2389	4105	100153	162101	262254
"2012.02.23"	"Iraq"	"Kadhimiya"	6	18	24	1722	2407	4129	100159	162119	262278
"2012.02.23"	"Iraq"	"Karrada"	10	27	37	1732	2434	4166	100169	162146	262315
"2012.02.23"	"Iraq"	"Balad"	7	33	40	1739	2467	4206	100176	162179	262355
"2012.02.23"	"Iraq"	"Baiji"	3	5	8	1742	2472	4214	100179	162184	262363
"2012.02.23"	"Iraq"	"Diyala"	11	16	27	1753	2488	4241	100190	162200	262390
"2012.02.23"	"Iraq"	"Mandali"	2	1	3	1755	2489	4244	100192	162201	262393
"2012.02.23"	"Iraq"	"Sulaiman Beg"	2	1	3	1757	2490	4247	100194	162202	262396
"2012.02.23"	"Iraq"	"Musayyib"	3	75	78	1760	2565	4325	100197	162277	262474
"2012.02.23"	"Iraq"	"Baghdad"	6	0	6	1766	2565	4331	100203	162277	262480
"2012.02.23"	"Iraq"	"Baghdad"	20	198	218	1786	2763	4549	100223	162475	262698
"2012.02.23"	"Philippines"	"Lapuyan"	6	9	15	1792	2772	4564	100229	162484	262713
"2012.02.24"	"Pakistan"	"Bara"	3	3	6	1795	2775	4570	100232	162487	262719
"2012.02.24"	"Afghanistan"	"Laghman"	0	20	20	1795	2795	4590	100232	162507	262739
"2012.02.24"	"Nigeria"	"Kano"	5	0	5	1800	2795	4595	100237	162507	262744
"2012.02.24"	"Pakistan"	"Peshawar"	4	6	10	1804	2801	4605	100241	162513	262754
"2012.02.25"	"Afghanistan"	"Muqur"	6	16	22	1810	2817	4627	100247	162529	262776
"2012.02.25"	"Afghanistan"	"Kabul"	2	0	2	1812	2817	4629	100249	162529	262778
"2012.02.25"	"Nigeria"	"Gombe"	12	5	17	1824	2822	4646	100261	162534	262795
"2012.02.25"	"Yemen"	"Sana'a"	26	10	36	1850	2832	4682	100287	162544	262831
"2012.02.25"	"Sudan"	"Umsirdipa"	5	0	5	1855	2832	4687	100292	162544	262836
"2012.02.26"	"Pakistan"	"Kot Meerath"	0	1	1	1855	2833	4688	100292	162545	262837
"2012.02.26"	"Pakistan"	"Akakhel"	4	3	7	1859	2836	4695	100296	162548	262844
"2012.02.26"	"Nigeria"	"Jos"	4	38	42	1863	2874	4737	100300	162586	262886
"2012.02.26"	"Afghanistan"	"Kunduz"	1	6	7	1864	2880	4744	100301	162592	262893
"2012.02.26"	"Pakistan"	"South Waziristan"	2	1	3	1866	2881	4747	100303	162593	262896
"2012.02.26"	"Pakistan"	"Hussainabad"	1	0	1	1867	2881	4748	100304	162593	262897
"2012.02.26"	"Iraq"	"Buhriz"	2	4	6	1869	2885	4754	100306	162597	262903
"2012.02.26"	"Pakistan"	"Tank"	1	2	3	1870	2887	4757	100307	162599	262906
"2012.02.26"	"Egypt"	"Cairo"	2	0	2	1872	2887	4759	100309	162599	262908
"2012.02.27"	"Nigeria"	"Maiduguri"	1	0	1	1873	2887	4760	100310	162599	262909
"2012.02.27"	"Nigeria"	"Bauchi"	3	0	3	1876	2887	4763	100313	162599	262912
"2012.02.27"	"Nigeria"	"Adamawa"	3	1	4	1879	2888	4767	100316	162600	262916
"2012.02.27"	"Afghanistan"	"Jalalabad"	9	10	19	1888	2898	4786	100325	162610	262935
"2012.02.27"	"Pakistan"	"Nowshera"	5	26	31	1893	2924	4817	100330	162636	262966
"2012.02.27"	"Somalia"	"Mogadishu"	3	7	10	1896	2931	4827	100333	162643	262976
"2012.02.27"	"Nigeria"	"Bundumi Rimi"	4	4	8	1900	2935	4835	100337	162647	262984
"2012.02.27"	"Nigeria"	"Kagoro"	2	0	2	1902	2935	4837	100339	162647	262986
"2012.02.27"	"Dagestan"	"Karabudakhkent"	5	0	5	1907	2935	4842	100344	162647	262991
"2012.02.28"	"China"	"Yecheng"	3	0	3	1910	2935	4845	100347	162647	262994
"2012.02.28"	"Pakistan"	"Peshawar"	2	0	2	1912	2935	4847	100349	162647	262996
"2012.02.28"	"Kenya"	"Mandera"	1	8	9	1913	2943	4856	100350	162655	263005
"2012.02.28"	"China"	"Kashgar"	10	5	15	1923	2948	4871	100360	162660	263020
"2012.02.28"	"Nigeria"	"Adamawa"	1	0	1	1924	2948	4872	100361	162660	263021
"2012.02.28"	"Pakistan"	"Kohistan"	18	0	18	1942	2948	4890	100379	162660	263039
"2012.02.28"	"Iraq"	"Falluja"	1	1	2	1943	2949	4892	100380	162661	263041
"2012.02.28"	"Iraq"	"Baghdad"	4	0	4	1947	2949	4896	100384	162661	263045
"2012.02.29"	"Afghanistan"	"Lashkargah"	0	7	7	1947	2956	4903	100384	162668	263052
"2012.02.29"	"Somalia"	"Mogadishu"	1	0	1	1948	2956	4904	100385	162668	263053
"2012.02.29"	"Pakistan"	"Hyderabad"	1	1	2	1949	2957	4906	100386	162669	263055
"2012.02.29"	"Bangladesh"	"Madarganj"	0	3	3	1949	2960	4909	100386	162672	263058
"2012.02.29"	"Iraq"	"Baghdad"	3	9	12	1952	2969	4921	100389	162681	263070
"2012.02.29"	"Pakistan"	"Bara"	3	5	8	1955	2974	4929	100392	162686	263078
"2012.02.29"	"Pakistan"	"Karachi"	1	2	3	1956	2976	4932	100393	162688	263081
"2012.02.29"	"Nigeria"	"Maiduguri"	4	1	5	1960	2977	4937	100397	162689	263086
"2012.03.01"	"Pakistan"	"Bara"	10	3	13	1970	2980	4950	100407	162692	263099
"2012.03.01"	"Afghanistan"	"Kandahar"	2	0	2	1972	2980	4952	100409	162692	263101
"2012.03.01"	"Iraq"	"Sulaymaniyah"	1	0	1	1973	2980	4953	100410	162692	263102
"2012.03.02"	"Pakistan"	"Tirah Bazaar"	25	18	43	1998	2998	4996	100435	162710	263145
"2012.03.02"	"Pakistan"	"Peshawar"	1	0	1	1999	2998	4997	100436	162710	263146
"2012.03.02"	"Nigeria"	"Kano"	1	0	1	2000	2998	4998	100437	162710	263147
"2012.03.02"	"Thailand"	"Pattani"	1	1	2	2001	2999	5000	100438	162711	263149
"2012.03.02"	"Thailand"	"Pattani"	2	0	2	2003	2999	5002	100440	162711	263151
"2012.03.03"	"Algeria"	"Tamanrasset"	0	23	23	2003	3022	5025	100440	162734	263174
"2012.03.03"	"Syria"	"Dara"	3	20	23	2006	3042	5048	100443	162754	263197
"2012.03.03"	"Afghanistan"	"Nangarhar"	4	0	4	2010	3042	5052	100447	162754	263201
"2012.03.03"	"Yemen"	"al-Bayda"	2	5	7	2012	3047	5059	100449	162759	263208
"2012.03.03"	"Pakistan"	"Peshawar"	2	2	4	2014	3049	5063	100451	162761	263212
"2012.03.03"	"Philippines"	"Jolo"	2	13	15	2016	3062	5078	100453	162774	263227
"2012.03.04"	"Yemen"	"Zinjibar"	185	91	276	2201	3153	5354	100638	162865	263503
"2012.03.04"	"Pakistan"	"Dera Ismail Khan"	0	5	5	2201	3158	5359	100638	162870	263508
"2012.03.04"	"Yemen"	"Zinjibar"	15	12	27	2216	3170	5386	100653	162882	263535
"2012.03.04"	"Dagestan"	"Khasavyurt"	3	0	3	2219	3170	5389	100656	162882	263538
"2012.03.04"	"Syria"	"Aleppo"	1	4	5	2220	3174	5394	100657	162886	263543
"2012.03.04"	"Yemen"	"Hadramout"	1	0	1	2221	3174	5395	100658	162886	263544
"2012.03.04"	"Nigeria"	"Gamborou"	2	0	2	2223	3174	5397	100660	162886	263546
"2012.03.04"	"Nigeria"	"Maiduguri"	2	0	2	2225	3174	5399	100662	162886	263548
"2012.03.04"	"Nigeria"	"Benue"	21	13	34	2246	3187	5433	100683	162899	263582
"2012.03.04"	"Pakistan"	"Larkana"	2	0	2	2248	3187	5435	100685	162899	263584
"2012.03.04"	"Egypt"	"Abu Al-Reesh"	0	2	2	2248	3189	5437	100685	162901	263586
"2012.03.05"	"Iraq"	"Haditha"	27	3	30	2275	3192	5467	100712	162904	263616
"2012.03.05"	"Somalia"	"Mogadishu"	2	0	2	2277	3192	5469	100714	162904	263618
"2012.03.05"	"Iraq"	"Mosul"	3	2	5	2280	3194	5474	100717	162906	263623
"2012.03.05"	"Pakistan"	"Akkakhel"	1	0	1	2281	3194	5475	100718	162906	263624
"2012.03.05"	"Yemen"	"Bayda"	1	2	3	2282	3196	5478	100719	162908	263627
"2012.03.05"	"Afghanistan"	"Parwan"	2	4	6	2284	3200	5484	100721	162912	263633
"2012.03.05"	"Afghanistan"	"Jalalabad"	1	12	13	2285	3212	5497	100722	162924	263646
"2012.03.05"	"Nigeria"	"Kano"	2	2	4	2287	3214	5501	100724	162926	263650
"2012.03.05"	"Thailand"	"Narathiwat"	1	7	8	2288	3221	5509	100725	162933	263658
"2012.03.06"	"Bangladesh"	"Dhaka"	1	0	1	2289	3221	5510	100726	162933	263659
"2012.03.06"	"Dagestan"	"Karabudakhkent"	5	2	7	2294	3223	5517	100731	162935	263666
"2012.03.06"	"Thailand"	"Yala"	1	1	2	2295	3224	5519	100732	162936	263668
"2012.03.06"	"Nigeria"	"Potiskum"	1	0	1	2296	3224	5520	100733	162936	263669
"2012.03.06"	"Afghanistan"	"Uruzgan"	9	0	9	2305	3224	5529	100742	162936	263678
"2012.03.06"	"Iraq"	"Baghdad"	56	0	56	2361	3224	5585	100798	162936	263734
"2012.03.07"	"Iraq"	"Baghdad"	2	0	2	2363	3224	5587	100800	162936	263736
"2012.03.07"	"Yemen"	"Amran"	7	0	7	2370	3224	5594	100807	162936	263743
"2012.03.07"	"Pakistan"	"Kohat"	0	4	4	2370	3228	5598	100807	162940	263747
"2012.03.07"	"Pakistan"	"Peshawar"	1	3	4	2371	3231	5602	100808	162943	263751
"2012.03.07"	"Thailand"	"Narathiwat"	4	1	5	2375	3232	5607	100812	162944	263756
"2012.03.07"	"Pakistan"	"Karachi"	1	0	1	2376	3232	5608	100813	162944	263757
"2012.03.07"	"Pakistan"	"Peshawar"	4	0	4	2380	3232	5612	100817	162944	263761
"2012.03.07"	"Pakistan"	"Bara"	1	0	1	2381	3232	5613	100818	162944	263762
"2012.03.07"	"Yemen"	"Shabwa"	1	4	5	2382	3236	5618	100819	162948	263767
"2012.03.07"	"Afghanistan"	"Spin Boldak"	4	10	14	2386	3246	5632	100823	162958	263781
"2012.03.07"	"Iraq"	"Tal Afar"	14	23	37	2400	3269	5669	100837	162981	263818
"2012.03.07"	"Iraq"	"Baghdad"	4	14	18	2404	3283	5687	100841	162995	263836
"2012.03.07"	"Nigeria"	"Bilala"	4	0	4	2408	3283	5691	100845	162995	263840
"2012.03.08"	"Nigeria"	"Kadarko"	9	50	59	2417	3333	5750	100854	163045	263899
"2012.03.08"	"Nigeria"	"Sokoto"	2	0	2	2419	3333	5752	100856	163045	263901
"2012.03.08"	"Pakistan"	"Mohllah Dak-Khana"	2	0	2	2421	3333	5754	100858	163045	263903
"2012.03.08"	"Nigeria"	"Ashaka"	7	3	10	2428	3336	5764	100865	163048	263913
"2012.03.09"	"Afghanistan"	"Lalpur"	2	0	2	2430	3336	5766	100867	163048	263915
"2012.03.09"	"Nigeria"	"Maiduguri"	1	0	1	2431	3336	5767	100868	163048	263916
"2012.03.09"	"Nigeria"	"Mashimary"	1	0	1	2432	3336	5768	100869	163048	263917
"2012.03.09"	"Nigeria"	"Gombe"	1	0	1	2433	3336	5769	100870	163048	263918
"2012.03.09"	"Thailand"	"Yala"	2	12	14	2435	3348	5783	100872	163060	263932
"2012.03.09"	"Pakistan"	"Khar Qamar"	7	0	7	2442	3348	5790	100879	163060	263939
"2012.03.09"	"Pakistan"	"Feroz Khail"	1	0	1	2443	3348	5791	100880	163060	263940
"2012.03.09"	"India"	"Nutangram"	0	1	1	2443	3349	5792	100880	163061	263941
"2012.03.10"	"Thailand"	"Narathiwat"	1	0	1	2444	3349	5793	100881	163061	263942
"2012.03.10"	"Thailand"	"Pattani"	1	0	1	2445	3349	5794	100882	163061	263943
"2012.03.10"	"Pakistan"	"Bara"	4	15	19	2449	3364	5813	100886	163076	263962
"2012.03.10"	"Somalia"	"Yurkud"	6	0	6	2455	3364	5819	100892	163076	263968
"2012.03.10"	"Kenya"	"Nairobi"	6	40	46	2461	3404	5865	100898	163116	264014
"2012.03.10"	"Pakistan"	"Khadim Solangi Goth"	1	0	1	2462	3404	5866	100899	163116	264015
"2012.03.11"	"Pakistan"	"Tappai"	2	0	2	2464	3404	5868	100901	163116	264017
"2012.03.11"	"Pakistan"	"Ghalanai"	5	7	12	2469	3411	5880	100906	163123	264029
"2012.03.11"	"Pakistan"	"Alamgudar"	1	0	1	2470	3411	5881	100907	163123	264030
"2012.03.11"	"Nigeria"	"Bama"	2	0	2	2472	3411	5883	100909	163123	264032
"2012.03.11"	"Pakistan"	"Badabher"	17	40	57	2489	3451	5940	100926	163163	264089
"2012.03.11"	"Iraq"	"Baqubah"	2	1	3	2491	3452	5943	100928	163164	264092
"2012.03.11"	"Nigeria"	"Jos"	11	22	33	2502	3474	5976	100939	163186	264125
"2012.03.11"	"Iraq"	"Tarmiyah"	5	0	5	2507	3474	5981	100944	163186	264130
"2012.03.11"	"Nigeria"	"Chugwi"	3	3	6	2510	3477	5987	100947	163189	264136
"2012.03.11"	"France"	"Toulouse"	1	0	1	2511	3477	5988	100948	163189	264137
"2012.03.12"	"Belgium"	"Anderlecht"	1	1	2	2512	3478	5990	100949	163190	264139
"2012.03.12"	"Afghanistan"	"Panjwai"	1	2	3	2513	3480	5993	100950	163192	264142
"2012.03.12"	"Iraq"	"Baghdad"	9	14	23	2522	3494	6016	100959	163206	264165
"2012.03.12"	"Pakistan"	"Kurram"	2	17	19	2524	3511	6035	100961	163223	264184
"2012.03.12"	"Nigeria"	"Maiduguri"	2	0	2	2526	3511	6037	100963	163223	264186
"2012.03.12"	"Nigeria"	"Bum"	2	3	5	2528	3514	6042	100965	163226	264191
"2012.03.12"	"Syria"	"Deraa"	1	25	26	2529	3539	6068	100966	163251	264217
"2012.03.13"	"Yemen"	"al-Bayda"	4	4	8	2533	3543	6076	100970	163255	264225
"2012.03.13"	"Nigeria"	"Kano"	2	0	2	2535	3543	6078	100972	163255	264227
"2012.03.13"	"Nigeria"	"Mubi"	5	3	8	2540	3546	6086	100977	163258	264235
"2012.03.13"	"Iraq"	"Kirkuk"	1	2	3	2541	3548	6089	100978	163260	264238
"2012.03.13"	"Iraq"	"Mosul"	2	0	2	2543	3548	6091	100980	163260	264240
"2012.03.13"	"Iraq"	"Mosul"	4	3	7	2547	3551	6098	100984	163263	264247
"2012.03.14"	"Pakistan"	"Mattani"	1	5	6	2548	3556	6104	100985	163268	264253
"2012.03.14"	"Pakistan"	"Mamond Tehsil"	6	3	9	2554	3559	6113	100991	163271	264262
"2012.03.14"	"Somalia"	"Mogadishu"	4	10	14	2558	3569	6127	100995	163281	264276
"2012.03.14"	"Afghanistan"	"Kandahar"	1	2	3	2559	3571	6130	100996	163283	264279
"2012.03.14"	"Afghanistan"	"Helmand"	8	0	8	2567	3571	6138	101004	163283	264287
"2012.03.15"	"Nigeria"	"Nayi"	10	4	14	2577	3575	6152	101014	163287	264301
"2012.03.15"	"Afghanistan"	"Uruzgan"	13	2	15	2590	3577	6167	101027	163289	264316
"2012.03.15"	"Indonesia"	"Semarang"	0	3	3	2590	3580	6170	101027	163292	264319
"2012.03.15"	"Thailand"	"Pattani"	1	1	2	2591	3581	6172	101028	163293	264321
"2012.03.15"	"Pakistan"	"Peshawar"	1	5	6	2592	3586	6178	101029	163298	264327
"2012.03.15"	"France"	"Montauban"	2	1	3	2594	3587	6181	101031	163299	264330
"2012.03.16"	"Pakistan"	"Sheikhabad"	1	0	1	2595	3587	6182	101032	163299	264331
"2012.03.16"	"Pakistan"	"Karachi"	1	1	2	2596	3588	6184	101033	163300	264333
"2012.03.16"	"Pakistan"	"Parchar Khel"	0	16	16	2596	3604	6200	101033	163316	264349
"2012.03.17"	"Thailand"	"Yala"	1	0	1	2597	3604	6201	101034	163316	264350
"2012.03.17"	"Pakistan"	"Mundi Kas"	3	2	5	2600	3606	6206	101037	163318	264355
"2012.03.17"	"Pakistan"	"Islamabad"	1	0	1	2601	3606	6207	101038	163318	264356
"2012.03.17"	"Thailand"	"Pattani"	1	4	5	2602	3610	6212	101039	163322	264361
"2012.03.17"	"Pakistan"	"Tunsa Sharif"	1	1	2	2603	3611	6214	101040	163323	264363
"2012.03.17"	"Syria"	"Damascus"	27	140	167	2630	3751	6381	101067	163463	264530
"2012.03.18"	"Yemen"	"Taiz"	1	0	1	2631	3751	6382	101068	163463	264531
"2012.03.18"	"Thailand"	"Pattani"	1	1	2	2632	3752	6384	101069	163464	264533
"2012.03.18"	"Nigeria"	"Suleja"	0	5	5	2632	3757	6389	101069	163469	264538
"2012.03.18"	"Iraq"	"Tikrit"	3	2	5	2635	3759	6394	101072	163471	264543
"2012.03.18"	"Syria"	"Allepo"	2	30	32	2637	3789	6426	101074	163501	264575
"2012.03.18"	"Nigeria"	"Palang"	2	3	5	2639	3792	6431	101076	163504	264580
"2012.03.19"	"Yemen"	"Dalea"	3	2	5	2642	3794	6436	101079	163506	264585
"2012.03.19"	"Thailand"	"Pattani"	1	0	1	2643	3794	6437	101080	163506	264586
"2012.03.19"	"France"	"Toulouse"	4	0	4	2647	3794	6441	101084	163506	264590
"2012.03.19"	"Somalia"	"Mogadishu"	6	7	13	2653	3801	6454	101090	163513	264603
"2012.03.19"	"Pakistan"	"Ahsanpur"	1	0	1	2654	3801	6455	101091	163513	264604
"2012.03.19"	"Pakistan"	"Tirah Valley"	5	0	5	2659	3801	6460	101096	163513	264609
"2012.03.19"	"Pakistan"	"Hangu"	1	0	1	2660	3801	6461	101097	163513	264610
"2012.03.20"	"Pakistan"	"Peshawar"	2	4	6	2662	3805	6467	101099	163517	264616
"2012.03.20"	"Iraq"	"Fallujah"	2	0	2	2664	3805	6469	101101	163517	264618
"2012.03.20"	"Iraq"	"Ba'aj"	3	8	11	2667	3813	6480	101104	163525	264629
"2012.03.20"	"Iraq"	"Mahmudiya"	3	12	15	2670	3825	6495	101107	163537	264644
"2012.03.20"	"Iraq"	"Ramadi"	6	2	8	2676	3827	6503	101113	163539	264652
"2012.03.20"	"Iraq"	"Hilla"	2	30	32	2678	3857	6535	101115	163569	264684
"2012.03.20"	"Iraq"	"Baghdad"	5	28	33	2683	3885	6568	101120	163597	264717
"2012.03.20"	"Iraq"	"Kirkuk"	13	59	72	2696	3944	6640	101133	163656	264789
"2012.03.20"	"Iraq"	"Karbala"	13	50	63	2709	3994	6703	101146	163706	264852
"2012.03.20"	"Iraq"	"Baghdad"	3	0	3	2712	3994	6706	101149	163706	264855
"2012.03.20"	"Nigeria"	"Maiduguri"	2	0	2	2714	3994	6708	101151	163706	264857
"2012.03.20"	"Iraq"	"Baghdad"	2	5	7	2716	3999	6715	101153	163711	264864
"2012.03.20"	"Nigeria"	"Kano"	2	0	2	2718	3999	6717	101155	163711	264866
"2012.03.20"	"Iraq"	"Jludiat"	2	4	6	2720	4003	6723	101157	163715	264872
"2012.03.21"	"Iraq"	"Nineveh"	5	7	12	2725	4010	6735	101162	163722	264884
"2012.03.21"	"Pakistan"	"Tank"	1	0	1	2726	4010	6736	101163	163722	264885
"2012.03.21"	"Iraq"	"Zafaraniyah"	4	0	4	2730	4010	6740	101167	163722	264889
"2012.03.21"	"Afghanistan"	"Muqur"	3	15	18	2733	4025	6758	101170	163737	264907
"2012.03.21"	"Yemen"	"Mukalla"	1	0	1	2734	4025	6759	101171	163737	264908
"2012.03.21"	"Pakistan"	"Zakhakhel"	3	0	3	2737	4025	6762	101174	163737	264911
"2012.03.21"	"Thailand"	"Burangae"	1	3	4	2738	4028	6766	101175	163740	264915
"2012.03.22"	"India"	"Bijbehara"	2	23	25	2740	4051	6791	101177	163763	264940
"2012.03.22"	"Iraq"	"Baghdad"	4	0	4	2744	4051	6795	101181	163763	264944
"2012.03.22"	"Iraq"	"Mosul"	1	0	1	2745	4051	6796	101182	163763	264945
"2012.03.23"	"Pakistan"	"Orakzai"	3	5	8	2748	4056	6804	101185	163768	264953
"2012.03.23"	"Pakistan"	"Kolay"	13	7	20	2761	4063	6824	101198	163775	264973
"2012.03.23"	"Dagestan"	"Buinaksk"	2	0	2	2763	4063	6826	101200	163775	264975
"2012.03.23"	"Pakistan"	"Wana"	2	3	5	2765	4066	6831	101202	163778	264980
"2012.03.23"	"Nigeria"	"Maiduguri"	2	0	2	2767	4066	6833	101204	163778	264982
"2012.03.23"	"Pal. Auth."	"Gaza"	1	0	1	2768	4066	6834	101205	163778	264983
"2012.03.24"	"Pakistan"	"Shirani"	4	4	8	2772	4070	6842	101209	163782	264991
"2012.03.24"	"Pakistan"	"Shero Jhangi"	4	2	6	2776	4072	6848	101213	163784	264997
"2012.03.24"	"Pakistan"	"Quetta"	1	0	1	2777	4072	6849	101214	163784	264998
"2012.03.24"	"Pakistan"	"Karachi"	2	0	2	2779	4072	6851	101216	163784	265000
"2012.03.24"	"Afghanistan"	"Kandahar"	9	1	10	2788	4073	6861	101225	163785	265010
"2012.03.24"	"Pakistan"	"Pango Mor"	2	0	2	2790	4073	6863	101227	163785	265012
"2012.03.24"	"Afghanistan"	"Trinkot"	4	0	4	2794	4073	6867	101231	163785	265016
"2012.03.24"	"Yemen"	"Huta"	1	2	3	2795	4075	6870	101232	163787	265019
"2012.03.25"	"Thailand"	"Pattani"	1	0	1	2796	4075	6871	101233	163787	265020
"2012.03.25"	"Thailand"	"Pattani"	1	0	1	2797	4075	6872	101234	163787	265021
"2012.03.25"	"Thailand"	"Narathiwat"	1	0	1	2798	4075	6873	101235	163787	265022
"2012.03.25"	"Pakistan"	"Rajanpur"	2	0	2	2800	4075	6875	101237	163787	265024
"2012.03.25"	"Pakistan"	"Faisalabad"	1	0	1	2801	4075	6876	101238	163787	265025
"2012.03.25"	"Nigeria"	"Maiduguri"	3	0	3	2804	4075	6879	101241	163787	265028
"2012.03.25"	"Algeria"	"Algiers"	1	0	1	2805	4075	6880	101242	163787	265029
"2012.03.26"	"Afghanistan"	"Mirwais"	0	4	4	2805	4079	6884	101242	163791	265033
"2012.03.26"	"Afghanistan"	"Paktika"	1	0	1	2806	4079	6885	101243	163791	265034
"2012.03.26"	"Nigeria"	"Takum"	2	2	4	2808	4081	6889	101245	163793	265038
"2012.03.26"	"Morocco"	"Fez"	1	0	1	2809	4081	6890	101246	163793	265039
"2012.03.26"	"Pakistan"	"Badan Kot"	1	0	1	2810	4081	6891	101247	163793	265040
"2012.03.26"	"Afghanistan"	"Lashkar Gar"	2	0	2	2812	4081	6893	101249	163793	265042
"2012.03.26"	"Somalia"	"Mogadishu"	2	7	9	2814	4088	6902	101251	163800	265051
"2012.03.27"	"Iraq"	"Ghazaliya"	1	2	3	2815	4090	6905	101252	163802	265054
"2012.03.27"	"Iraq"	"Hamam Alil"	2	2	4	2817	4092	6909	101254	163804	265058
"2012.03.27"	"Iraq"	"Jahoni"	4	0	4	2821	4092	6913	101258	163804	265062
"2012.03.27"	"Somalia"	"Mogadishu"	2	0	2	2823	4092	6915	101260	163804	265064
"2012.03.28"	"Nigeria"	"Damagun"	1	2	3	2824	4094	6918	101261	163806	265067
"2012.03.28"	"Nigeria"	"Maiduguri"	1	0	1	2825	4094	6919	101262	163806	265068
"2012.03.28"	"Pakistan"	"Nazimabad"	1	0	1	2826	4094	6920	101263	163806	265069
"2012.03.29"	"Pakistan"	"Quetta"	5	6	11	2831	4100	6931	101268	163812	265080
"2012.03.29"	"Pakistan"	"Mastung"	2	0	2	2833	4100	6933	101270	163812	265082
"2012.03.29"	"Thailand"	"Pattani"	1	0	1	2834	4100	6934	101271	163812	265083
"2012.03.30"	"Pakistan"	"Rabwah"	1	0	1	2835	4100	6935	101272	163812	265084
"2012.03.30"	"Afghanistan"	"Yayakhil"	9	0	9	2844	4100	6944	101281	163812	265093
"2012.03.30"	"Nigeria"	"Askira Uba"	2	0	2	2846	4100	6946	101283	163812	265095
"2012.03.30"	"India"	"Nutangram"	0	1	1	2846	4101	6947	101283	163813	265096
"2012.03.31"	"Afghanistan"	"Gizab"	3	2	5	2849	4103	6952	101286	163815	265101
"2012.03.31"	"Thailand"	"Yala"	9	105	114	2858	4208	7066	101295	163920	265215
"2012.03.31"	"Yemen"	"Mallah"	17	11	28	2875	4219	7094	101312	163931	265243
"2012.03.31"	"Kenya"	"Mtwapa"	2	30	32	2877	4249	7126	101314	163961	265275
"2012.03.31"	"Dagestan"	"Khasavyurt"	2	0	2	2879	4249	7128	101316	163961	265277
"2012.03.31"	"Kenya"	"Mombasa"	1	12	13	2880	4261	7141	101317	163973	265290
"2012.03.31"	"Thailand"	"Yala"	5	350	355	2885	4611	7496	101322	164323	265645
"2012.04.01"	"Yemen"	"Hadramout"	7	0	7	2892	4611	7503	101329	164323	265652
"2012.04.01"	"Afghanistan"	"Tarin Kot"	2	0	2	2894	4611	7505	101331	164323	265654
"2012.04.01"	"Nigeria"	"Maiduguri"	1	0	1	2895	4611	7506	101332	164323	265655
"2012.04.02"	"Thailand"	"Pattani"	2	0	2	2897	4611	7508	101334	164323	265657
"2012.04.02"	"Pakistan"	"Quetta"	2	0	2	2899	4611	7510	101336	164323	265659
"2012.04.02"	"Pakistan"	"Shah Wali"	1	0	1	2900	4611	7511	101337	164323	265660
"2012.04.02"	"Iraq"	"Dujail"	4	0	4	2904	4611	7515	101341	164323	265664
"2012.04.02"	"Pakistan"	"Sadda Bazaar"	1	13	14	2905	4624	7529	101342	164336	265678
"2012.04.02"	"Afghanistan"	"Kandahar"	2	23	25	2907	4647	7554	101344	164359	265703
"2012.04.02"	"Pakistan"	"Mohmand"	4	7	11	2911	4654	7565	101348	164366	265714
"2012.04.02"	"Nigeria"	"Maiduguri"	1	0	1	2912	4654	7566	101349	164366	265715
"2012.04.02"	"Israel"	"Jerusalem"	0	1	1	2912	4655	7567	101349	164367	265716
"2012.04.03"	"Iraq"	"Tikrit"	1	0	1	2913	4655	7568	101350	164367	265717
"2012.04.03"	"Pakistan"	"Gilgit"	10	0	10	2923	4655	7578	101360	164367	265727
"2012.04.03"	"Iraq"	"Diwaniya"	1	0	1	2924	4655	7579	101361	164367	265728
"2012.04.03"	"Pakistan"	"Gari Bagh"	6	50	56	2930	4705	7635	101367	164417	265784
"2012.04.03"	"Afghanistan"	"Nahri Sarraj"	6	3	9	2936	4708	7644	101373	164420	265793
"2012.04.03"	"Pakistan"	"Miranshah"	1	2	3	2937	4710	7647	101374	164422	265796
"2012.04.03"	"Afghanistan"	"Wardoj"	3	11	14	2940	4721	7661	101377	164433	265810
"2012.04.04"	"Afghanistan"	"Khak Safid"	10	0	10	2950	4721	7671	101387	164433	265820
"2012.04.04"	"Pakistan"	"Jamrud"	6	7	13	2956	4728	7684	101393	164440	265833
"2012.04.04"	"Somalia"	"Mogadishu"	10	24	34	2966	4752	7718	101403	164464	265867
"2012.04.04"	"Afghanistan"	"Maimanah"	12	26	38	2978	4778	7756	101415	164490	265905
"2012.04.04"	"Iraq"	"Dhuluiyah"	6	10	16	2984	4788	7772	101421	164500	265921
"2012.04.04"	"Nigeria"	"Maiduguri"	9	0	9	2993	4788	7781	101430	164500	265930
"2012.04.04"	"Pakistan"	"Sheikhupura"	2	0	2	2995	4788	7783	101432	164500	265932
"2012.04.04"	"Iraq"	"Hamdaniya"	4	3	7	2999	4791	7790	101436	164503	265939
"2012.04.04"	"Iraq"	"Kirkuk"	1	0	1	3000	4791	7791	101437	164503	265940
"2012.04.05"	"Somalia"	"Mogadishu"	1	0	1	3001	4791	7792	101438	164503	265941
"2012.04.05"	"Afghanistan"	"Badakhshan"	2	16	18	3003	4807	7810	101440	164519	265959
"2012.04.05"	"Thailand"	"Pattani"	1	1	2	3004	4808	7812	101441	164520	265961
"2012.04.05"	"Algeria"	"Tizi-Ouzou"	1	2	3	3005	4810	7815	101442	164522	265964
"2012.04.05"	"Pakistan"	"Karachi"	4	14	18	3009	4824	7833	101446	164536	265982
"2012.04.05"	"Philippines"	"Sumisip"	4	7	11	3013	4831	7844	101450	164543	265993
"2012.04.05"	"Pakistan"	"Karachi"	1	0	1	3014	4831	7845	101451	164543	265994
"2012.04.06"	"Yemen"	"Mansoura"	1	0	1	3015	4831	7846	101452	164543	265995
"2012.04.06"	"Afghanistan"	"Kunar"	2	1	3	3017	4832	7849	101454	164544	265998
"2012.04.06"	"Azerbaijan"	"Ganja"	1	0	1	3018	4832	7850	101455	164544	265999
"2012.04.06"	"Pakistan"	"Karachi"	1	0	1	3019	4832	7851	101456	164544	266000
"2012.04.06"	"Dagestan"	"Khasavyurtovsky"	1	0	1	3020	4832	7852	101457	164544	266001
"2012.04.07"	"Turkey"	"Bahcelievler"	0	1	1	3020	4833	7853	101457	164545	266002
"2012.04.07"	"Iraq"	"Karrada"	2	9	11	3022	4842	7864	101459	164554	266013
"2012.04.07"	"Lebanon"	"Jusiyeh"	7	21	28	3029	4863	7892	101466	164575	266041
"2012.04.07"	"Iraq"	"Khan Bani Saad"	3	0	3	3032	4863	7895	101469	164575	266044
"2012.04.07"	"Pakistan"	"Karachi"	1	0	1	3033	4863	7896	101470	164575	266045
"2012.04.07"	"Mali"	"Timbuktu"	1	0	1	3034	4863	7897	101471	164575	266046
"2012.04.08"	"Pakistan"	"Khapiyanga"	2	0	2	3036	4863	7899	101473	164575	266048
"2012.04.08"	"Nigeria"	"Kaduna"	41	33	74	3077	4896	7973	101514	164608	266122
"2012.04.09"	"Somalia"	"Baidoa"	12	30	42	3089	4926	8015	101526	164638	266164
"2012.04.09"	"Pakistan"	"Quetta"	6	2	8	3095	4928	8023	101532	164640	266172
"2012.04.09"	"Nigeria"	"Dikwa"	3	0	3	3098	4928	8026	101535	164640	266175
"2012.04.09"	"Nigeria"	"Potiskum"	1	2	3	3099	4930	8029	101536	164642	266178
"2012.04.09"	"Yemen"	"Loder"	20	3	23	3119	4933	8052	101556	164645	266201
"2012.04.10"	"Pakistan"	"Speen Qabar"	7	0	7	3126	4933	8059	101563	164645	266208
"2012.04.10"	"Afghanistan"	"Musa Qala"	8	5	13	3134	4938	8072	101571	164650	266221
"2012.04.10"	"Afghanistan"	"Guzara"	14	23	37	3148	4961	8109	101585	164673	266258
"2012.04.10"	"Yemen"	"Abar"	8	4	12	3156	4965	8121	101593	164677	266270
"2012.04.10"	"Nigeria"	"Banki"	5	5	10	3161	4970	8131	101598	164682	266280
"2012.04.10"	"Philippines"	"Sumisip"	1	26	27	3162	4996	8158	101599	164708	266307
"2012.04.10"	"Algeria"	"Kabylie"	1	2	3	3163	4998	8161	101600	164710	266310
"2012.04.11"	"Iraq"	"Baqubah"	5	6	11	3168	5004	8172	101605	164716	266321
"2012.04.11"	"Mali"	"Timbuktu"	1	0	1	3169	5004	8173	101606	164716	266322
"2012.04.11"	"Iraq"	"Mosul"	2	0	2	3171	5004	8175	101608	164716	266324
"2012.04.11"	"Philippines"	"Carmen"	3	16	19	3174	5020	8194	101611	164732	266343
"2012.04.11"	"Afghanistan"	"Dawlat Shahi"	1	1	2	3175	5021	8196	101612	164733	266345
"2012.04.12"	"Pakistan"	"Quetta"	1	1	2	3176	5022	8198	101613	164734	266347
"2012.04.12"	"Pakistan"	"Quetta"	2	0	2	3178	5022	8200	101615	164734	266349
"2012.04.12"	"Iraq"	"Kirkuk"	5	5	10	3183	5027	8210	101620	164739	266359
"2012.04.12"	"Thailand"	"Pattani"	3	0	3	3186	5027	8213	101623	164739	266362
"2012.04.12"	"Afghanistan"	"Garmser"	2	6	8	3188	5033	8221	101625	164745	266370
"2012.04.12"	"Nigeria"	"Maiduguri"	5	3	8	3193	5036	8229	101630	164748	266378
"2012.04.12"	"Yemen"	"Moudia"	3	0	3	3196	5036	8232	101633	164748	266381
"2012.04.12"	"Macedonia"	"Smilkovsko"	5	0	5	3201	5036	8237	101638	164748	266386
"2012.04.13"	"Afghanistan"	"Khanabad"	5	5	10	3206	5041	8247	101643	164753	266396
"2012.04.13"	"Pakistan"	"Quetta"	1	0	1	3207	5041	8248	101644	164753	266397
"2012.04.13"	"Iraq"	"Baghdad"	2	6	8	3209	5047	8256	101646	164759	266405
"2012.04.13"	"Iraq"	"Samarra"	5	6	11	3214	5053	8267	101651	164765	266416
"2012.04.13"	"Pakistan"	"Bajri"	1	0	1	3215	5053	8268	101652	164765	266417
"2012.04.14"	"Pakistan"	"Shal Kot"	1	0	1	3216	5053	8269	101653	164765	266418
"2012.04.14"	"Yemen"	"al-Jawalah"	5	0	5	3221	5053	8274	101658	164765	266423
"2012.04.14"	"Pakistan"	"Quetta"	8	0	8	3229	5053	8282	101666	164765	266431
"2012.04.14"	"Pakistan"	"Ghaniur Rehman"	1	0	1	3230	5053	8283	101667	164765	266432
"2012.04.14"	"Iraq"	"Baiji"	1	14	15	3231	5067	8298	101668	164779	266447
"2012.04.15"	"South Sudan"	"Bentiu"	2	8	10	3233	5075	8308	101670	164787	266457
"2012.04.15"	"South Sudan"	"Mayom"	7	14	21	3240	5089	8329	101677	164801	266478
"2012.04.15"	"Iraq"	"Baqubah"	4	0	4	3244	5089	8333	101681	164801	266482
"2012.04.15"	"Pakistan"	"Sheikhupura"	1	0	1	3245	5089	8334	101682	164801	266483
"2012.04.15"	"Afghanistan"	"Kabul"	12	65	77	3257	5154	8411	101694	164866	266560
"2012.04.15"	"Pakistan"	"Mohmand"	2	0	2	3259	5154	8413	101696	164866	266562
"2012.04.15"	"Iraq"	"Kirkuk"	1	15	16	3260	5169	8429	101697	164881	266578
"2012.04.15"	"Iraq"	"Hawija"	1	0	1	3261	5169	8430	101698	164881	266579
"2012.04.15"	"Iraq"	"Taji"	3	2	5	3264	5171	8435	101701	164883	266584
"2012.04.15"	"Afghanistan"	"Mahmud-i-Raqi"	4	0	4	3268	5171	8439	101705	164883	266588
"2012.04.15"	"Egypt"	"el-Arish"	2	1	3	3270	5172	8442	101707	164884	266591
"2012.04.15"	"Yemen"	"Lawder"	3	0	3	3273	5172	8445	101710	164884	266594
"2012.04.15"	"Yemen"	"Hadramawt"	3	0	3	3276	5172	8448	101713	164884	266597
"2012.04.16"	"Pakistan"	"Korangi"	2	0	2	3278	5172	8450	101715	164884	266599
"2012.04.16"	"Iraq"	"Rashidiya"	4	3	7	3282	5175	8457	101719	164887	266606
"2012.04.16"	"Nigeria"	"Maiduguri"	2	0	2	3284	5175	8459	101721	164887	266608
"2012.04.16"	"Pakistan"	"Khazana"	1	2	3	3285	5177	8462	101722	164889	266611
"2012.04.16"	"Dagestan"	"Makhachkala"	1	1	2	3286	5178	8464	101723	164890	266613
"2012.04.16"	"Pakistan"	"Quetta"	1	0	1	3287	5178	8465	101724	164890	266614
"2012.04.17"	"Pakistan"	"Asharey"	1	0	1	3288	5178	8466	101725	164890	266615
"2012.04.17"	"Iraq"	"Bagdhad"	4	6	10	3292	5184	8476	101729	164896	266625
"2012.04.17"	"Pakistan"	"Karachi"	1	0	1	3293	5184	8477	101730	164896	266626
"2012.04.17"	"Afghanistan"	"Dilaram"	2	4	6	3295	5188	8483	101732	164900	266632
"2012.04.17"	"Afghanistan"	"Takhar"	0	150	150	3295	5338	8633	101732	165050	266782
"2012.04.17"	"Yemen"	"al-Bayda"	6	4	10	3301	5342	8643	101738	165054	266792
"2012.04.17"	"Somalia"	"Baidoa"	1	0	1	3302	5342	8644	101739	165054	266793
"2012.04.18"	"Nigeria"	"Maiduguri"	2	0	2	3304	5342	8646	101741	165054	266795
"2012.04.19"	"Israel"	"Jerusalem"	0	1	1	3304	5343	8647	101741	165055	266796
"2012.04.19"	"Nigeria"	"Damaturu"	1	0	1	3305	5343	8648	101742	165055	266797
"2012.04.19"	"Nigeria"	"Maiduguri"	5	0	5	3310	5343	8653	101747	165055	266802
"2012.04.19"	"Afghanistan"	"Lagrai"	4	7	11	3314	5350	8664	101751	165062	266813
"2012.04.19"	"Iraq"	"Fallujah"	7	7	14	3321	5357	8678	101758	165069	266827
"2012.04.19"	"Iraq"	"Mosul"	5	5	10	3326	5362	8688	101763	165074	266837
"2012.04.19"	"Iraq"	"Taji"	5	9	14	3331	5371	8702	101768	165083	266851
"2012.04.19"	"Iraq"	"Kirkuk"	4	19	23	3335	5390	8725	101772	165102	266874
"2012.04.19"	"Iraq"	"Ramadi"	8	10	18	3343	5400	8743	101780	165112	266892
"2012.04.19"	"Iraq"	"Samarrah"	10	9	19	3353	5409	8762	101790	165121	266911
"2012.04.19"	"Iraq"	"al-Malhaa"	9	24	33	3362	5433	8795	101799	165145	266944
"2012.04.19"	"Pakistan"	"Shawa"	5	24	29	3367	5457	8824	101804	165169	266973
"2012.04.19"	"Iraq"	"Baghdad"	11	49	60	3378	5506	8884	101815	165218	267033
"2012.04.19"	"Nigeria"	"Kano"	2	0	2	3380	5506	8886	101817	165218	267035
"2012.04.19"	"Iran"	"Marwdasht"	1	0	1	3381	5506	8887	101818	165218	267036
"2012.04.20"	"India"	"Srinagar"	1	0	1	3382	5506	8888	101819	165218	267037
"2012.04.20"	"Iraq"	"Baghdad"	1	0	1	3383	5506	8889	101820	165218	267038
"2012.04.20"	"Iraq"	"al-Amiriyah"	2	4	6	3385	5510	8895	101822	165222	267044
"2012.04.21"	"Pakistan"	"North Waziristan"	2	0	2	3387	5510	8897	101824	165222	267046
"2012.04.21"	"Iraq"	"Baghdad"	3	12	15	3390	5522	8912	101827	165234	267061
"2012.04.21"	"Pakistan"	"Quetta"	2	0	2	3392	5522	8914	101829	165234	267063
"2012.04.22"	"Pakistan"	"Adezai"	4	0	4	3396	5522	8918	101833	165234	267067
"2012.04.22"	"Pakistan"	"Karachi"	1	0	1	3397	5522	8919	101834	165234	267068
"2012.04.22"	"Uganda"	"Kampala"	1	0	1	3398	5522	8920	101835	165234	267069
"2012.04.23"	"Thailand"	"Pattani"	1	0	1	3399	5522	8921	101836	165234	267070
"2012.04.23"	"Iraq"	"Baghdad"	2	0	2	3401	5522	8923	101838	165234	267072
"2012.04.23"	"Iraq"	"Tikrit"	2	1	3	3403	5523	8926	101840	165235	267075
"2012.04.23"	"Lebanon"	"Tyre"	0	5	5	3403	5528	8931	101840	165240	267080
"2012.04.23"	"Sudan"	"Bentiu"	1	2	3	3404	5530	8934	101841	165242	267083
"2012.04.23"	"Sweden"	"Landskrona"	1	0	1	3405	5530	8935	101842	165242	267084
"2012.04.24"	"Thailand"	"Narathiwat"	1	0	1	3406	5530	8936	101843	165242	267085
"2012.04.24"	"India"	"Nadia"	1	0	1	3407	5530	8937	101844	165242	267086
"2012.04.24"	"Nigeria"	"Damaturu"	5	6	11	3412	5536	8948	101849	165248	267097
"2012.04.24"	"Pakistan"	"Lahore"	4	27	31	3416	5563	8979	101853	165275	267128
"2012.04.24"	"Nigeria"	"Jos"	1	9	10	3417	5572	8989	101854	165284	267138
"2012.04.24"	"Nigeria"	"Gwa-Rim"	5	0	5	3422	5572	8994	101859	165284	267143
"2012.04.24"	"Iraq"	"Mosul"	2	2	4	3424	5574	8998	101861	165286	267147
"2012.04.24"	"Iraq"	"Mosul"	2	0	2	3426	5574	9000	101863	165286	267149
"2012.04.24"	"Pakistan"	"Bara Qadeem"	1	3	4	3427	5577	9004	101864	165289	267153
"2012.04.25"	"Nigeria"	"Riyom"	5	5	10	3432	5582	9014	101869	165294	267163
"2012.04.25"	"Afghanistan"	"Badakhshan"	3	11	14	3435	5593	9028	101872	165305	267177
"2012.04.25"	"Afghanistan"	"Kandahar"	2	3	5	3437	5596	9033	101874	165308	267182
"2012.04.25"	"Thailand"	"Narathiwat"	0	8	8	3437	5604	9041	101874	165316	267190
"2012.04.25"	"Thailand"	"Pattani"	2	0	2	3439	5604	9043	101876	165316	267192
"2012.04.25"	"Nigeria"	"Abuja"	2	2	4	3441	5606	9047	101878	165318	267196
"2012.04.26"	"Iraq"	"Baghdad"	9	14	23	3450	5620	9070	101887	165332	267219
"2012.04.26"	"Syria"	"Erbin"	4	0	4	3454	5620	9074	101891	165332	267223
"2012.04.26"	"Nigeria"	"Kaduna"	4	19	23	3458	5639	9097	101895	165351	267246
"2012.04.26"	"Nigeria"	"Abuja"	4	8	12	3462	5647	9109	101899	165359	267258
"2012.04.26"	"Afghanistan"	"Maidan Wardak"	3	3	6	3465	5650	9115	101902	165362	267264
"2012.04.26"	"Iraq"	"Garma"	10	18	28	3475	5668	9143	101912	165380	267292
"2012.04.26"	"Israel"	"Jerusalem"	0	3	3	3475	5671	9146	101912	165383	267295
"2012.04.26"	"Iraq"	"Hurriyah"	4	25	29	3479	5696	9175	101916	165408	267324
"2012.04.27"	"Ethiopia"	"Asasa"	5	10	15	3484	5706	9190	101921	165418	267339
"2012.04.27"	"Afghanistan"	"Wardak"	10	0	10	3494	5706	9200	101931	165418	267349
"2012.04.27"	"Iraq"	"Abu Garma"	4	0	4	3498	5706	9204	101935	165418	267353
"2012.04.27"	"Somalia"	"Mogadishu"	4	2	6	3502	5708	9210	101939	165420	267359
"2012.04.27"	"Somalia"	"Hodan"	3	10	13	3505	5718	9223	101942	165430	267372
"2012.04.27"	"Pakistan"	"Khairpur"	0	10	10	3505	5728	9233	101942	165440	267382
"2012.04.27"	"Syria"	"Damascus"	10	28	38	3515	5756	9271	101952	165468	267420
"2012.04.28"	"Yemen"	"Lahj"	1	0	1	3516	5756	9272	101953	165468	267421
"2012.04.28"	"Afghanistan"	"Kandahar"	2	1	3	3518	5757	9275	101955	165469	267424
"2012.04.28"	"Ingushetia"	"Sagopshi"	2	1	3	3520	5758	9278	101957	165470	267427
"2012.04.29"	"Iraq"	"Abu Ghraib"	1	6	7	3521	5764	9285	101958	165476	267434
"2012.04.29"	"Pakistan"	"Quetta"	1	0	1	3522	5764	9286	101959	165476	267435
"2012.04.29"	"Pakistan"	"Jamrud"	2	14	16	3524	5778	9302	101961	165490	267451
"2012.04.29"	"Pakistan"	"Bara"	5	14	19	3529	5792	9321	101966	165504	267470
"2012.04.29"	"Kenya"	"Nairobi"	1	16	17	3530	5808	9338	101967	165520	267487
"2012.04.29"	"Nigeria"	"Maiduguri"	5	6	11	3535	5814	9349	101972	165526	267498
"2012.04.29"	"Nigeria"	"Kano"	16	22	38	3551	5836	9387	101988	165548	267536
"2012.04.30"	"Pakistan"	"Ghari Suhbat Khan"	1	1	2	3552	5837	9389	101989	165549	267538
"2012.04.30"	"Pakistan"	"Karachi"	1	0	1	3553	5837	9390	101990	165549	267539
"2012.04.30"	"Pakistan"	"Karimabad"	2	0	2	3555	5837	9392	101992	165549	267541
"2012.04.30"	"Algeria"	"Mekla"	4	2	6	3559	5839	9398	101996	165551	267547
"2012.04.30"	"Syria"	"Idlib"	8	24	32	3567	5863	9430	102004	165575	267579
"2012.04.30"	"Nigeria"	"Jalingo"	11	26	37	3578	5889	9467	102015	165601	267616
"2012.04.30"	"Afghanistan"	"Paktika"	2	2	4	3580	5891	9471	102017	165603	267620
"2012.04.30"	"Afghanistan"	"Shahjoy"	4	3	7	3584	5894	9478	102021	165606	267627
"2012.05.01"	"Pakistan"	"Karachi"	1	0	1	3585	5894	9479	102022	165606	267628
"2012.05.01"	"Pakistan"	"Quetta"	2	16	18	3587	5910	9497	102024	165622	267646
"2012.05.01"	"Thailand"	"Pattani"	2	6	8	3589	5916	9505	102026	165628	267654
"2012.05.01"	"Nigeria"	"Riyom"	6	6	12	3595	5922	9517	102032	165634	267666
"2012.05.01"	"Somalia"	"Mogadishu"	1	0	1	3596	5922	9518	102033	165634	267667
"2012.05.01"	"Somalia"	"Dusamareb"	4	6	10	3600	5928	9528	102037	165640	267677
"2012.05.01"	"Yemen"	"Sayoun"	2	1	3	3602	5929	9531	102039	165641	267680
"2012.05.02"	"India"	"Terana"	1	0	1	3603	5929	9532	102040	165641	267681
"2012.05.02"	"Egypt"	"Rafah"	1	2	3	3604	5931	9535	102041	165643	267684
"2012.05.02"	"Afghanistan"	"Kabul"	7	17	24	3611	5948	9559	102048	165660	267708
"2012.05.02"	"Thailand"	"Narathiwat"	2	0	2	3613	5948	9561	102050	165660	267710
"2012.05.03"	"Nigeria"	"Potiskum"	56	29	85	3669	5977	9646	102106	165689	267795
"2012.05.03"	"Thailand"	"Pattani"	4	0	4	3673	5977	9650	102110	165689	267799
"2012.05.03"	"Thailand"	"Narathiwat"	1	0	1	3674	5977	9651	102111	165689	267800
"2012.05.03"	"Pakistan"	"Chamarkand"	5	2	7	3679	5979	9658	102116	165691	267807
"2012.05.03"	"Dagestan"	"Makhatchkala"	12	110	122	3691	6089	9780	102128	165801	267929
"2012.05.04"	"Thailand"	"Yala"	1	1	2	3692	6090	9782	102129	165802	267931
"2012.05.04"	"Algeria"	"Boumerdes"	2	1	3	3694	6091	9785	102131	165803	267934
"2012.05.04"	"Afghanistan"	"Nangarhar"	5	0	5	3699	6091	9790	102136	165803	267939
"2012.05.04"	"Nigeria"	"Kumshe"	2	0	2	3701	6091	9792	102138	165803	267941
"2012.05.04"	"Nigeria"	"Taraba"	5	0	5	3706	6091	9797	102143	165803	267946
"2012.05.04"	"Pakistan"	"Khar"	29	72	101	3735	6163	9898	102172	165875	268047
"2012.05.04"	"Egypt"	"Cairo"	3	300	303	3738	6463	10201	102175	166175	268350
"2012.05.05"	"Philippines"	"Iligan"	2	19	21	3740	6482	10222	102177	166194	268371
"2012.05.05"	"Nigeria"	"Maiduguri"	3	4	7	3743	6486	10229	102180	166198	268378
"2012.05.05"	"Thailand"	"Yala"	1	0	1	3744	6486	10230	102181	166198	268379
"2012.05.05"	"Germany"	"Bonn"	0	29	29	3744	6515	10259	102181	166227	268408
"2012.05.05"	"Nigeria"	"Hotoro"	2	0	2	3746	6515	10261	102183	166227	268410
"2012.05.06"	"Pakistan"	"Miranshah"	14	0	14	3760	6515	10275	102197	166227	268424
"2012.05.06"	"Pakistan"	"Miranshah"	3	15	18	3763	6530	10293	102200	166242	268442
"2012.05.06"	"Pakistan"	"Dasht"	1	11	12	3764	6541	10305	102201	166253	268454
"2012.05.06"	"Pakistan"	"Miranshah"	9	12	21	3773	6553	10326	102210	166265	268475
"2012.05.06"	"Pakistan"	"Turbat"	2	1	3	3775	6554	10329	102212	166266	268478
"2012.05.06"	"Afghanistan"	"Kandahar"	1	0	1	3776	6554	10330	102213	166266	268479
"2012.05.07"	"India"	"Kishtwar"	1	3	4	3777	6557	10334	102214	166269	268483
"2012.05.07"	"Yemen"	"Zinjibar"	32	40	72	3809	6597	10406	102246	166309	268555
"2012.05.07"	"Iraq"	"Baghdad"	1	4	5	3810	6601	10411	102247	166313	268560
"2012.05.07"	"Iraq"	"Baqubah"	2	4	6	3812	6605	10417	102249	166317	268566
"2012.05.08"	"Somalia"	"Mogadishu"	7	4	11	3819	6609	10428	102256	166321	268577
"2012.05.08"	"Afghanistan"	"Pusht Rod"	5	0	5	3824	6609	10433	102261	166321	268582
"2012.05.08"	"Afghanistan"	"Pul-e-Alam"	2	0	2	3826	6609	10435	102263	166321	268584
"2012.05.08"	"Afghanistan"	"Urgun"	5	0	5	3831	6609	10440	102268	166321	268589
"2012.05.08"	"Pakistan"	"Orangi"	1	0	1	3832	6609	10441	102269	166321	268590
"2012.05.08"	"Pakistan"	"Dhamala"	0	3	3	3832	6612	10444	102269	166324	268593
"2012.05.09"	"Yemen"	"Lawder"	3	5	8	3835	6617	10452	102272	166329	268601
"2012.05.09"	"Somalia"	"Baidoa"	1	0	1	3836	6617	10453	102273	166329	268602
"2012.05.09"	"Iraq"	"Salah al-Din"	2	0	2	3838	6617	10455	102275	166329	268604
"2012.05.09"	"Nigeria"	"Maiduguri"	2	0	2	3840	6617	10457	102277	166329	268606
"2012.05.09"	"Pakistan"	"Karachi"	1	0	1	3841	6617	10458	102278	166329	268607
"2012.05.09"	"Pakistan"	"Nowshera"	0	12	12	3841	6629	10470	102278	166341	268619
"2012.05.09"	"Nigeria"	"Tahoss"	7	1	8	3848	6630	10478	102285	166342	268627
"2012.05.09"	"Nigeria"	"Rim"	1	2	3	3849	6632	10481	102286	166344	268630
"2012.05.10"	"Somalia"	"Mogadishu"	3	5	8	3852	6637	10489	102289	166349	268638
"2012.05.10"	"Pakistan"	"Karachi"	1	0	1	3853	6637	10490	102290	166349	268639
"2012.05.10"	"Pakistan"	"Tank"	1	5	6	3854	6642	10496	102291	166354	268645
"2012.05.10"	"Afghanistan"	"Paktika"	4	5	9	3858	6647	10505	102295	166359	268654
"2012.05.10"	"Syria"	"Damascus"	55	372	427	3913	7019	10932	102350	166731	269081
"2012.05.10"	"Iraq"	"Saddamiyat"	7	0	7	3920	7019	10939	102357	166731	269088
"2012.05.10"	"Dagestan"	"Kizlyarsky"	2	4	6	3922	7023	10945	102359	166735	269094
"2012.05.11"	"Nigeria"	"Kano"	1	0	1	3923	7023	10946	102360	166735	269095
"2012.05.11"	"Pakistan"	"Peeral Rind"	2	0	2	3925	7023	10948	102362	166735	269097
"2012.05.11"	"Pakistan"	"Hayatabad"	1	4	5	3926	7027	10953	102363	166739	269102
"2012.05.11"	"Iraq"	"Baqubah"	5	5	10	3931	7032	10963	102368	166744	269112
"2012.05.11"	"Afghanistan"	"Kunar"	1	0	1	3932	7032	10964	102369	166744	269113
"2012.05.12"	"Somalia"	"Mogadishu"	3	0	3	3935	7032	10967	102372	166744	269116
"2012.05.12"	"Nigeria"	"Bauchi"	2	0	2	3937	7032	10969	102374	166744	269118
"2012.05.12"	"Germany"	"Bonn"	0	2	2	3937	7034	10971	102374	166746	269120
"2012.05.12"	"Afghanistan"	"Qaraghul"	4	0	4	3941	7034	10975	102378	166746	269124
"2012.05.12"	"Pakistan"	"Peshawar"	2	17	19	3943	7051	10994	102380	166763	269143
"2012.05.12"	"Pakistan"	"Bahawalnagar"	3	0	3	3946	7051	10997	102383	166763	269146
"2012.05.12"	"Afghanistan"	"Helmand"	2	0	2	3948	7051	10999	102385	166763	269148
"2012.05.13"	"Nigeria"	"Mafa"	3	0	3	3951	7051	11002	102388	166763	269151
"2012.05.13"	"Nigeria"	"Kano"	3	4	7	3954	7055	11009	102391	166767	269158
"2012.05.13"	"Pakistan"	"Bhutto Nagar"	2	0	2	3956	7055	11011	102393	166767	269160
"2012.05.13"	"Pakistan"	"Dhoraji"	3	1	4	3959	7056	11015	102396	166768	269164
"2012.05.13"	"Iraq"	"Fallujah"	2	6	8	3961	7062	11023	102398	166774	269172
"2012.05.13"	"Iraq"	"Saadyiah"	1	2	3	3962	7064	11026	102399	166776	269175
"2012.05.13"	"Pakistan"	"Tirah"	4	3	7	3966	7067	11033	102403	166779	269182
"2012.05.13"	"Thailand"	"Pattani"	0	24	24	3966	7091	11057	102403	166803	269206
"2012.05.13"	"Afghanistan"	"Kabul"	1	0	1	3967	7091	11058	102404	166803	269207
"2012.05.13"	"Iraq"	"Baghdad"	3	9	12	3970	7100	11070	102407	166812	269219
"2012.05.13"	"Pakistan"	"Mardan"	1	20	21	3971	7120	11091	102408	166832	269240
"2012.05.13"	"Lebanon"	"Tripoli"	2	0	2	3973	7120	11093	102410	166832	269242
"2012.05.13"	"Pakistan"	"Khawaizai"	1	10	11	3974	7130	11104	102411	166842	269253
"2012.05.13"	"Syria"	"Damascus"	1	0	1	3975	7130	11105	102412	166842	269254
"2012.05.14"	"Iraq"	"Himreen"	2	0	2	3977	7130	11107	102414	166842	269256
"2012.05.14"	"Iraq"	"Baghdad"	1	30	31	3978	7160	11138	102415	166872	269287
"2012.05.14"	"Pakistan"	"Khara Shah"	1	9	10	3979	7169	11148	102416	166881	269297
"2012.05.14"	"Lebanon"	"Jabal Mohsen"	5	70	75	3984	7239	11223	102421	166951	269372
"2012.05.14"	"Pakistan"	"Sherakot"	2	4	6	3986	7243	11229	102423	166955	269378
"2012.05.14"	"Thailand"	"Pattani"	1	0	1	3987	7243	11230	102424	166955	269379
"2012.05.14"	"Nigeria"	"Adamawa"	15	48	63	4002	7291	11293	102439	167003	269442
"2012.05.14"	"Iraq"	"Fallujah"	5	18	23	4007	7309	11316	102444	167021	269465
"2012.05.14"	"Afghanistan"	"Ghormach"	9	8	17	4016	7317	11333	102453	167029	269482
"2012.05.15"	"Iraq"	"Mosul"	7	20	27	4023	7337	11360	102460	167049	269509
"2012.05.15"	"Pakistan"	"Panian"	1	0	1	4024	7337	11361	102461	167049	269510
"2012.05.15"	"Pakistan"	"Quetta"	1	0	1	4025	7337	11362	102462	167049	269511
"2012.05.15"	"Egypt"	"Cairo"	1	0	1	4026	7337	11363	102463	167049	269512
"2012.05.15"	"Pakistan"	"Quetta"	2	1	3	4028	7338	11366	102465	167050	269515
"2012.05.15"	"Pakistan"	"Karachi"	1	0	1	4029	7338	11367	102466	167050	269516
"2012.05.15"	"Kenya"	"Mombasa"	1	2	3	4030	7340	11370	102467	167052	269519
"2012.05.15"	"Kenya"	"Dadaab"	1	3	4	4031	7343	11374	102468	167055	269523
"2012.05.15"	"Iraq"	"Mosul"	2	0	2	4033	7343	11376	102470	167055	269525
"2012.05.16"	"Afghanistan"	"Badghis"	1	5	6	4034	7348	11382	102471	167060	269531
"2012.05.17"	"Pakistan"	"Peshawar"	1	1	2	4035	7349	11384	102472	167061	269533
"2012.05.17"	"Afghanistan"	"Farah"	7	13	20	4042	7362	11404	102479	167074	269553
"2012.05.17"	"Pakistan"	"Quetta"	2	2	4	4044	7364	11408	102481	167076	269557
"2012.05.17"	"Lebanon"	"Tripoli"	1	0	1	4045	7364	11409	102482	167076	269558
"2012.05.18"	"Iraq"	"Baghdad"	5	0	5	4050	7364	11414	102487	167076	269563
"2012.05.18"	"Afghanistan"	"Kunar"	3	0	3	4053	7364	11417	102490	167076	269566
"2012.05.18"	"Iraq"	"Baghdad"	5	24	29	4058	7388	11446	102495	167100	269595
"2012.05.18"	"Pakistan"	"Mamond"	1	2	3	4059	7390	11449	102496	167102	269598
"2012.05.18"	"Algeria"	"Azzeffoun"	2	2	4	4061	7392	11453	102498	167104	269602
"2012.05.18"	"Iraq"	"Baghdad"	5	34	39	4066	7426	11492	102503	167138	269641
"2012.05.19"	"Thailand"	"Narathiwat"	1	0	1	4067	7426	11493	102504	167138	269642
"2012.05.19"	"Iraq"	"Mosul"	3	2	5	4070	7428	11498	102507	167140	269647
"2012.05.19"	"Pakistan"	"Lahore"	1	0	1	4071	7428	11499	102508	167140	269648
"2012.05.19"	"Nigeria"	"On-Mbaagbu"	12	5	17	4083	7433	11516	102520	167145	269665
"2012.05.19"	"Syria"	"Deir Ezzor"	9	100	109	4092	7533	11625	102529	167245	269774
"2012.05.19"	"Afghanistan"	"Khost"	13	9	22	4105	7542	11647	102542	167254	269796
"2012.05.19"	"Somalia"	"Mogadishu"	5	0	5	4110	7542	11652	102547	167254	269801
"2012.05.19"	"Somalia"	"Mogadishu"	2	0	2	4112	7542	11654	102549	167254	269803
"2012.05.20"	"Egypt"	"al-Arish"	1	0	1	4113	7542	11655	102550	167254	269804
"2012.05.20"	"Afghanistan"	"Tirin Kot"	4	3	7	4117	7545	11662	102554	167257	269811
"2012.05.20"	"Nigeria"	"Maiduguri"	7	0	7	4124	7545	11669	102561	167257	269818
"2012.05.20"	"Pakistan"	"Karachi"	1	0	1	4125	7545	11670	102562	167257	269819
"2012.05.21"	"Iraq"	"Taji"	3	2	5	4128	7547	11675	102565	167259	269824
"2012.05.21"	"Lebanon"	"Beirut"	2	18	20	4130	7565	11695	102567	167277	269844
"2012.05.21"	"Iraq"	"Houd"	2	1	3	4132	7566	11698	102569	167278	269847
"2012.05.21"	"Iraq"	"Mosul"	4	0	4	4136	7566	11702	102573	167278	269851
"2012.05.21"	"Nigeria"	"Benue"	5	3	8	4141	7569	11710	102578	167281	269859
"2012.05.21"	"Yemen"	"Sanaa"	112	311	423	4253	7880	12133	102690	167592	270282
"2012.05.22"	"Pakistan"	"Quetta"	1	0	1	4254	7880	12134	102691	167592	270283
"2012.05.22"	"Somalia"	"Baidoa"	1	0	1	4255	7880	12135	102692	167592	270284
"2012.05.22"	"Pakistan"	"Sanda Pal"	5	5	10	4260	7885	12145	102697	167597	270294
"2012.05.22"	"Iraq"	"Baqubah"	6	6	12	4266	7891	12157	102703	167603	270306
"2012.05.22"	"Yemen"	"Sanaa"	1	0	1	4267	7891	12158	102704	167603	270307
"2012.05.22"	"Nigeria"	"Maiduguri"	4	6	10	4271	7897	12168	102708	167609	270317
"2012.05.22"	"Nigeria"	"Borno"	1	0	1	4272	7897	12169	102709	167609	270318
"2012.05.22"	"Yemen"	"Sanaa"	1	0	1	4273	7897	12170	102710	167609	270319
"2012.05.23"	"Pakistan"	"Ahmedi Shama"	0	4	4	4273	7901	12174	102710	167613	270323
"2012.05.23"	"Iraq"	"Mosul"	3	2	5	4276	7903	12179	102713	167615	270328
"2012.05.23"	"Pakistan"	"Tirah"	1	1	2	4277	7904	12181	102714	167616	270330
"2012.05.23"	"Pakistan"	"Qambarkhel"	1	0	1	4278	7904	12182	102715	167616	270331
"2012.05.23"	"Pakistan"	"Khawezai"	2	0	2	4280	7904	12184	102717	167616	270333
"2012.05.23"	"Iraq"	"Baqubah"	3	14	17	4283	7918	12201	102720	167630	270350
"2012.05.23"	"Iraq"	"Ramadi"	3	10	13	4286	7928	12214	102723	167640	270363
"2012.05.23"	"Somalia"	"Mogadishu"	1	0	1	4287	7928	12215	102724	167640	270364
"2012.05.24"	"Pakistan"	"Lahore"	1	0	1	4288	7928	12216	102725	167640	270365
"2012.05.24"	"Pakistan"	"Kohat"	1	4	5	4289	7932	12221	102726	167644	270370
"2012.05.24"	"Pakistan"	"Killi Chakar"	1	0	1	4290	7932	12222	102727	167644	270371
"2012.05.24"	"Somalia"	"Galkayo"	2	8	10	4292	7940	12232	102729	167652	270381
"2012.05.24"	"Tunisia"	"Tunis"	0	1	1	4292	7941	12233	102729	167653	270382
"2012.05.25"	"Syria"	"Houla"	108	0	108	4400	7941	12341	102837	167653	270490
"2012.05.25"	"Pakistan"	"Sukkur"	2	0	2	4402	7941	12343	102839	167653	270492
"2012.05.25"	"Pakistan"	"Kazi Ahmed"	7	3	10	4409	7944	12353	102846	167656	270502
"2012.05.25"	"Yemen"	"Hazm"	18	5	23	4427	7949	12376	102864	167661	270525
"2012.05.25"	"Thailand"	"Narathiwat"	1	0	1	4428	7949	12377	102865	167661	270526
"2012.05.25"	"Afghanistan"	"Helmand"	3	9	12	4431	7958	12389	102868	167670	270538
"2012.05.26"	"Pakistan"	"Kharan"	2	3	5	4433	7961	12394	102870	167673	270543
"2012.05.26"	"Nigeria"	"Yobe"	2	0	2	4435	7961	12396	102872	167673	270545
"2012.05.26"	"Iraq"	"Badush"	3	0	3	4438	7961	12399	102875	167673	270548
"2012.05.26"	"Nigeria"	"Maiduguri"	1	0	1	4439	7961	12400	102876	167673	270549
"2012.05.26"	"Kenya"	"Dadaab"	0	8	8	4439	7969	12408	102876	167681	270557
"2012.05.27"	"Iraq"	"Baghdad"	0	24	24	4439	7993	12432	102876	167705	270581
"2012.05.27"	"Nigeria"	"Potiskum"	2	5	7	4441	7998	12439	102878	167710	270588
"2012.05.27"	"Pakistan"	"Nowshera"	1	4	5	4442	8002	12444	102879	167714	270593
"2012.05.27"	"Afghanistan"	"Marjah"	2	1	3	4444	8003	12447	102881	167715	270596
"2012.05.27"	"Nigeria"	"Kano"	4	0	4	4448	8003	12451	102885	167715	270600
"2012.05.28"	"England"	"Luton"	0	1	1	4448	8004	12452	102885	167716	270601
"2012.05.28"	"Russia"	"Moscow"	0	1	1	4448	8005	12453	102885	167717	270602
"2012.05.28"	"Pakistan"	"Kot Langarkhel"	2	3	5	4450	8008	12458	102887	167720	270607
"2012.05.28"	"Pakistan"	"Sharbat Khan"	2	1	3	4452	8009	12461	102889	167721	270610
"2012.05.28"	"Pakistan"	"Quetta"	1	0	1	4453	8009	12462	102890	167721	270611
"2012.05.28"	"Pakistan"	"Chrakhel"	3	6	9	4456	8015	12471	102893	167727	270620
"2012.05.28"	"Thailand"	"Pattani"	3	4	7	4459	8019	12478	102896	167731	270627
"2012.05.28"	"Syria"	"Maliha"	4	3	7	4463	8022	12485	102900	167734	270634
"2012.05.28"	"Kenya"	"Nairobi"	0	33	33	4463	8055	12518	102900	167767	270667
"2012.05.28"	"Myanmar"	"Kyaukpyu"	1	0	1	4464	8055	12519	102901	167767	270668
"2012.05.29"	"Yemen"	"Aden"	4	0	4	4468	8055	12523	102905	167767	270672
"2012.05.29"	"Afghanistan"	"Wardaj"	8	2	10	4476	8057	12533	102913	167769	270682
"2012.05.29"	"Thailand"	"Pattani"	3	4	7	4479	8061	12540	102916	167773	270689
"2012.05.29"	"Dagestan"	"Makhachkala"	1	0	1	4480	8061	12541	102917	167773	270690
"2012.05.30"	"Pakistan"	"Mansehra"	3	0	3	4483	8061	12544	102920	167773	270693
"2012.05.30"	"Pakistan"	"Quetta"	1	0	1	4484	8061	12545	102921	167773	270694
"2012.05.30"	"Yemen"	"Radda"	3	3	6	4487	8064	12551	102924	167776	270700
"2012.05.30"	"Kenya"	"Wajir"	1	4	5	4488	8068	12556	102925	167780	270705
"2012.05.30"	"Afghanistan"	"Ghazni"	1	0	1	4489	8068	12557	102926	167780	270706
"2012.05.30"	"Pakistan"	"Karachi"	2	2	4	4491	8070	12561	102928	167782	270710
"2012.05.30"	"Somalia"	"Galkayo"	6	3	9	4497	8073	12570	102934	167785	270719
"2012.05.30"	"Afghanistan"	"Chora Valley"	1	0	1	4498	8073	12571	102935	167785	270720
"2012.05.31"	"Pakistan"	"Kohistan"	7	0	7	4505	8073	12578	102942	167785	270727
"2012.05.31"	"Pakistan"	"Quetta"	1	0	1	4506	8073	12579	102943	167785	270728
"2012.05.31"	"Dagestan"	"Tsuntinsk"	1	0	1	4507	8073	12580	102944	167785	270729
"2012.05.31"	"Nigeria"	"Kano"	1	0	1	4508	8073	12581	102945	167785	270730
"2012.05.31"	"Afghanistan"	"Kandahar"	5	6	11	4513	8079	12592	102950	167791	270741
"2012.05.31"	"Iraq"	"Baghdad"	13	37	50	4526	8116	12642	102963	167828	270791
"2012.05.31"	"Iraq"	"Amariyah"	2	9	11	4528	8125	12653	102965	167837	270802
"2012.05.31"	"Iraq"	"Baghdad"	1	4	5	4529	8129	12658	102966	167841	270807
"2012.06.01"	"Nigeria"	"Maiduguri"	2	0	2	4531	8129	12660	102968	167841	270809
"2012.06.01"	"Nigeria"	"Maiduguri"	3	0	3	4534	8129	12663	102971	167841	270812
"2012.06.01"	"Israel"	"Gaza Border"	1	0	1	4535	8129	12664	102972	167841	270813
"2012.06.01"	"Iraq"	"Baghdad"	1	2	3	4536	8131	12667	102973	167843	270816
"2012.06.01"	"Afghanistan"	"Khost"	7	13	20	4543	8144	12687	102980	167856	270836
"2012.06.01"	"Syria"	"al-Nairab"	130	0	130	4673	8144	12817	103110	167856	270966
"2012.06.02"	"France"	"Villeurbanne"	0	3	3	4673	8147	12820	103110	167859	270969
"2012.06.02"	"Lebanon"	"Tripoli"	10	35	45	4683	8182	12865	103120	167894	271014
"2012.06.02"	"Afghanistan"	"Kabul"	5	4	9	4688	8186	12874	103125	167898	271023
"2012.06.02"	"Pakistan"	"Quetta"	1	0	1	4689	8186	12875	103126	167898	271024
"2012.06.02"	"Dagestan"	"Makhachkala"	1	0	1	4690	8186	12876	103127	167898	271025
"2012.06.03"	"Yemen"	"Zinjibar"	1	0	1	4691	8186	12877	103128	167898	271026
"2012.06.03"	"Pakistan"	"Qambar Khel"	3	0	3	4694	8186	12880	103131	167898	271029
"2012.06.03"	"Pakistan"	"Doaba"	1	2	3	4695	8188	12883	103132	167900	271032
"2012.06.03"	"Yemen"	"Sa’ada"	66	50	116	4761	8238	12999	103198	167950	271148
"2012.06.03"	"Pakistan"	"Quetta"	6	1	7	4767	8239	13006	103204	167951	271155
"2012.06.03"	"Nigeria"	"Bauchi"	21	45	66	4788	8284	13072	103225	167996	271221
"2012.06.04"	"Pakistan"	"Matani"	1	0	1	4789	8284	13073	103226	167996	271222
"2012.06.04"	"Tunisia"	"Tunis"	1	0	1	4790	8284	13074	103227	167996	271223
"2012.06.04"	"Pakistan"	"Gilgit"	1	2	3	4791	8286	13077	103228	167998	271226
"2012.06.04"	"Iraq"	"Fallujah"	3	4	7	4794	8290	13084	103231	168002	271233
"2012.06.04"	"Iraq"	"Dijail"	3	3	6	4797	8293	13090	103234	168005	271239
"2012.06.04"	"Iraq"	"Baghdad"	26	190	216	4823	8483	13306	103260	168195	271455
"2012.06.04"	"Yemen"	"Shaqra"	4	0	4	4827	8483	13310	103264	168195	271459
"2012.06.04"	"Maldives"	"Male"	0	1	1	4827	8484	13311	103264	168196	271460
"2012.06.05"	"Nigeria"	"Kano"	3	0	3	4830	8484	13314	103267	168196	271463
"2012.06.05"	"Pakistan"	"Salala"	4	4	8	4834	8488	13322	103271	168200	271471
"2012.06.05"	"Thailand"	"Pattani"	1	0	1	4835	8488	13323	103272	168200	271472
"2012.06.05"	"Pakistan"	"Mand"	2	0	2	4837	8488	13325	103274	168200	271474
"2012.06.05"	"Iraq"	"Baghdad"	9	37	46	4846	8525	13371	103283	168237	271520
"2012.06.05"	"Afghanistan"	"Wardak"	4	1	5	4850	8526	13376	103287	168238	271525
"2012.06.05"	"Afghanistan"	"Ghazni"	1	2	3	4851	8528	13379	103288	168240	271528
"2012.06.05"	"Yemen"	"al-Qobaaf"	16	6	22	4867	8534	13401	103304	168246	271550
"2012.06.06"	"Pakistan"	"Bara"	2	0	2	4869	8534	13403	103306	168246	271552
"2012.06.06"	"Afghanistan"	"Kandahar"	22	50	72	4891	8584	13475	103328	168296	271624
"2012.06.06"	"Thailand"	"Narathiwat"	2	5	7	4893	8589	13482	103330	168301	271631
"2012.06.06"	"Syria"	"Qubair"	78	0	78	4971	8589	13560	103408	168301	271709
"2012.06.06"	"Dagestan"	"Kizilyurt"	1	1	2	4972	8590	13562	103409	168302	271711
"2012.06.07"	"Egypt"	"Assuit"	3	0	3	4975	8590	13565	103412	168302	271714
"2012.06.07"	"Iraq"	"Baghdad"	2	1	3	4977	8591	13568	103414	168303	271717
"2012.06.07"	"Iraq"	"Tarmiyah"	2	0	2	4979	8591	13570	103416	168303	271719
"2012.06.07"	"Pakistan"	"Quetta"	15	48	63	4994	8639	13633	103431	168351	271782
"2012.06.08"	"Myanmar"	"Muangdaw"	4	12	16	4998	8651	13649	103435	168363	271798
"2012.06.08"	"Iraq"	"Garma"	3	3	6	5001	8654	13655	103438	168366	271804
"2012.06.08"	"Pakistan"	"Peshawar"	19	35	54	5020	8689	13709	103457	168401	271858
"2012.06.08"	"Iraq"	"Baghdad"	2	3	5	5022	8692	13714	103459	168404	271863
"2012.06.08"	"Nigeria"	"Maiduguri"	8	19	27	5030	8711	13741	103467	168423	271890
"2012.06.08"	"Yemen"	"Jaar"	2	4	6	5032	8715	13747	103469	168427	271896
"2012.06.09"	"Thailand"	"Pattani"	1	0	1	5033	8715	13748	103470	168427	271897
"2012.06.09"	"Myanmar"	"Muangdaw"	16	0	16	5049	8715	13764	103486	168427	271913
"2012.06.09"	"Afghanistan"	"Kapisa"	4	5	9	5053	8720	13773	103490	168432	271922
"2012.06.09"	"Belgium"	"Brussels"	0	2	2	5053	8722	13775	103490	168434	271924
"2012.06.10"	"Thailand"	"Pattani"	0	6	6	5053	8728	13781	103490	168440	271930
"2012.06.10"	"Pakistan"	"Ibrahimzai"	2	0	2	5055	8728	13783	103492	168440	271932
"2012.06.10"	"Iraq"	"Baghdad"	7	38	45	5062	8766	13828	103499	168478	271977
"2012.06.10"	"Pakistan"	"Kari Kot Chowk"	3	3	6	5065	8769	13834	103502	168481	271983
"2012.06.10"	"Nigeria"	"Jos"	4	40	44	5069	8809	13878	103506	168521	272027
"2012.06.10"	"Nigeria"	"Biu"	2	12	14	5071	8821	13892	103508	168533	272041
"2012.06.10"	"Kuwait"	"Manama"	1	0	1	5072	8821	13893	103509	168533	272042
"2012.06.11"	"Somalia"	"El Bur"	2	0	2	5074	8821	13895	103511	168533	272044
"2012.06.11"	"Pakistan"	"Helmand"	3	12	15	5077	8833	13910	103514	168545	272059
"2012.06.11"	"Egypt"	"Cairo"	0	12	12	5077	8845	13922	103514	168557	272071
"2012.06.11"	"Pakistan"	"Nasir Bagh"	1	3	4	5078	8848	13926	103515	168560	272075
"2012.06.11"	"Egypt"	"Cairo"	1	0	1	5079	8848	13927	103516	168560	272076
"2012.06.11"	"Iraq"	"Mosul"	1	1	2	5080	8849	13929	103517	168561	272078
"2012.06.11"	"Iraq"	"Falujah"	2	4	6	5082	8853	13935	103519	168565	272084
"2012.06.11"	"Afghanistan"	"Sari Pul"	4	0	4	5086	8853	13939	103523	168565	272088
"2012.06.11"	"Pakistan"	"Chowk Korona"	2	0	2	5088	8853	13941	103525	168565	272090
"2012.06.11"	"Pakistan"	"Mastung"	6	50	56	5094	8903	13997	103531	168615	272146
"2012.06.12"	"Pakistan"	"Bazidkhel"	2	2	4	5096	8905	14001	103533	168617	272150
"2012.06.12"	"Afghanistan"	"Wardak"	5	2	7	5101	8907	14008	103538	168619	272157
"2012.06.12"	"Afghanistan"	"Chahar Bolak"	3	5	8	5104	8912	14016	103541	168624	272165
"2012.06.12"	"Pakistan"	"Nankana Sahib"	2	0	2	5106	8912	14018	103543	168624	272167
"2012.06.12"	"Iraq"	"Baghdad"	2	0	2	5108	8912	14020	103545	168624	272169
"2012.06.12"	"Nigeria"	"Dalori"	2	3	5	5110	8915	14025	103547	168627	272174
"2012.06.13"	"Iraq"	"Fallujah"	3	12	15	5113	8927	14040	103550	168639	272189
"2012.06.13"	"Iraq"	"Mosul"	2	5	7	5115	8932	14047	103552	168644	272196
"2012.06.13"	"Iraq"	"Balad"	5	30	35	5120	8962	14082	103557	168674	272231
"2012.06.13"	"Iraq"	"Baqubah"	2	44	46	5122	9006	14128	103559	168718	272277
"2012.06.13"	"Iraq"	"Juba"	2	7	9	5124	9013	14137	103561	168725	272286
"2012.06.13"	"Iraq"	"Baghdad"	7	20	27	5131	9033	14164	103568	168745	272313
"2012.06.13"	"Iraq"	"Baghdad"	9	21	30	5140	9054	14194	103577	168766	272343
"2012.06.13"	"Iraq"	"Baghdad"	16	32	48	5156	9086	14242	103593	168798	272391
"2012.06.13"	"Iraq"	"al-Madain"	5	18	23	5161	9104	14265	103598	168816	272414
"2012.06.13"	"Iraq"	"Hillah"	22	38	60	5183	9142	14325	103620	168854	272474
"2012.06.13"	"Iraq"	"Basra"	10	11	21	5193	9153	14346	103630	168865	272495
"2012.06.14"	"Pakistan"	"Idalakudi"	1	0	1	5194	9153	14347	103631	168865	272496
"2012.06.14"	"Syria"	"Damascus"	0	14	14	5194	9167	14361	103631	168879	272510
"2012.06.14"	"Philippines"	"Parang"	4	2	6	5198	9169	14367	103635	168881	272516
"2012.06.15"	"Pakistan"	"Karachi"	1	0	1	5199	9169	14368	103636	168881	272517
"2012.06.15"	"Pakistan"	"Bara"	2	0	2	5201	9169	14370	103638	168881	272519
"2012.06.15"	"Iraq"	"Saadiyah"	2	0	2	5203	9169	14372	103640	168881	272521
"2012.06.15"	"Iraq"	"Mahmudiyah"	6	0	6	5209	9169	14378	103646	168881	272527
"2012.06.15"	"India"	"Srinagar"	1	0	1	5210	9169	14379	103647	168881	272528
"2012.06.15"	"Afghanistan"	"Maroof"	1	10	11	5211	9179	14390	103648	168891	272539
"2012.06.15"	"Afghanistan"	"Chinarto"	3	1	4	5214	9180	14394	103651	168892	272543
"2012.06.15"	"Algeria"	"Ouacifs"	2	5	7	5216	9185	14401	103653	168897	272550
"2012.06.15"	"USA"	"Mission"	0	3	3	5216	9188	14404	103653	168900	272553
"2012.06.16"	"Somalia"	"Afgoye"	2	3	5	5218	9191	14409	103655	168903	272558
"2012.06.16"	"Pakistan"	"Quetta"	2	19	21	5220	9210	14430	103657	168922	272579
"2012.06.16"	"Pakistan"	"Kohat"	6	5	11	5226	9215	14441	103663	168927	272590
"2012.06.16"	"Iraq"	"Baghdad"	14	32	46	5240	9247	14487	103677	168959	272636
"2012.06.16"	"Iraq"	"Baghdad"	18	36	54	5258	9283	14541	103695	168995	272690
"2012.06.16"	"Pakistan"	"Landi Kotal"	26	65	91	5284	9348	14632	103721	169060	272781
"2012.06.16"	"Thailand"	"Yala"	3	6	9	5287	9354	14641	103724	169066	272790
"2012.06.17"	"Afghanistan"	"Kandahar"	1	0	1	5288	9354	14642	103725	169066	272791
"2012.06.17"	"Nigeria"	"Trikania"	5	40	45	5293	9394	14687	103730	169106	272836
"2012.06.17"	"Iraq"	"Mosul"	4	2	6	5297	9396	14693	103734	169108	272842
"2012.06.17"	"Nigeria"	"Zaria"	34	125	159	5331	9521	14852	103768	169233	273001
"2012.06.17"	"Iraq"	"Fallujah"	6	12	18	5337	9533	14870	103774	169245	273019
"2012.06.17"	"Iraq"	"al-Sharqat"	2	26	28	5339	9559	14898	103776	169271	273047
"2012.06.18"	"Saudi Arabia"	"Najran"	1	0	1	5340	9559	14899	103777	169271	273048
"2012.06.18"	"Somalia"	"Mogadishu"	1	3	4	5341	9562	14903	103778	169274	273052
"2012.06.18"	"Afghanistan"	"Musa Qala"	8	5	13	5349	9567	14916	103786	169279	273065
"2012.06.18"	"Iraq"	"Ramadi"	4	6	10	5353	9573	14926	103790	169285	273075
"2012.06.18"	"Pakistan"	"Quetta"	6	69	75	5359	9642	15001	103796	169354	273150
"2012.06.18"	"Israel"	"Sinai Border"	1	3	4	5360	9645	15005	103797	169357	273154
"2012.06.18"	"Afghanistan"	"Tagab"	6	13	19	5366	9658	15024	103803	169370	273173
"2012.06.18"	"Yemen"	"Aden"	3	0	3	5369	9658	15027	103806	169370	273176
"2012.06.18"	"Iraq"	"Baqubah"	22	50	72	5391	9708	15099	103828	169420	273248
"2012.06.19"	"Nigeria"	"Damaturu"	40	9	49	5431	9717	15148	103868	169429	273297
"2012.06.19"	"Pakistan"	"Sargodha"	3	0	3	5434	9717	15151	103871	169429	273300
"2012.06.19"	"Iraq"	"Ayadiya"	5	3	8	5439	9720	15159	103876	169432	273308
"2012.06.19"	"India"	"Handwara"	1	0	1	5440	9720	15160	103877	169432	273309
"2012.06.19"	"Afghanistan"	"Kandahar"	3	7	10	5443	9727	15170	103880	169439	273319
"2012.06.19"	"Iraq"	"Mosul"	4	0	4	5447	9727	15174	103884	169439	273323
"2012.06.19"	"Myanmar"	"Yathedaung"	3	0	3	5450	9727	15177	103887	169439	273326
"2012.06.19"	"Thailand"	"Narathiwat"	1	2	3	5451	9729	15180	103888	169441	273329
"2012.06.20"	"Iraq"	"Kirkuk"	3	9	12	5454	9738	15192	103891	169450	273341
"2012.06.20"	"Afghanistan"	"Khost"	21	32	53	5475	9770	15245	103912	169482	273394
"2012.06.20"	"Afghanistan"	"Logar"	8	4	12	5483	9774	15257	103920	169486	273406
"2012.06.20"	"Pakistan"	"Karachi"	1	0	1	5484	9774	15258	103921	169486	273407
"2012.06.21"	"Pakistan"	"Quetta"	2	17	19	5486	9791	15277	103923	169503	273426
"2012.06.21"	"Pakistan"	"Karachi"	1	0	1	5487	9791	15278	103924	169503	273427
"2012.06.21"	"Afghanistan"	"Qargha Lake"	20	50	70	5507	9841	15348	103944	169553	273497
"2012.06.21"	"Pakistan"	"Pakhtunkhwa"	3	21	24	5510	9862	15372	103947	169574	273521
"2012.06.21"	"Syria"	"Damascus"	1	1	2	5511	9863	15374	103948	169575	273523
"2012.06.22"	"Afghanistan"	"Noghi"	2	0	2	5513	9863	15376	103950	169575	273525
"2012.06.22"	"Iraq"	"Baghdad"	3	0	3	5516	9863	15379	103953	169575	273528
"2012.06.22"	"Pakistan"	"Liaqatabad"	1	0	1	5517	9863	15380	103954	169575	273529
"2012.06.22"	"Pakistan"	"Karachi"	2	0	2	5519	9863	15382	103956	169575	273531
"2012.06.22"	"Iraq"	"Baghdad"	14	106	120	5533	9969	15502	103970	169681	273651
"2012.06.22"	"Iraq"	"Samarrah"	1	10	11	5534	9979	15513	103971	169691	273662
"2012.06.22"	"Pakistan"	"Laddah"	7	0	7	5541	9979	15520	103978	169691	273669
"2012.06.22"	"Pakistan"	"Khra Shah"	2	2	4	5543	9981	15524	103980	169693	273673
"2012.06.22"	"France"	"Rennes"	1	0	1	5544	9981	15525	103981	169693	273674
"2012.06.23"	"Yemen"	"Zinjibar"	35	12	47	5579	9993	15572	104016	169705	273721
"2012.06.23"	"Thailand"	"Yala"	1	0	1	5580	9993	15573	104017	169705	273722
"2012.06.23"	"Pakistan"	"Quetta"	8	1	9	5588	9994	15582	104025	169706	273731
"2012.06.24"	"Egypt"	"Alexandria"	1	0	1	5589	9994	15583	104026	169706	273732
"2012.06.24"	"Pakistan"	"Lahore"	1	0	1	5590	9994	15584	104027	169706	273733
"2012.06.24"	"Pakistan"	"Shareefabad"	1	0	1	5591	9994	15585	104028	169706	273734
"2012.06.24"	"Afghanistan"	"Jalalabad"	2	2	4	5593	9996	15589	104030	169708	273738
"2012.06.24"	"Pakistan"	"Upper Dir"	13	5	18	5606	10001	15607	104043	169713	273756
"2012.06.24"	"Kenya"	"Mombasa"	3	3	6	5609	10004	15613	104046	169716	273762
"2012.06.24"	"Pakistan"	"Quetta"	4	0	4	5613	10004	15617	104050	169716	273766
"2012.06.24"	"Nigeria"	"Bauchi"	0	9	9	5613	10013	15626	104050	169725	273775
"2012.06.24"	"Pakistan"	"Karachi"	2	0	2	5615	10013	15628	104052	169725	273777
"2012.06.25"	"Iraq"	"Baqubah"	2	3	5	5617	10016	15633	104054	169728	273782
"2012.06.25"	"Iraq"	"Hillah"	9	32	41	5626	10048	15674	104063	169760	273823
"2012.06.25"	"Thailand"	"Pattani"	3	0	3	5629	10048	15677	104066	169760	273826
"2012.06.25"	"Dagestan"	"Shauri"	1	0	1	5630	10048	15678	104067	169760	273827
"2012.06.25"	"Pakistan"	"Karachi"	1	0	1	5631	10048	15679	104068	169760	273828
"2012.06.25"	"Somalia"	"Mogadishu"	0	3	3	5631	10051	15682	104068	169763	273831
"2012.06.26"	"Nigeria"	"Kano"	1	0	1	5632	10051	15683	104069	169763	273832
"2012.06.26"	"Dagestan"	"Makhachkala"	1	0	1	5633	10051	15684	104070	169763	273833
"2012.06.26"	"Thailand"	"Yala"	1	14	15	5634	10065	15699	104071	169777	273848
"2012.06.26"	"Iraq"	"Ramadi"	1	1	2	5635	10066	15701	104072	169778	273850
"2012.06.27"	"Pakistan"	"Dera Ismail Khan"	1	0	1	5636	10066	15702	104073	169778	273851
"2012.06.27"	"Iraq"	"al-Wahda"	3	0	3	5639	10066	15705	104076	169778	273854
"2012.06.27"	"Pakistan"	"Bazidkhel"	4	0	4	5643	10066	15709	104080	169778	273858
"2012.06.27"	"Syria"	"Damascus"	7	11	18	5650	10077	15727	104087	169789	273876
"2012.06.27"	"Iraq"	"Madain"	8	10	18	5658	10087	15745	104095	169799	273894
"2012.06.27"	"Iraq"	"Baghdad"	3	2	5	5661	10089	15750	104098	169801	273899
"2012.06.27"	"Yemen"	"Jaar"	39	24	63	5700	10113	15813	104137	169825	273962
"2012.06.27"	"Afghanistan"	"Musa Qala"	4	0	4	5704	10113	15817	104141	169825	273966
"2012.06.27"	"Afghanistan"	"Ghoryan"	6	2	8	5710	10115	15825	104147	169827	273974
"2012.06.28"	"Syria"	"Homs"	6	0	6	5716	10115	15831	104153	169827	273980
"2012.06.28"	"Iraq"	"Baqubah"	6	51	57	5722	10166	15888	104159	169878	274037
"2012.06.28"	"Iraq"	"Samarrah"	2	0	2	5724	10166	15890	104161	169878	274039
"2012.06.28"	"Iraq"	"Taji"	4	20	24	5728	10186	15914	104165	169898	274063
"2012.06.28"	"Iraq"	"Baghdad"	8	30	38	5736	10216	15952	104173	169928	274101
"2012.06.28"	"Mali"	"Gao"	17	41	58	5753	10257	16010	104190	169969	274159
"2012.06.28"	"Iraq"	"Fallujah"	2	4	6	5755	10261	16016	104192	169973	274165
"2012.06.28"	"Pakistan"	"Quetta"	18	30	48	5773	10291	16064	104210	170003	274213
"2012.06.28"	"Pakistan"	"Bara"	8	3	11	5781	10294	16075	104218	170006	274224
"2012.06.28"	"Dagestan"	"Karamakhi"	2	0	2	5783	10294	16077	104220	170006	274226
"2012.06.28"	"Nigeria"	"Gulak"	5	3	8	5788	10297	16085	104225	170009	274234
"2012.06.28"	"Pakistan"	"Ziauddin"	2	0	2	5790	10297	16087	104227	170009	274236
"2012.06.28"	"Somalia"	"Baidoa"	3	3	6	5793	10300	16093	104230	170012	274242
"2012.06.29"	"Egypt"	"El Sharqiya"	2	0	2	5795	10300	16095	104232	170012	274244
"2012.06.29"	"Pakistan"	"Karachi"	1	0	1	5796	10300	16096	104233	170012	274245
"2012.06.29"	"Afghanistan"	"Kamdesh"	10	16	26	5806	10316	16122	104243	170028	274271
"2012.06.29"	"Algeria"	"Ouargla"	1	3	4	5807	10319	16126	104244	170031	274275
"2012.06.29"	"Thailand"	"Pattani"	2	0	2	5809	10319	16128	104246	170031	274277
"2012.06.29"	"Kenya"	"Dabaab"	1	4	5	5810	10323	16133	104247	170035	274282
"2012.06.29"	"Iraq"	"Baqubah"	4	4	8	5814	10327	16141	104251	170039	274290
"2012.06.29"	"Iraq"	"Balad"	7	50	57	5821	10377	16198	104258	170089	274347
"2012.06.30"	"Afghanistan"	"Paktia"	2	0	2	5823	10377	16200	104260	170089	274349
"2012.06.30"	"Iraq"	"Samarra"	7	3	10	5830	10380	16210	104267	170092	274359
"2012.06.30"	"Iraq"	"Baaj"	2	0	2	5832	10380	16212	104269	170092	274361
"2012.06.30"	"Yemen"	"Zinjibar"	8	0	8	5840	10380	16220	104277	170092	274369
"2012.06.30"	"Iraq"	"Mosul"	4	5	9	5844	10385	16229	104281	170097	274378
"2012.06.30"	"Iraq"	"Abu Ghraib"	1	2	3	5845	10387	16232	104282	170099	274381
"2012.06.30"	"Thailand"	"Yala"	1	0	1	5846	10387	16233	104283	170099	274382
"2012.06.30"	"Afghanistan"	"Qimchok"	1	0	1	5847	10387	16234	104284	170099	274383
"2012.06.30"	"Syria"	"Zamalka"	85	0	85	5932	10387	16319	104369	170099	274468
"2012.07.01"	"Nigeria"	"Maiduguri"	9	0	9	5941	10387	16328	104378	170099	274477
"2012.07.01"	"Dagestan"	"Khasavyurt"	1	0	1	5942	10387	16329	104379	170099	274478
"2012.07.01"	"Afghanistan"	"Ghazni"	5	11	16	5947	10398	16345	104384	170110	274494
"2012.07.01"	"Kenya"	"Garissa"	18	66	84	5965	10464	16429	104402	170176	274578
"2012.07.01"	"Pakistan"	"Faisalabad"	0	1	1	5965	10465	16430	104402	170177	274579
"2012.07.01"	"Iraq"	"Baghdad"	3	4	7	5968	10469	16437	104405	170181	274586
"2012.07.01"	"Afghanistan"	"Helmand"	3	0	3	5971	10469	16440	104408	170181	274589
"2012.07.02"	"Egypt"	"Suez"	1	0	1	5972	10469	16441	104409	170181	274590
"2012.07.02"	"Afghanistan"	"Kandahar"	7	23	30	5979	10492	16471	104416	170204	274620
"2012.07.02"	"Iraq"	"Baghdad"	1	8	9	5980	10500	16480	104417	170212	274629
"2012.07.02"	"Yemen"	"Sanaa"	1	0	1	5981	10500	16481	104418	170212	274630
"2012.07.02"	"Pakistan"	"Lalu Ali"	2	0	2	5983	10500	16483	104420	170212	274632
"2012.07.03"	"Iraq"	"Karbalah"	8	54	62	5991	10554	16545	104428	170266	274694
"2012.07.03"	"Iraq"	"Diwaniya"	40	75	115	6031	10629	16660	104468	170341	274809
"2012.07.03"	"India"	"Pulwama"	2	0	2	6033	10629	16662	104470	170341	274811
"2012.07.03"	"Iraq"	"Taji"	3	15	18	6036	10644	16680	104473	170356	274829
"2012.07.03"	"Pakistan"	"Bara Kamangra"	1	4	5	6037	10648	16685	104474	170360	274834
"2012.07.03"	"Thailand"	"Yala"	1	0	1	6038	10648	16686	104475	170360	274835
"2012.07.04"	"Afghanistan"	"Marjeh"	1	3	4	6039	10651	16690	104476	170363	274839
"2012.07.04"	"Pakistan"	"Bahawalpur"	1	0	1	6040	10651	16691	104477	170363	274840
"2012.07.04"	"Pakistan"	"Pasrur"	2	3	5	6042	10654	16696	104479	170366	274845
"2012.07.04"	"Iraq"	"Zubaidiyah"	8	37	45	6050	10691	16741	104487	170403	274890
"2012.07.04"	"Iraq"	"Baghdad"	3	0	3	6053	10691	16744	104490	170403	274893
"2012.07.04"	"Kenya"	"Mandera"	1	0	1	6054	10691	16745	104491	170403	274894
"2012.07.04"	"Pakistan"	"Kuchlak"	3	0	3	6057	10691	16748	104494	170403	274897
"2012.07.04"	"Afghanistan"	"Ghazni"	3	0	3	6060	10691	16751	104497	170403	274900
"2012.07.04"	"Pakistan"	"Jamrud"	1	0	1	6061	10691	16752	104498	170403	274901
"2012.07.04"	"Iraq"	"Mosul"	3	1	4	6064	10692	16756	104501	170404	274905
"2012.07.04"	"Nigeria"	"Borno"	2	0	2	6066	10692	16758	104503	170404	274907
"2012.07.05"	"Nigeria"	"Maiduguri"	2	0	2	6068	10692	16760	104505	170404	274909
"2012.07.05"	"Iraq"	"Mosul"	5	20	25	6073	10712	16785	104510	170424	274934
"2012.07.05"	"Iraq"	"Baqubah"	1	2	3	6074	10714	16788	104511	170426	274937
"2012.07.06"	"Iraq"	"Anbar"	5	9	14	6079	10723	16802	104516	170435	274951
"2012.07.06"	"Iraq"	"Hit"	3	6	9	6082	10729	16811	104519	170441	274960
"2012.07.06"	"Pakistan"	"Sariab"	1	0	1	6083	10729	16812	104520	170441	274961
"2012.07.06"	"Egypt"	"Giza"	0	4	4	6083	10733	16816	104520	170445	274965
"2012.07.06"	"South Africa"	"Philippi"	14	0	14	6097	10733	16830	104534	170445	274979
"2012.07.07"	"Pakistan"	"Tiyarza"	4	3	7	6101	10736	16837	104538	170448	274986
"2012.07.07"	"Pakistan"	"Buggan"	1	0	1	6102	10736	16838	104539	170448	274987
"2012.07.07"	"Pakistan"	"Peshawar"	1	3	4	6103	10739	16842	104540	170451	274991
"2012.07.07"	"Pakistan"	"Karachi"	2	1	3	6105	10740	16845	104542	170452	274994
"2012.07.07"	"Pakistan"	"Sharifabad"	1	0	1	6106	10740	16846	104543	170452	274995
"2012.07.07"	"Somalia"	"Shabelle"	4	3	7	6110	10743	16853	104547	170455	275002
"2012.07.07"	"Kosovo"	"Pristina"	2	0	2	6112	10743	16855	104549	170455	275004
"2012.07.07"	"Thailand"	"Narathiwat"	1	3	4	6113	10746	16859	104550	170458	275008
"2012.07.07"	"Iraq"	"Ramadi"	10	38	48	6123	10784	16907	104560	170496	275056
"2012.07.07"	"Afghanistan"	"Gereshk"	1	1	2	6124	10785	16909	104561	170497	275058
"2012.07.07"	"Afghanistan"	"Farah"	1	26	27	6125	10811	16936	104562	170523	275085
"2012.07.07"	"Afghanistan"	"Chora"	6	1	7	6131	10812	16943	104568	170524	275092
"2012.07.07"	"India"	"Pampore"	1	1	2	6132	10813	16945	104569	170525	275094
"2012.07.07"	"Nigeria"	"Kushen"	80	300	380	6212	11113	17325	104649	170825	275474
"2012.07.08"	"Pakistan"	"Kot Ghulam"	1	0	1	6213	11113	17326	104650	170825	275475
"2012.07.08"	"Nigeria"	"Barkin-Ladi"	23	1	24	6236	11114	17350	104673	170826	275499
"2012.07.08"	"Afghanistan"	"Arghistan"	18	30	48	6254	11144	17398	104691	170856	275547
"2012.07.08"	"Afghanistan"	"Musa Qala"	5	0	5	6259	11144	17403	104696	170856	275552
"2012.07.09"	"Saudi Arabia"	"Awamiya"	2	1	3	6261	11145	17406	104698	170857	275555
"2012.07.09"	"Pakistan"	"Gujrat"	8	4	12	6269	11149	17418	104706	170861	275567
"2012.07.09"	"Afghanistan"	"Kandahar"	5	30	35	6274	11179	17453	104711	170891	275602
"2012.07.09"	"Iraq"	"Samarrah"	2	0	2	6276	11179	17455	104713	170891	275604
"2012.07.09"	"Iraq"	"Mosul"	7	7	14	6283	11186	17469	104720	170898	275618
"2012.07.09"	"India"	"Gaziabad"	1	0	1	6284	11186	17470	104721	170898	275619
"2012.07.10"	"Philippines"	"Sumisip"	0	8	8	6284	11194	17478	104721	170906	275627
"2012.07.10"	"Iraq"	"Ramadi"	4	4	8	6288	11198	17486	104725	170910	275635
"2012.07.10"	"Pakistan"	"Shamsabad"	1	0	1	6289	11198	17487	104726	170910	275636
"2012.07.10"	"Iraq"	"Baghdad"	3	14	17	6292	11212	17504	104729	170924	275653
"2012.07.11"	"Syria"	"Aleppo"	17	0	17	6309	11212	17521	104746	170924	275670
"2012.07.11"	"Pakistan"	"Karachi"	2	0	2	6311	11212	17523	104748	170924	275672
"2012.07.11"	"Pakistan"	"Mian Gundi"	2	0	2	6313	11212	17525	104750	170924	275674
"2012.07.11"	"Pakistan"	"Karachi"	1	23	24	6314	11235	17549	104751	170947	275698
"2012.07.11"	"Afghanistan"	"Zhari"	4	2	6	6318	11237	17555	104755	170949	275704
"2012.07.11"	"Philippines"	"Tumahubong"	6	27	33	6324	11264	17588	104761	170976	275737
"2012.07.11"	"Yemen"	"Sanaa"	22	24	46	6346	11288	17634	104783	171000	275783
"2012.07.12"	"Iraq"	"Mosul"	5	3	8	6351	11291	17642	104788	171003	275791
"2012.07.12"	"Pakistan"	"Jaffarabad"	1	0	1	6352	11291	17643	104789	171003	275792
"2012.07.12"	"Thailand"	"Yala"	1	0	1	6353	11291	17644	104790	171003	275793
"2012.07.12"	"Pakistan"	"Lahore"	10	8	18	6363	11299	17662	104800	171011	275811
"2012.07.12"	"Pakistan"	"Quetta"	1	0	1	6364	11299	17663	104801	171011	275812
"2012.07.12"	"Wales"	"Cardiff"	1	0	1	6365	11299	17664	104802	171011	275813
"2012.07.13"	"Nigeria"	"Maiduguri"	5	6	11	6370	11305	17675	104807	171017	275824
"2012.07.13"	"Indonesia"	"Bogor"	0	4	4	6370	11309	17679	104807	171021	275828
"2012.07.13"	"Iraq"	"Baghdad"	1	1	2	6371	11310	17681	104808	171022	275830
"2012.07.13"	"Pakistan"	"Quetta"	7	22	29	6378	11332	17710	104815	171044	275859
"2012.07.13"	"Pakistan"	"Karachi"	1	0	1	6379	11332	17711	104816	171044	275860
"2012.07.13"	"Afghanistan"	"Laghman"	1	2	3	6380	11334	17714	104817	171046	275863
"2012.07.13"	"India"	"Baghpat"	0	2	2	6380	11336	17716	104817	171048	275865
"2012.07.14"	"Iraq"	"Rashidiyah"	5	2	7	6385	11338	17723	104822	171050	275872
"2012.07.14"	"Iraq"	"Mosul"	4	0	4	6389	11338	17727	104826	171050	275876
"2012.07.14"	"Pakistan"	"Baddar"	3	5	8	6392	11343	17735	104829	171055	275884
"2012.07.14"	"Dagestan"	"Makhachkala"	2	0	2	6394	11343	17737	104831	171055	275886
"2012.07.14"	"Afghanistan"	"Aybak"	23	60	83	6417	11403	17820	104854	171115	275969
"2012.07.14"	"Syria"	"Muhrada"	4	0	4	6421	11403	17824	104858	171115	275973
"2012.07.14"	"Thailand"	"Pattani"	1	0	1	6422	11403	17825	104859	171115	275974
"2012.07.14"	"Somalia"	"Mogadishu"	1	3	4	6423	11406	17829	104860	171118	275978
"2012.07.14"	"Pakistan"	"Karachi"	1	0	1	6424	11406	17830	104861	171118	275979
"2012.07.14"	"Pakistan"	"Haripur"	1	0	1	6425	11406	17831	104862	171118	275980
"2012.07.15"	"Pakistan"	"Mian Kalay Jandol"	1	0	1	6426	11406	17832	104863	171118	275981
"2012.07.15"	"India"	"Kerala"	1	0	1	6427	11406	17833	104864	171118	275982
"2012.07.15"	"Syria"	"Damascus"	2	0	2	6429	11406	17835	104866	171118	275984
"2012.07.15"	"Iraq"	"Diyala"	3	10	13	6432	11416	17848	104869	171128	275997
"2012.07.15"	"Pakistan"	"Sheehan"	4	1	5	6436	11417	17853	104873	171129	276002
"2012.07.16"	"Pakistan"	"Bannu"	3	3	6	6439	11420	17859	104876	171132	276008
"2012.07.16"	"Somalia"	"Mogadishu"	7	5	12	6446	11425	17871	104883	171137	276020
"2012.07.16"	"Yemen"	"Taez"	4	4	8	6450	11429	17879	104887	171141	276028
"2012.07.16"	"Afghanistan"	"Khan Abad"	1	8	9	6451	11437	17888	104888	171149	276037
"2012.07.16"	"Afghanistan"	"Spin Boldak"	3	0	3	6454	11437	17891	104891	171149	276040
"2012.07.16"	"Iraq"	"Mosul"	2	0	2	6456	11437	17893	104893	171149	276042
"2012.07.16"	"Kenya"	"Lagdera"	1	1	2	6457	11438	17895	104894	171150	276044
"2012.07.16"	"Pakistan"	"Sultanabad"	1	0	1	6458	11438	17896	104895	171150	276045
"2012.07.17"	"Afghanistan"	"Washer"	9	7	16	6467	11445	17912	104904	171157	276061
"2012.07.17"	"Nigeria"	"Jos"	1	0	1	6468	11445	17913	104905	171157	276062
"2012.07.17"	"Thailand"	"Narathiwat"	3	5	8	6471	11450	17921	104908	171162	276070
"2012.07.17"	"Pakistan"	"Karachi"	0	2	2	6471	11452	17923	104908	171164	276072
"2012.07.18"	"Pakistan"	"Jahanian"	2	0	2	6473	11452	17925	104910	171164	276074
"2012.07.18"	"Lebanon"	"Tripoli"	1	8	9	6474	11460	17934	104911	171172	276083
"2012.07.18"	"Pal. Auth."	"al-Shati"	1	0	1	6475	11460	17935	104912	171172	276084
"2012.07.18"	"Bulgaria"	"Burgas"	7	30	37	6482	11490	17972	104919	171202	276121
"2012.07.18"	"India"	"Kerala"	1	2	3	6483	11492	17975	104920	171204	276124
"2012.07.18"	"Iraq"	"Mosul"	11	3	14	6494	11495	17989	104931	171207	276138
"2012.07.18"	"Somalia"	"Damascus"	2	2	4	6496	11497	17993	104933	171209	276142
"2012.07.18"	"Pakistan"	"Spai"	14	0	14	6510	11497	18007	104947	171209	276156
"2012.07.19"	"Thailand"	"Pattani"	1	0	1	6511	11497	18008	104948	171209	276157
"2012.07.19"	"Yemen"	"Aden"	1	0	1	6512	11497	18009	104949	171209	276158
"2012.07.19"	"Afghanistan"	"Faryab"	8	6	14	6520	11503	18023	104957	171215	276172
"2012.07.19"	"Egypt"	"Sheikh Zweid"	2	0	2	6522	11503	18025	104959	171215	276174
"2012.07.19"	"Russia"	"Kazan"	1	1	2	6523	11504	18027	104960	171216	276176
"2012.07.19"	"Thailand"	"Pattani"	1	0	1	6524	11504	18028	104961	171216	276177
"2012.07.19"	"Thailand"	"Yala"	1	3	4	6525	11507	18032	104962	171219	276181
"2012.07.19"	"Nigeria"	"Maiduguri"	2	0	2	6527	11507	18034	104964	171219	276183
"2012.07.19"	"Pakistan"	"Karachi"	1	0	1	6528	11507	18035	104965	171219	276184
"2012.07.19"	"Pakistan"	"Karachi"	1	0	1	6529	11507	18036	104966	171219	276185
"2012.07.19"	"Yemen"	"Bayda"	1	0	1	6530	11507	18037	104967	171219	276186
"2012.07.19"	"Pakistan"	"Bajaur"	3	0	3	6533	11507	18040	104970	171219	276189
"2012.07.20"	"Pakistan"	"Shahdara"	1	0	1	6534	11507	18041	104971	171219	276190
"2012.07.20"	"Afghanistan"	"Sarab"	5	0	5	6539	11507	18046	104976	171219	276195
"2012.07.20"	"Iraq"	"Kadhimiya"	2	0	2	6541	11507	18048	104978	171219	276197
"2012.07.20"	"Pakistan"	"Shalozan"	1	1	2	6542	11508	18050	104979	171220	276199
"2012.07.20"	"India"	"Kupwara"	1	0	1	6543	11508	18051	104980	171220	276200
"2012.07.20"	"India"	"Jayapur"	4	0	4	6547	11508	18055	104984	171220	276204
"2012.07.21"	"Pakistan"	"Dir Bala"	4	7	11	6551	11515	18066	104988	171227	276215
"2012.07.21"	"Pakistan"	"Gadap"	1	0	1	6552	11515	18067	104989	171227	276216
"2012.07.21"	"Pakistan"	"Dhog Darra"	3	0	3	6555	11515	18070	104992	171227	276219
"2012.07.21"	"Pakistan"	"Spin Thall"	12	8	20	6567	11523	18090	105004	171235	276239
"2012.07.21"	"Ingushetia"	"Magas"	2	3	5	6569	11526	18095	105006	171238	276244
"2012.07.21"	"Tajikistan"	"Khorog"	1	0	1	6570	11526	18096	105007	171238	276245
"2012.07.22"	"Syria"	"Damascus"	4	0	4	6574	11526	18100	105011	171238	276249
"2012.07.22"	"Pakistan"	"Hyderabad"	2	0	2	6576	11526	18102	105013	171238	276251
"2012.07.22"	"Iraq"	"Najaf"	0	23	23	6576	11549	18125	105013	171261	276274
"2012.07.22"	"Iraq"	"Baghdad"	1	0	1	6577	11549	18126	105014	171261	276275
"2012.07.22"	"Iraq"	"Mahmudiya"	11	38	49	6588	11587	18175	105025	171299	276324
"2012.07.22"	"Iraq"	"Madaen"	15	60	75	6603	11647	18250	105040	171359	276399
"2012.07.22"	"Iraq"	"Najaf"	4	28	32	6607	11675	18282	105044	171387	276431
"2012.07.22"	"Saudi Arabia"	"Riyadh"	1	0	1	6608	11675	18283	105045	171387	276432
"2012.07.22"	"Afghanistan"	"Jalrez"	5	0	5	6613	11675	18288	105050	171387	276437
"2012.07.22"	"Afghanistan"	"Kabul"	3	2	5	6616	11677	18293	105053	171389	276442
"2012.07.22"	"Afghanistan"	"Helmand"	2	0	2	6618	11677	18295	105055	171389	276444
"2012.07.22"	"Philippines"	"Tumahubong"	0	4	4	6618	11681	18299	105055	171393	276448
"2012.07.22"	"Somalia"	"Lower Shabelle"	3	0	3	6621	11681	18302	105058	171393	276451
"2012.07.23"	"Iraq"	"Baghdad"	6	24	30	6627	11705	18332	105064	171417	276481
"2012.07.23"	"Iraq"	"Baquban"	3	7	10	6630	11712	18342	105067	171424	276491
"2012.07.23"	"Iraq"	"Udhaim"	13	23	36	6643	11735	18378	105080	171447	276527
"2012.07.23"	"Iraq"	"Diwaniya"	5	32	37	6648	11767	18415	105085	171479	276564
"2012.07.23"	"Iraq"	"Dhuluiya"	16	4	20	6664	11771	18435	105101	171483	276584
"2012.07.23"	"Iraq"	"Taji"	42	48	90	6706	11819	18525	105143	171531	276674
"2012.07.23"	"Iraq"	"Sadr City"	21	73	94	6727	11892	18619	105164	171604	276768
"2012.07.23"	"Iraq"	"Mosul"	9	0	9	6736	11892	18628	105173	171604	276777
"2012.07.23"	"Iraq"	"Kirkuk"	12	47	59	6748	11939	18687	105185	171651	276836
"2012.07.23"	"Iraq"	"Baghdad"	17	96	113	6765	12035	18800	105202	171747	276949
"2012.07.23"	"Nigeria"	"Bauchi"	1	10	11	6766	12045	18811	105203	171757	276960
"2012.07.23"	"Nigeria"	"Maiduguri"	5	0	5	6771	12045	18816	105208	171757	276965
"2012.07.23"	"Nigeria"	"Bulumkutu"	3	0	3	6774	12045	18819	105211	171757	276968
"2012.07.24"	"Afghanistan"	"Ghor"	7	0	7	6781	12045	18826	105218	171757	276975
"2012.07.24"	"Nigeria"	"Gwamaja"	1	0	1	6782	12045	18827	105219	171757	276976
"2012.07.24"	"Nigeria"	"Kano"	1	0	1	6783	12045	18828	105220	171757	276977
"2012.07.24"	"Nigeria"	"Kano"	2	0	2	6785	12045	18830	105222	171757	276979
"2012.07.24"	"Iraq"	"Baqubah"	3	29	32	6788	12074	18862	105225	171786	277011
"2012.07.24"	"Iraq"	"Tuz Khormato"	6	0	6	6794	12074	18868	105231	171786	277017
"2012.07.24"	"Afghanistan"	"Parwan"	3	0	3	6797	12074	18871	105234	171786	277020
"2012.07.24"	"Iraq"	"Kirkuk"	1	2	3	6798	12076	18874	105235	171788	277023
"2012.07.24"	"Pakistan"	"Jamrud"	1	1	2	6799	12077	18876	105236	171789	277025
"2012.07.24"	"Pakistan"	"Darra Adamkhel"	0	7	7	6799	12084	18883	105236	171796	277032
"2012.07.25"	"Pakistan"	"Dabori"	3	0	3	6802	12084	18886	105239	171796	277035
"2012.07.25"	"Syria"	"Homs"	9	0	9	6811	12084	18895	105248	171796	277044
"2012.07.25"	"Pakistan"	"Gulbehar"	1	0	1	6812	12084	18896	105249	171796	277045
"2012.07.25"	"Thailand"	"Yala"	5	1	6	6817	12085	18902	105254	171797	277051
"2012.07.25"	"Iraq"	"Ad-Dawr"	5	4	9	6822	12089	18911	105259	171801	277060
"2012.07.25"	"Jordan"	"Jerash"	1	0	1	6823	12089	18912	105260	171801	277061
"2012.07.25"	"Nigeria"	"Maiduguri"	2	3	5	6825	12092	18917	105262	171804	277066
"2012.07.25"	"Nigeria"	"Borno"	3	0	3	6828	12092	18920	105265	171804	277069
"2012.07.25"	"Iraq"	"Diyala"	4	12	16	6832	12104	18936	105269	171816	277085
"2012.07.25"	"Pakistan"	"Bara"	1	0	1	6833	12104	18937	105270	171816	277086
"2012.07.26"	"Iraq"	"Hadid"	11	0	11	6844	12104	18948	105281	171816	277097
"2012.07.26"	"Pakistan"	"Khar"	15	23	38	6859	12127	18986	105296	171839	277135
"2012.07.26"	"Thailand"	"Yala"	1	0	1	6860	12127	18987	105297	171839	277136
"2012.07.26"	"Nigeria"	"Bauchi"	3	1	4	6863	12128	18991	105300	171840	277140
"2012.07.26"	"Philippines"	"Sumisip"	10	17	27	6873	12145	19018	105310	171857	277167
"2012.07.26"	"Thailand"	"Yala"	2	0	2	6875	12145	19020	105312	171857	277169
"2012.07.26"	"Philippines"	"Sumisip"	5	22	27	6880	12167	19047	105317	171879	277196
"2012.07.26"	"Egypt"	"Shubra el Khayma"	0	1	1	6880	12168	19048	105317	171880	277197
"2012.07.26"	"Pakistan"	"Akka Khel"	3	4	7	6883	12172	19055	105320	171884	277204
"2012.07.27"	"Pakistan"	"Mardan"	6	0	6	6889	12172	19061	105326	171884	277210
"2012.07.27"	"Dagestan"	"Makhachkala"	3	0	3	6892	12172	19064	105329	171884	277213
"2012.07.27"	"Somalia"	"Baidoa"	4	3	7	6896	12175	19071	105333	171887	277220
"2012.07.27"	"Dagestan"	"Makhachkala"	1	0	1	6897	12175	19072	105334	171887	277221
"2012.07.27"	"Thailand"	"Pattani"	1	0	1	6898	12175	19073	105335	171887	277222
"2012.07.27"	"Thailand"	"Pattani"	1	1	2	6899	12176	19075	105336	171888	277224
"2012.07.27"	"Nigeria"	"Maiduguri"	7	0	7	6906	12176	19082	105343	171888	277231
"2012.07.27"	"Pakistan"	"Quetta"	1	0	1	6907	12176	19083	105344	171888	277232
"2012.07.28"	"Iraq"	"Samarrah"	5	0	5	6912	12176	19088	105349	171888	277237
"2012.07.28"	"Thailand"	"Yala"	1	0	1	6913	12176	19089	105350	171888	277238
"2012.07.28"	"India"	"Anantnag"	2	4	6	6915	12180	19095	105352	171892	277244
"2012.07.28"	"Thailand"	"Pattani"	2	0	2	6917	12180	19097	105354	171892	277246
"2012.07.28"	"Thailand"	"Pattani"	4	2	6	6921	12182	19103	105358	171894	277252
"2012.07.28"	"Yemen"	"Sanaa"	1	0	1	6922	12182	19104	105359	171894	277253
"2012.07.29"	"Pakistan"	"Mansehra"	0	2	2	6922	12184	19106	105359	171896	277255
"2012.07.29"	"Yemen"	"Radah"	1	0	1	6923	12184	19107	105360	171896	277256
"2012.07.29"	"Afghanistan"	"Chak"	1	1	2	6924	12185	19109	105361	171897	277258
"2012.07.29"	"Thailand"	"Pattani"	1	0	1	6925	12185	19110	105362	171897	277259
"2012.07.29"	"Mali"	"Aguelhok"	2	0	2	6927	12185	19112	105364	171897	277261
"2012.07.29"	"Nigeria"	"Kano"	2	0	2	6929	12185	19114	105366	171897	277263
"2012.07.29"	"Nigeria"	"Kano"	2	2	4	6931	12187	19118	105368	171899	277267
"2012.07.29"	"Iraq"	"Fallujah"	7	9	16	6938	12196	19134	105375	171908	277283
"2012.07.29"	"Iraq"	"Muqdadiya"	4	13	17	6942	12209	19151	105379	171921	277300
"2012.07.29"	"Kenya"	"Mandera"	1	0	1	6943	12209	19152	105380	171921	277301
"2012.07.30"	"Nigeria"	"Sokoto"	2	30	32	6945	12239	19184	105382	171951	277333
"2012.07.30"	"Nigeria"	"Sokoto"	1	0	1	6946	12239	19185	105383	171951	277334
"2012.07.30"	"Afghanistan"	"Tarinkot"	5	0	5	6951	12239	19190	105388	171951	277339
"2012.07.30"	"Kenya"	"Mandera"	1	0	1	6952	12239	19191	105389	171951	277340
"2012.07.30"	"Pakistan"	"Mardan"	4	0	4	6956	12239	19195	105393	171951	277344
"2012.07.31"	"Thailand"	"Pattani"	2	4	6	6958	12243	19201	105395	171955	277350
"2012.07.31"	"Pakistan"	"Karachi"	0	11	11	6958	12254	19212	105395	171966	277361
"2012.07.31"	"Iraq"	"Mosul"	1	3	4	6959	12257	19216	105396	171969	277365
"2012.07.31"	"Somalia"	"Mogadishu"	1	9	10	6960	12266	19226	105397	171978	277375
"2012.07.31"	"Iraq"	"Baghdad"	15	35	50	6975	12301	19276	105412	172013	277425
"2012.07.31"	"Iraq"	"Saqlawiyah"	2	2	4	6977	12303	19280	105414	172015	277429
"2012.07.31"	"Iraq"	"Baghdad"	7	21	28	6984	12324	19308	105421	172036	277457
"2012.07.31"	"Yemen"	"Jaar"	2	3	5	6986	12327	19313	105423	172039	277462
"2012.07.31"	"Syria"	"Aleppo"	40	0	40	7026	12327	19353	105463	172039	277502
"2012.08.01"	"Thailand"	"Pattani"	1	0	1	7027	12327	19354	105464	172039	277503
"2012.08.01"	"Pakistan"	"Mochiwala"	1	1	2	7028	12328	19356	105465	172040	277505
"2012.08.01"	"Pakistan"	"Tandlianwala"	2	0	2	7030	12328	19358	105467	172040	277507
"2012.08.01"	"Somalia"	"Mogadishu"	1	0	1	7031	12328	19359	105468	172040	277508
"2012.08.01"	"Somalia"	"Mogadishu"	1	0	1	7032	12328	19360	105469	172040	277509
"2012.08.01"	"Pal. Auth."	"Tulkarm"	1	0	1	7033	12328	19361	105470	172040	277510
"2012.08.01"	"Somalia"	"Mogadishu"	6	0	6	7039	12328	19367	105476	172040	277516
"2012.08.01"	"Afghanistan"	"Jalrez"	4	0	4	7043	12328	19371	105480	172040	277520
"2012.08.01"	"Yemen"	"Abyan"	5	0	5	7048	12328	19376	105485	172040	277525
"2012.08.01"	"Pakistan"	"Hyderabad"	1	0	1	7049	12328	19377	105486	172040	277526
"2012.08.01"	"Pakistan"	"Lahore"	0	23	23	7049	12351	19400	105486	172063	277549
"2012.08.01"	"Pakistan"	"Lagharai Thal"	1	0	1	7050	12351	19401	105487	172063	277550
"2012.08.02"	"Pakistan"	"Akhorwal"	1	0	1	7051	12351	19402	105488	172063	277551
"2012.08.02"	"Iraq"	"Kirkuk"	4	0	4	7055	12351	19406	105492	172063	277555
"2012.08.02"	"Iraq"	"Tikrit"	4	0	4	7059	12351	19410	105496	172063	277559
"2012.08.02"	"Iraq"	"Balad"	3	0	3	7062	12351	19413	105499	172063	277562
"2012.08.02"	"Iraq"	"Baghdad"	9	32	41	7071	12383	19454	105508	172095	277603
"2012.08.02"	"India"	"Kasargod"	1	0	1	7072	12383	19455	105509	172095	277604
"2012.08.02"	"Dagestan"	"Kizilyurt"	1	1	2	7073	12384	19457	105510	172096	277606
"2012.08.02"	"Jordan"	"Baoun"	1	0	1	7074	12384	19458	105511	172096	277607
"2012.08.02"	"Algeria"	"Roubane"	4	0	4	7078	12384	19462	105515	172096	277611
"2012.08.03"	"Syria"	"Damascus"	1	0	1	7079	12384	19463	105516	172096	277612
"2012.08.03"	"Afghanistan"	"Daulatzai"	0	23	23	7079	12407	19486	105516	172119	277635
"2012.08.03"	"Kenya"	"Nairobi"	1	9	10	7080	12416	19496	105517	172128	277645
"2012.08.03"	"Iraq"	"Baghdad"	5	11	16	7085	12427	19512	105522	172139	277661
"2012.08.03"	"Pakistan"	"Risalpur"	11	23	34	7096	12450	19546	105533	172162	277695
"2012.08.03"	"Afghanistan"	"Kunar"	2	0	2	7098	12450	19548	105535	172162	277697
"2012.08.03"	"Saudi Arabia"	"Qatif"	2	1	3	7100	12451	19551	105537	172163	277700
"2012.08.03"	"Yemen"	"Sanaa"	1	0	1	7101	12451	19552	105538	172163	277701
"2012.08.03"	"Pakistan"	"Charsadda"	0	2	2	7101	12453	19554	105538	172165	277703
"2012.08.03"	"Iraq"	"Dhuluiyah"	4	4	8	7105	12457	19562	105542	172169	277711
"2012.08.03"	"Syria"	"Damascus"	21	17	38	7126	12474	19600	105563	172186	277749
"2012.08.04"	"Pakistan"	"Gilgit"	1	0	1	7127	12474	19601	105564	172186	277750
"2012.08.04"	"Afghanistan"	"Ghormach"	3	12	15	7130	12486	19616	105567	172198	277765
"2012.08.04"	"Afghanistan"	"Gala Joy"	8	10	18	7138	12496	19634	105575	172208	277783
"2012.08.04"	"Yemen"	"Jaar"	49	37	86	7187	12533	19720	105624	172245	277869
"2012.08.04"	"Thailand"	"Pattani"	1	0	1	7188	12533	19721	105625	172245	277870
"2012.08.05"	"Pakistan"	"Milwat"	1	0	1	7189	12533	19722	105626	172245	277871
"2012.08.05"	"Pakistan"	"Gilgit"	2	4	6	7191	12537	19728	105628	172249	277877
"2012.08.05"	"Philippines"	"Maguindanao"	1	11	12	7192	12548	19740	105629	172260	277889
"2012.08.05"	"Iraq"	"Mosul"	3	0	3	7195	12548	19743	105632	172260	277892
"2012.08.05"	"Afghanistan"	"Bamiyan"	6	12	18	7201	12560	19761	105638	172272	277910
"2012.08.05"	"Somalia"	"Mogadishu"	1	0	1	7202	12560	19762	105639	172272	277911
"2012.08.05"	"Nigeria"	"Damaturu"	7	9	16	7209	12569	19778	105646	172281	277927
"2012.08.05"	"Egypt"	"Sinai"	16	7	23	7225	12576	19801	105662	172288	277950
"2012.08.05"	"Syria"	"Jdaidet Artuz"	1	0	1	7226	12576	19802	105663	172288	277951
"2012.08.05"	"Iraq"	"Tuz Khurmatu"	4	2	6	7230	12578	19808	105667	172290	277957
"2012.08.05"	"Nigeria"	"Maiduguri"	4	0	4	7234	12578	19812	105671	172290	277961
"2012.08.05"	"Pakistan"	"Bahawalnagar"	4	3	7	7238	12581	19819	105675	172293	277968
"2012.08.05"	"Pakistan"	"Faizabad"	3	12	15	7241	12593	19834	105678	172305	277983
"2012.08.06"	"Dagestan"	"Tsuntinsky"	2	1	3	7243	12594	19837	105680	172306	277986
"2012.08.06"	"Philippines"	"Shariff Aguak"	2	1	3	7245	12595	19840	105682	172307	277989
"2012.08.06"	"Thailand"	"Pattani"	1	0	1	7246	12595	19841	105683	172307	277990
"2012.08.06"	"Thailand"	"Pattani"	1	0	1	7247	12595	19842	105684	172307	277991
"2012.08.06"	"Syria"	"Damascus"	6	0	6	7253	12595	19848	105690	172307	277997
"2012.08.06"	"Nigeria"	"Okene"	20	9	29	7273	12604	19877	105710	172316	278026
"2012.08.06"	"Nigeria"	"Maiduguri"	1	0	1	7274	12604	19878	105711	172316	278027
"2012.08.06"	"India"	"Sendabal"	1	2	3	7275	12606	19881	105712	172318	278030
"2012.08.06"	"Iraq"	"Hillah"	4	0	4	7279	12606	19885	105716	172318	278034
"2012.08.06"	"Iraq"	"Baghdad"	2	0	2	7281	12606	19887	105718	172318	278036
"2012.08.06"	"Pakistan"	"Jamrud"	1	0	1	7282	12606	19888	105719	172318	278037
"2012.08.06"	"Chechnya"	"Khankala"	3	3	6	7285	12609	19894	105722	172321	278043
"2012.08.06"	"Iraq"	"Khanaqin"	2	2	4	7287	12611	19898	105724	172323	278047
"2012.08.06"	"Iraq"	"al-Haswa"	3	13	16	7290	12624	19914	105727	172336	278063
"2012.08.06"	"Afghanistan"	"Charsadda"	1	3	4	7291	12627	19918	105728	172339	278067
"2012.08.06"	"Azerbaijan"	"Tashkent"	0	2	2	7291	12629	19920	105728	172341	278069
"2012.08.07"	"Afghanistan"	"Paghman"	9	3	12	7300	12632	19932	105737	172344	278081
"2012.08.07"	"Thailand"	"Pattani"	0	9	9	7300	12641	19941	105737	172353	278090
"2012.08.07"	"Iraq"	"Hamiat"	3	6	9	7303	12647	19950	105740	172359	278099
"2012.08.07"	"Pakistan"	"Shah Khan"	2	0	2	7305	12647	19952	105742	172359	278101
"2012.08.07"	"Somalia"	"Garowe"	1	0	1	7306	12647	19953	105743	172359	278102
"2012.08.07"	"Syria"	"Homs"	16	0	16	7322	12647	19969	105759	172359	278118
"2012.08.08"	"Somalia"	"Mogadishu"	8	2	10	7330	12649	19979	105767	172361	278128
"2012.08.08"	"Iraq"	"Baghdad"	1	1	2	7331	12650	19981	105768	172362	278130
"2012.08.08"	"Iraq"	"Suwayra"	13	30	43	7344	12680	20024	105781	172392	278173
"2012.08.08"	"Syria"	"Hourani"	1	3	4	7345	12683	20028	105782	172395	278177
"2012.08.08"	"Afghanistan"	"Asadabad"	4	3	7	7349	12686	20035	105786	172398	278184
"2012.08.08"	"Nigeria"	"Okene"	3	0	3	7352	12686	20038	105789	172398	278187
"2012.08.08"	"Iraq"	"Baiji"	8	0	8	7360	12686	20046	105797	172398	278195
"2012.08.08"	"Dagestan"	"Endireiaul"	0	1	1	7360	12687	20047	105797	172399	278196
"2012.08.09"	"Dagestan"	"Botlikh"	5	0	5	7365	12687	20052	105802	172399	278201
"2012.08.09"	"Afghanistan"	"Helmand"	3	0	3	7368	12687	20055	105805	172399	278204
"2012.08.09"	"Pakistan"	"Upper Dir"	2	0	2	7370	12687	20057	105807	172399	278206
"2012.08.09"	"Iraq"	"Fallujah"	4	4	8	7374	12691	20065	105811	172403	278214
"2012.08.09"	"Iraq"	"Baghdad"	2	19	21	7376	12710	20086	105813	172422	278235
"2012.08.09"	"India"	"Baktoor"	1	0	1	7377	12710	20087	105814	172422	278236
"2012.08.10"	"Iraq"	"Haditha"	3	0	3	7380	12710	20090	105817	172422	278239
"2012.08.10"	"Nigeria"	"Kombul"	4	3	7	7384	12713	20097	105821	172425	278246
"2012.08.10"	"Afghanistan"	"Balkh"	1	0	1	7385	12713	20098	105822	172425	278247
"2012.08.10"	"Syria"	"al-Bab"	3	0	3	7388	12713	20101	105825	172425	278250
"2012.08.10"	"Lebanon"	"Akkar"	1	9	10	7389	12722	20111	105826	172434	278260
"2012.08.10"	"Nigeria"	"Kaduna"	0	1	1	7389	12723	20112	105826	172435	278261
"2012.08.10"	"Philippines"	"Jolo"	1	0	1	7390	12723	20113	105827	172435	278262
"2012.08.10"	"Iraq"	"Dujail"	4	0	4	7394	12723	20117	105831	172435	278266
"2012.08.10"	"Iraq"	"al-Muqdadiyah"	3	2	5	7397	12725	20122	105834	172437	278271
"2012.08.10"	"Iraq"	"Mosul"	5	70	75	7402	12795	20197	105839	172507	278346
"2012.08.10"	"Afghanistan"	"Musa Qala"	6	1	7	7408	12796	20204	105845	172508	278353
"2012.08.10"	"Philippines"	"Datu Unsay"	1	0	1	7409	12796	20205	105846	172508	278354
"2012.08.10"	"India"	"Moominabad"	1	0	1	7410	12796	20206	105847	172508	278355
"2012.08.10"	"Thailand"	"Pattani"	1	0	1	7411	12796	20207	105848	172508	278356
"2012.08.10"	"Yemen"	"Mukalla"	2	1	3	7413	12797	20210	105850	172509	278359
"2012.08.11"	"Pakistan"	"Bara"	4	1	5	7417	12798	20215	105854	172510	278364
"2012.08.11"	"Pakistan"	"Peshawar"	1	0	1	7418	12798	20216	105855	172510	278365
"2012.08.11"	"Syria"	"Jdeidet Artouz"	1	0	1	7419	12798	20217	105856	172510	278366
"2012.08.11"	"Afghanistan"	"Delaram"	11	0	11	7430	12798	20228	105867	172510	278377
"2012.08.11"	"Iraq"	"Amerili"	7	0	7	7437	12798	20235	105874	172510	278384
"2012.08.11"	"Thailand"	"Pattani"	1	0	1	7438	12798	20236	105875	172510	278385
"2012.08.11"	"Afghanistan"	"Jambaran"	1	1	2	7439	12799	20238	105876	172511	278387
"2012.08.11"	"Somalia"	"Mogadishu"	2	2	4	7441	12801	20242	105878	172513	278391
"2012.08.12"	"Afghanistan"	"Panjwai"	4	4	8	7445	12805	20250	105882	172517	278399
"2012.08.12"	"Pakistan"	"Mera Kachuri"	2	0	2	7447	12805	20252	105884	172517	278401
"2012.08.12"	"Somalia"	"Mogadishu"	1	0	1	7448	12805	20253	105885	172517	278402
"2012.08.12"	"Pakistan"	"Miranshah"	3	3	6	7451	12808	20259	105888	172520	278408
"2012.08.12"	"Iraq"	"Jurf al-Sakhar"	3	5	8	7454	12813	20267	105891	172525	278416
"2012.08.12"	"Iraq"	"Baghdad"	2	0	2	7456	12813	20269	105893	172525	278418
"2012.08.12"	"Philippines"	"Alip"	2	4	6	7458	12817	20275	105895	172529	278424
"2012.08.12"	"Afghanistan"	"Alishang"	4	0	4	7462	12817	20279	105899	172529	278428
"2012.08.12"	"Iraq"	"Suleiman Bek"	8	0	8	7470	12817	20287	105907	172529	278436
"2012.08.12"	"Thailand"	"Pattani"	1	0	1	7471	12817	20288	105908	172529	278437
"2012.08.13"	"Pakistan"	"Saro Wano"	1	1	2	7472	12818	20290	105909	172530	278439
"2012.08.13"	"Nigeria"	"Gombe"	1	1	2	7473	12819	20292	105910	172531	278441
"2012.08.13"	"Pakistan"	"Charsadda"	2	0	2	7475	12819	20294	105912	172531	278443
"2012.08.13"	"Egypt"	"Sinai"	2	0	2	7477	12819	20296	105914	172531	278445
"2012.08.13"	"Afghanistan"	"Ishkamish"	5	0	5	7482	12819	20301	105919	172531	278450
"2012.08.13"	"Pakistan"	"Karachi"	3	0	3	7485	12819	20304	105922	172531	278453
"2012.08.13"	"Kazakhstan"	"Almaty"	12	0	12	7497	12819	20316	105934	172531	278465
"2012.08.14"	"Nigeria"	"Damaturu"	9	0	9	7506	12819	20325	105943	172531	278474
"2012.08.14"	"Dagestan"	"Khasavyurt"	2	1	3	7508	12820	20328	105945	172532	278477
"2012.08.14"	"Indonesia"	"Sukabumi"	1	0	1	7509	12820	20329	105946	172532	278478
"2012.08.14"	"Pakistan"	"Sangar"	1	2	3	7510	12822	20332	105947	172534	278481
"2012.08.14"	"Pakistan"	"Orakzai"	5	18	23	7515	12840	20355	105952	172552	278504
"2012.08.14"	"Thailand"	"Narathiwat"	1	1	2	7516	12841	20357	105953	172553	278506
"2012.08.14"	"Afghanistan"	"Kunduz"	12	30	42	7528	12871	20399	105965	172583	278548
"2012.08.14"	"Afghanistan"	"Zaranj"	36	110	146	7564	12981	20545	106001	172693	278694
"2012.08.14"	"Thailand"	"Yala"	1	0	1	7565	12981	20546	106002	172693	278695
"2012.08.14"	"Dagestan"	"Buinaksk"	1	0	1	7566	12981	20547	106003	172693	278696
"2012.08.14"	"Pakistan"	"Sahiwal"	1	0	1	7567	12981	20548	106004	172693	278697
"2012.08.14"	"Egypt"	"Asyut"	1	0	1	7568	12981	20549	106005	172693	278698
"2012.08.15"	"Afghanistan"	"Peshawar"	6	0	6	7574	12981	20555	106011	172693	278704
"2012.08.15"	"Pakistan"	"Kurram"	3	31	34	7577	13012	20589	106014	172724	278738
"2012.08.15"	"Thailand"	"Yala"	1	1	2	7578	13013	20591	106015	172725	278740
"2012.08.15"	"Afghanistan"	"Bagh Sara"	0	9	9	7578	13022	20600	106015	172734	278749
"2012.08.15"	"Pakistan"	"Karachi"	1	0	1	7579	13022	20601	106016	172734	278750
"2012.08.15"	"Afghanistan"	"Heart"	0	15	15	7579	13037	20616	106016	172749	278765
"2012.08.15"	"Iraq"	"Qahataniya"	2	0	2	7581	13037	20618	106018	172749	278767
"2012.08.15"	"Nigeria"	"Kaduna"	1	0	1	7582	13037	20619	106019	172749	278768
"2012.08.15"	"Iraq"	"Baqubah"	2	9	11	7584	13046	20630	106021	172758	278779
"2012.08.15"	"Iraq"	"Muqdadiya"	7	25	32	7591	13071	20662	106028	172783	278811
"2012.08.15"	"Nigeria"	"Maidugui"	1	0	1	7592	13071	20663	106029	172783	278812
"2012.08.16"	"Nigeria"	"Maiduguri"	1	0	1	7593	13071	20664	106030	172783	278813
"2012.08.16"	"Tunisia"	"Bizerte"	0	5	5	7593	13076	20669	106030	172788	278818
"2012.08.16"	"Pakistan"	"Quetta"	3	0	3	7596	13076	20672	106033	172788	278821
"2012.08.16"	"Iraq"	"Zafaniya"	34	57	91	7630	13133	20763	106067	172845	278912
"2012.08.16"	"Iraq"	"Baghdad"	26	58	84	7656	13191	20847	106093	172903	278996
"2012.08.16"	"Iraq"	"Kirkuk"	1	6	7	7657	13197	20854	106094	172909	279003
"2012.08.16"	"Iraq"	"Daquq"	6	25	31	7663	13222	20885	106100	172934	279034
"2012.08.16"	"Iraq"	"al-Garma"	4	3	7	7667	13225	20892	106104	172937	279041
"2012.08.16"	"Iraq"	"Husseiniyah"	7	42	49	7674	13267	20941	106111	172979	279090
"2012.08.16"	"Iraq"	"Tuz Khurmatu"	1	4	5	7675	13271	20946	106112	172983	279095
"2012.08.16"	"Iraq"	"Kut"	5	70	75	7680	13341	21021	106117	173053	279170
"2012.08.16"	"Iraq"	"Mosul"	3	22	25	7683	13363	21046	106120	173075	279195
"2012.08.16"	"Pakistan"	"Kamra"	1	1	2	7684	13364	21048	106121	173076	279197
"2012.08.16"	"Pakistan"	"Rawalpindi"	25	0	25	7709	13364	21073	106146	173076	279222
"2012.08.17"	"Afghanistan"	"Kinisk"	2	0	2	7711	13364	21075	106148	173076	279224
"2012.08.17"	"Pakistan"	"Karachi"	2	18	20	7713	13382	21095	106150	173094	279244
"2012.08.17"	"Pakistan"	"Quetta"	5	5	10	7718	13387	21105	106155	173099	279254
"2012.08.17"	"Pakistan"	"Sadda"	0	0	0	7718	13387	21105	106155	173099	279254
"2012.08.18"	"Pakistan"	"Michni"	4	0	4	7722	13387	21109	106159	173099	279258
"2012.08.18"	"Dagestan"	"Khasavyurt"	0	8	8	7722	13395	21117	106159	173107	279266
"2012.08.18"	"Iraq"	"Kirkuk"	5	4	9	7727	13399	21126	106164	173111	279275
"2012.08.18"	"Iraq"	"Mosul"	6	0	6	7733	13399	21132	106170	173111	279281
"2012.08.18"	"Yemen"	"Aden"	21	9	30	7754	13408	21162	106191	173120	279311
"2012.08.18"	"Afghanistan"	"Grish"	1	0	1	7755	13408	21163	106192	173120	279312
"2012.08.18"	"Afghanistan"	"Herat"	4	12	16	7759	13420	21179	106196	173132	279328
"2012.08.19"	"Pakistan"	"Haripur"	0	6	6	7759	13426	21185	106196	173138	279334
"2012.08.19"	"Afghanistan"	"Kabul"	3	0	3	7762	13426	21188	106199	173138	279337
"2012.08.19"	"Afghanistan"	"Lashkar Gah"	3	8	11	7765	13434	21199	106202	173146	279348
"2012.08.19"	"Afghanistan"	"Farah"	2	0	2	7767	13434	21201	106204	173146	279350
"2012.08.19"	"Afghanistan"	"Kandahar"	1	1	2	7768	13435	21203	106205	173147	279352
"2012.08.19"	"Yemen"	"Abyan"	3	2	5	7771	13437	21208	106208	173149	279357
"2012.08.19"	"Bangladesh"	"Sunamganj"	0	30	30	7771	13467	21238	106208	173179	279387
"2012.08.19"	"Ingushetia"	"Malgobek"	7	10	17	7778	13477	21255	106215	173189	279404
"2012.08.19"	"Iraq"	"Baghdad"	4	1	5	7782	13478	21260	106219	173190	279409
"2012.08.19"	"Pakistan"	"Karachi"	16	1	17	7798	13479	21277	106235	173191	279426
"2012.08.20"	"Indonesia"	"Cisalopa"	4	0	4	7802	13479	21281	106239	173191	279430
"2012.08.20"	"Dagestan"	"Tsunta"	1	0	1	7803	13479	21282	106240	173191	279431
"2012.08.21"	"Pakistan"	"Quetta"	1	12	13	7804	13491	21295	106241	173203	279444
"2012.08.21"	"Nigeria"	"Biu"	1	0	1	7805	13491	21296	106242	173203	279445
"2012.08.21"	"Nigeria"	"Borno"	1	0	1	7806	13491	21297	106243	173203	279446
"2012.08.21"	"Nigeria"	"Goniri"	2	0	2	7808	13491	21299	106245	173203	279448
"2012.08.21"	"Pakistan"	"Faisalabad"	1	0	1	7809	13491	21300	106246	173203	279449
"2012.08.21"	"Thailand"	"Narathiwat"	1	2	3	7810	13493	21303	106247	173205	279452
"2012.08.21"	"Thailand"	"Narathiwat"	1	1	2	7811	13494	21305	106248	173206	279454
"2012.08.21"	"Lebanon"	"Tripoli"	8	75	83	7819	13569	21388	106256	173281	279537
"2012.08.21"	"Iraq"	"Mosul"	1	0	1	7820	13569	21389	106257	173281	279538
"2012.08.22"	"Pakistan"	"Islamabad"	2	0	2	7822	13569	21391	106259	173281	279540
"2012.08.22"	"Pakistan"	"Joharabad"	1	2	3	7823	13571	21394	106260	173283	279543
"2012.08.22"	"Lebanon"	"Tripoli"	4	25	29	7827	13596	21423	106264	173308	279572
"2012.08.22"	"Dagestan"	"Mokok"	1	3	4	7828	13599	21427	106265	173311	279576
"2012.08.22"	"Dagestan"	"Babayurt"	1	0	1	7829	13599	21428	106266	173311	279577
"2012.08.23"	"Afghanistan"	"Ahmad Khil"	3	0	3	7832	13599	21431	106269	173311	279580
"2012.08.23"	"Afghanistan"	"Spin Boldak"	6	0	6	7838	13599	21437	106275	173311	279586
"2012.08.23"	"Sudan"	"Kassab Camp"	1	20	21	7839	13619	21458	106276	173331	279607
"2012.08.23"	"Tunisia"	"Sidi Bouzid"	0	7	7	7839	13626	21465	106276	173338	279614
"2012.08.23"	"Dagestan"	"Makhachkala"	11	0	11	7850	13626	21476	106287	173338	279625
"2012.08.23"	"Pakistan"	"Hangu"	3	0	3	7853	13626	21479	106290	173338	279628
"2012.08.23"	"Pakistan"	"Chakwal"	2	0	2	7855	13626	21481	106292	173338	279630
"2012.08.23"	"Somalia"	"Mogadishu"	3	12	15	7858	13638	21496	106295	173350	279645
"2012.08.23"	"Pakistan"	"Bakwa"	2	0	2	7860	13638	21498	106297	173350	279647
"2012.08.24"	"Dagestan"	"Khasavyurt"	1	1	2	7861	13639	21500	106298	173351	279649
"2012.08.24"	"Lebanon"	"Tripoli"	3	41	44	7864	13680	21544	106301	173392	279693
"2012.08.24"	"Pakistan"	"Batwar"	2	8	10	7866	13688	21554	106303	173400	279703
"2012.08.24"	"Iraq"	"Baghdad"	3	8	11	7869	13696	21565	106306	173408	279714
"2012.08.24"	"Iraq"	"Baghdad"	6	12	18	7875	13708	21583	106312	173420	279732
"2012.08.24"	"Iraq"	"Khan Beni Saad"	1	3	4	7876	13711	21587	106313	173423	279736
"2012.08.25"	"Afghanistan"	"Gosfandi"	1	0	1	7877	13711	21588	106314	173423	279737
"2012.08.25"	"Afghanistan"	"Sistani"	1	0	1	7878	13711	21589	106315	173423	279738
"2012.08.25"	"Afghanistan"	"Gereshk"	1	6	7	7879	13717	21596	106316	173429	279745
"2012.08.25"	"Pakistan"	"Karachi"	2	0	2	7881	13717	21598	106318	173429	279747
"2012.08.25"	"Pakistan"	"Bara"	7	8	15	7888	13725	21613	106325	173437	279762
"2012.08.25"	"Afghanistan"	"Panjwayi"	5	3	8	7893	13728	21621	106330	173440	279770
"2012.08.25"	"Afghanistan"	"Zehi"	2	4	6	7895	13732	21627	106332	173444	279776
"2012.08.25"	"Afghanistan"	"Paktia"	5	12	17	7900	13744	21644	106337	173456	279793
"2012.08.25"	"Iraq"	"Mosul"	3	0	3	7903	13744	21647	106340	173456	279796
"2012.08.26"	"Iraq"	"Baghdad"	5	1	6	7908	13745	21653	106345	173457	279802
"2012.08.26"	"Iraq"	"Garma"	3	2	5	7911	13747	21658	106348	173459	279807
"2012.08.26"	"Pakistan"	"Bajur"	1	4	5	7912	13751	21663	106349	173463	279812
"2012.08.26"	"Afghanistan"	"Pailoch"	3	0	3	7915	13751	21666	106352	173463	279815
"2012.08.26"	"Indonesia"	"Sampang"	2	12	14	7917	13763	21680	106354	173475	279829
"2012.08.26"	"Nigeria"	"Gashua"	1	0	1	7918	13763	21681	106355	173475	279830
"2012.08.27"	"Afghanistan"	"Musa Qala"	17	0	17	7935	13763	21698	106372	173475	279847
"2012.08.27"	"Pakistan"	"Quetta"	3	2	5	7938	13765	21703	106375	173477	279852
"2012.08.27"	"Iraq"	"Mosul"	2	5	7	7940	13770	21710	106377	173482	279859
"2012.08.27"	"Kenya"	"Mombasa"	1	0	1	7941	13770	21711	106378	173482	279860
"2012.08.27"	"Afghanistan"	"Washir"	10	4	14	7951	13774	21725	106388	173486	279874
"2012.08.27"	"Mali"	"Ansongo"	1	0	1	7952	13774	21726	106389	173486	279875
"2012.08.27"	"Pakistan"	"Katha Kanray"	1	1	2	7953	13775	21728	106390	173487	279877
"2012.08.27"	"Kenya"	"Mombasa"	1	1	2	7954	13776	21730	106391	173488	279879
"2012.08.28"	"Somalia"	"Merka"	1	0	1	7955	13776	21731	106392	173488	279880
"2012.08.28"	"Pakistan"	"Karachi"	1	1	2	7956	13777	21733	106393	173489	279882
"2012.08.28"	"Dagestan"	"Belidzhi"	7	6	13	7963	13783	21746	106400	173495	279895
"2012.08.28"	"Iraq"	"Waziriyah"	2	0	2	7965	13783	21748	106402	173495	279897
"2012.08.28"	"Afghanistan"	"Uruzgan"	3	2	5	7968	13785	21753	106405	173497	279902
"2012.08.28"	"Afghanistan"	"Kunar"	5	0	5	7973	13785	21758	106410	173497	279907
"2012.08.28"	"Afghanistan"	"Kandahar"	4	20	24	7977	13805	21782	106414	173517	279931
"2012.08.28"	"Kenya"	"Mombasa"	2	13	15	7979	13818	21797	106416	173530	279946
"2012.08.28"	"Dagestan"	"Chirkey"	7	0	7	7986	13818	21804	106423	173530	279953
"2012.08.28"	"Syria"	"Jaramana"	27	48	75	8013	13866	21879	106450	173578	280028
"2012.08.28"	"Thailand"	"Narathiwat"	1	1	2	8014	13867	21881	106451	173579	280030
"2012.08.29"	"Georgia"	"Lapankuri"	3	0	3	8017	13867	21884	106454	173579	280033
"2012.08.29"	"Afghanistan"	"Logar"	1	0	1	8018	13867	21885	106455	173579	280034
"2012.08.29"	"Iraq"	"Baghdad"	1	0	1	8019	13867	21886	106456	173579	280035
"2012.08.29"	"Iraq"	"Kirkuk"	5	3	8	8024	13870	21894	106461	173582	280043
"2012.08.29"	"Germany"	"Berlin"	0	1	1	8024	13871	21895	106461	173583	280044
"2012.08.29"	"Thailand"	"Yala"	1	0	1	8025	13871	21896	106462	173583	280045
"2012.08.29"	"Syria"	"Zamalka"	7	0	7	8032	13871	21903	106469	173583	280052
"2012.08.29"	"Pakistan"	"Ghatbadr"	8	6	14	8040	13877	21917	106477	173589	280066
"2012.08.29"	"Afghanistan"	"Kandahar"	1	0	1	8041	13877	21918	106478	173589	280067
"2012.08.30"	"Syria"	"Damascus"	2	0	2	8043	13877	21920	106480	173589	280069
"2012.08.30"	"Iraq"	"Hillah"	2	0	2	8045	13877	21922	106482	173589	280071
"2012.08.30"	"Pakistan"	"Peshawar"	1	0	1	8046	13877	21923	106483	173589	280072
"2012.08.30"	"Afghanistan"	"Baraki Barak"	5	10	15	8051	13887	21938	106488	173599	280087
"2012.08.30"	"Pakistan"	"Ghaziabad"	5	0	5	8056	13887	21943	106493	173599	280092
"2012.08.30"	"Afghanistan"	"Kapisa"	1	0	1	8057	13887	21944	106494	173599	280093
"2012.08.30"	"Indonesia"	"Solo"	1	0	1	8058	13887	21945	106495	173599	280094
"2012.08.30"	"Pakistan"	"Batwar"	12	0	12	8070	13887	21957	106507	173599	280106
"2012.08.30"	"Pakistan"	"Quetta"	3	0	3	8073	13887	21960	106510	173599	280109
"2012.08.30"	"Thailand"	"Yala"	1	0	1	8074	13887	21961	106511	173599	280110
"2012.08.31"	"Pakistan"	"Shor Kot"	1	0	1	8075	13887	21962	106512	173599	280111
"2012.08.31"	"Iraq"	"Baghdad"	1	1	2	8076	13888	21964	106513	173600	280113
"2012.08.31"	"Iraq"	"Baghdad"	2	0	2	8078	13888	21966	106515	173600	280115
"2012.08.31"	"Iraq"	"Baghdad"	1	0	1	8079	13888	21967	106516	173600	280116
"2012.08.31"	"Pakistan"	"Peshawar"	12	12	24	8091	13900	21991	106528	173612	280140
"2012.08.31"	"Egypt"	"Muqatta"	1	0	1	8092	13900	21992	106529	173612	280141
"2012.08.31"	"Afghanistan"	"Sahib Khan"	5	0	5	8097	13900	21997	106534	173612	280146
"2012.08.31"	"Pakistan"	"Jacobabad"	2	0	2	8099	13900	21999	106536	173612	280148
"2012.09.01"	"Iraq"	"Baghdad"	2	11	13	8101	13911	22012	106538	173623	280161
"2012.09.01"	"Pakistan"	"Hazar Ganji"	5	0	5	8106	13911	22017	106543	173623	280166
"2012.09.01"	"Pakistan"	"Quetta"	2	0	2	8108	13911	22019	106545	173623	280168
"2012.09.01"	"Afghanistan"	"Wardak"	13	78	91	8121	13989	22110	106558	173701	280259
"2012.09.01"	"Iraq"	"Basra"	1	1	2	8122	13990	22112	106559	173702	280261
"2012.09.01"	"Pakistan"	"Quetta"	2	10	12	8124	14000	22124	106561	173712	280273
"2012.09.01"	"Syria"	"Damascus"	15	3	18	8139	14003	22142	106576	173715	280291
"2012.09.01"	"Syria"	"Deir al-Zour"	1	2	3	8140	14005	22145	106577	173717	280294
"2012.09.01"	"Thailand"	"Narathiwat"	0	2	2	8140	14007	22147	106577	173719	280296
"2012.09.02"	"Pakistan"	"Bazarak Khwar"	1	4	5	8141	14011	22152	106578	173723	280301
"2012.09.02"	"Pakistan"	"Quetta"	1	0	1	8142	14011	22153	106579	173723	280302
"2012.09.02"	"Mali"	"Gao"	1	0	1	8143	14011	22154	106580	173723	280303
"2012.09.03"	"Pakistan"	"Peshawar"	2	25	27	8145	14036	22181	106582	173748	280330
"2012.09.03"	"Nigeria"	"New Marte"	3	0	3	8148	14036	22184	106585	173748	280333
"2012.09.03"	"Nigeria"	"Maiduguri"	2	0	2	8150	14036	22186	106587	173748	280335
"2012.09.03"	"Syria"	"Jaramana"	4	12	16	8154	14048	22202	106591	173760	280351
"2012.09.04"	"Nigeria"	"Gwange"	4	0	4	8158	14048	22206	106595	173760	280355
"2012.09.04"	"Somalia"	"Barawe"	2	0	2	8160	14048	22208	106597	173760	280357
"2012.09.04"	"Iraq"	"Fallujah"	1	0	1	8161	14048	22209	106598	173760	280358
"2012.09.04"	"Afghanistan"	"Dor Baba"	25	35	60	8186	14083	22269	106623	173795	280418
"2012.09.04"	"Iraq"	"Tuz Khurmatu"	6	2	8	8192	14085	22277	106629	173797	280426
"2012.09.04"	"Iraq"	"Kirkuk"	1	0	1	8193	14085	22278	106630	173797	280427
"2012.09.04"	"Pakistan"	"Karachi"	1	0	1	8194	14085	22279	106631	173797	280428
"2012.09.04"	"Pakistan"	"Pirabad"	2	0	2	8196	14085	22281	106633	173797	280430
"2012.09.04"	"Thailand"	"Pattani"	1	0	1	8197	14085	22282	106634	173797	280431
"2012.09.04"	"Kenya"	"Mombasa"	2	0	2	8199	14085	22284	106636	173797	280433
"2012.09.05"	"Pakistan"	"Quetta"	1	0	1	8200	14085	22285	106637	173797	280434
"2012.09.05"	"Ingushetia"	"Datykh"	6	1	7	8206	14086	22292	106643	173798	280441
"2012.09.05"	"India"	"Kerala"	1	0	1	8207	14086	22293	106644	173798	280442
"2012.09.05"	"Iraq"	"Tikrit"	2	0	2	8209	14086	22295	106646	173798	280444
"2012.09.05"	"Iraq"	"Khalis"	1	8	9	8210	14094	22304	106647	173806	280453
"2012.09.05"	"Pakistan"	"Quetta"	1	0	1	8211	14094	22305	106648	173806	280454
"2012.09.05"	"Pakistan"	"Karachi"	2	0	2	8213	14094	22307	106650	173806	280456
"2012.09.06"	"Pakistan"	"Sipah"	3	8	11	8216	14102	22318	106653	173814	280467
"2012.09.06"	"Pakistan"	"Gulistan Colony"	1	0	1	8217	14102	22319	106654	173814	280468
"2012.09.06"	"Nigeria"	"Yobe"	16	0	16	8233	14102	22335	106670	173814	280484
"2012.09.06"	"Iraq"	"al-Sharqat"	1	1	2	8234	14103	22337	106671	173815	280486
"2012.09.07"	"Libya"	"Rajma"	3	3	6	8237	14106	22343	106674	173818	280492
"2012.09.07"	"Afghanistan"	"Kabul"	0	3	3	8237	14109	22346	106674	173821	280495
"2012.09.07"	"Lebanon"	"Ain al-Hilweh"	1	0	1	8238	14109	22347	106675	173821	280496
"2012.09.07"	"Pakistan"	"Quetta"	1	0	1	8239	14109	22348	106676	173821	280497
"2012.09.07"	"Philippines"	"Sumisip"	1	35	36	8240	14144	22384	106677	173856	280533
"2012.09.07"	"Iraq"	"Kirkuk"	9	80	89	8249	14224	22473	106686	173936	280622
"2012.09.07"	"Syria"	"Damascus"	5	6	11	8254	14230	22484	106691	173942	280633
"2012.09.07"	"Lebanon"	"Damour"	1	0	1	8255	14230	22485	106692	173942	280634
"2012.09.08"	"Afghanistan"	"Kajaki"	5	2	7	8260	14232	22492	106697	173944	280641
"2012.09.08"	"Pakistan"	"Shalobar"	2	0	2	8262	14232	22494	106699	173944	280643
"2012.09.08"	"Afghanistan"	"Kabul"	6	4	10	8268	14236	22504	106705	173948	280653
"2012.09.08"	"Iraq"	"Qaim"	1	0	1	8269	14236	22505	106706	173948	280654
"2012.09.08"	"Syria"	"Aleppo"	27	64	91	8296	14300	22596	106733	174012	280745
"2012.09.09"	"Afghanistan"	"Farah"	1	16	17	8297	14316	22613	106734	174028	280762
"2012.09.09"	"Afghanistan"	"Mula Khel"	6	0	6	8303	14316	22619	106740	174028	280768
"2012.09.09"	"Iraq"	"Dujail"	11	7	18	8314	14323	22637	106751	174035	280786
"2012.09.09"	"Iraq"	"Amara"	16	100	116	8330	14423	22753	106767	174135	280902
"2012.09.09"	"Iraq"	"Kirkuk"	7	70	77	8337	14493	22830	106774	174205	280979
"2012.09.09"	"Iraq"	"Nasiriyah"	2	3	5	8339	14496	22835	106776	174208	280984
"2012.09.09"	"Iraq"	"Baghdad"	7	21	28	8346	14517	22863	106783	174229	281012
"2012.09.09"	"Iraq"	"Basra"	3	24	27	8349	14541	22890	106786	174253	281039
"2012.09.09"	"Iraq"	"Tal Afar"	2	7	9	8351	14548	22899	106788	174260	281048
"2012.09.09"	"Iraq"	"Maysan"	5	40	45	8356	14588	22944	106793	174300	281093
"2012.09.09"	"Iraq"	"uz Khormato"	4	41	45	8360	14629	22989	106797	174341	281138
"2012.09.09"	"Syria"	"Homs"	4	24	28	8364	14653	23017	106801	174365	281166
"2012.09.09"	"Iraq"	"Baghdad"	5	21	26	8369	14674	23043	106806	174386	281192
"2012.09.09"	"Iraq"	"Baghdad"	3	14	17	8372	14688	23060	106809	174400	281209
"2012.09.09"	"Thailand"	"Narathiwat"	2	1	3	8374	14689	23063	106811	174401	281212
"2012.09.09"	"Iraq"	"Kirkuk"	8	17	25	8382	14706	23088	106819	174418	281237
"2012.09.10"	"Syria"	"Aleppo"	20	0	20	8402	14706	23108	106839	174418	281257
"2012.09.10"	"Iraq"	"Mussayib"	3	2	5	8405	14708	23113	106842	174420	281262
"2012.09.10"	"Iraq"	"Bayaa"	8	32	40	8413	14740	23153	106850	174452	281302
"2012.09.10"	"Syria"	"Aleppo"	17	40	57	8430	14780	23210	106867	174492	281359
"2012.09.10"	"Afghanistan"	"Kunduz"	21	15	36	8451	14795	23246	106888	174507	281395
"2012.09.10"	"Pakistan"	"Parachinar"	14	45	59	8465	14840	23305	106902	174552	281454
"2012.09.10"	"Iraq"	"Hillah"	2	3	5	8467	14843	23310	106904	174555	281459
"2012.09.10"	"India"	"Baramulla"	1	0	1	8468	14843	23311	106905	174555	281460
"2012.09.10"	"Mali"	"Gao"	0	5	5	8468	14848	23316	106905	174560	281465
"2012.09.11"	"Afghanistan"	"Kushki Kuhna"	5	6	11	8473	14854	23327	106910	174566	281476
"2012.09.11"	"Yemen"	"Sanaa"	12	12	24	8485	14866	23351	106922	174578	281500
"2012.09.11"	"Iraq"	"Baghdad"	4	0	4	8489	14866	23355	106926	174578	281504
"2012.09.11"	"Libya"	"Benghazi"	4	17	21	8493	14883	23376	106930	174595	281525
"2012.09.11"	"Iraq"	"Dujail"	3	0	3	8496	14883	23379	106933	174595	281528
"2012.09.11"	"Afghanistan"	"Bagram"	3	2	5	8499	14885	23384	106936	174597	281533
"2012.09.12"	"Iraq"	"Hillah"	1	1	2	8500	14886	23386	106937	174598	281535
"2012.09.12"	"Iraq"	"Qaidiriya"	1	0	1	8501	14886	23387	106938	174598	281536
"2012.09.12"	"Syria"	"Aleppo"	4	13	17	8505	14899	23404	106942	174611	281553
"2012.09.12"	"Somalia"	"Mogadishu"	8	10	18	8513	14909	23422	106950	174621	281571
"2012.09.12"	"Pakistan"	"Orangi"	1	0	1	8514	14909	23423	106951	174621	281572
"2012.09.13"	"Pakistan"	"Bara"	5	0	5	8519	14909	23428	106956	174621	281577
"2012.09.13"	"Pakistan"	"Akkakhel"	4	2	6	8523	14911	23434	106960	174623	281583
"2012.09.13"	"Dagestan"	"Khasavyurt"	1	2	3	8524	14913	23437	106961	174625	281586
"2012.09.13"	"Nigeria"	"Maiduguri"	4	0	4	8528	14913	23441	106965	174625	281590
"2012.09.13"	"Pakistan"	"Landi Kotal"	4	0	4	8532	14913	23445	106969	174625	281594
"2012.09.13"	"Syria"	"Damascus"	3	16	19	8535	14929	23464	106972	174641	281613
"2012.09.13"	"Pakistan"	"Quetta"	3	4	7	8538	14933	23471	106975	174645	281620
"2012.09.14"	"Pakistan"	"Malir"	1	1	2	8539	14934	23473	106976	174646	281622
"2012.09.14"	"Afghanistan"	"Helmand"	2	9	11	8541	14943	23484	106978	174655	281633
"2012.09.14"	"Iraq"	"Samarah"	2	18	20	8543	14961	23504	106980	174673	281653
"2012.09.14"	"Thailand"	"Pattani"	1	2	3	8544	14963	23507	106981	174675	281656
"2012.09.15"	"Thailand"	"Pattani"	4	0	4	8548	14963	23511	106985	174675	281660
"2012.09.15"	"Pakistan"	"Gulistan-e-Jauhar"	1	0	1	8549	14963	23512	106986	174675	281661
"2012.09.15"	"Dagestan"	"Khutrakh"	3	2	5	8552	14965	23517	106989	174677	281666
"2012.09.15"	"Afghanistan"	"Jogak"	5	0	5	8557	14965	23522	106994	174677	281671
"2012.09.15"	"India"	"Ghaziabad"	0	3	3	8557	14968	23525	106994	174680	281674
"2012.09.15"	"Afghanistan"	"Helmand"	2	4	6	8559	14972	23531	106996	174684	281680
"2012.09.15"	"Iraq"	"Hajj Ali"	3	0	3	8562	14972	23534	106999	174684	281683
"2012.09.15"	"Pakistan"	"Karachi"	2	4	6	8564	14976	23540	107001	174688	281689
"2012.09.16"	"Yemen"	"Mukalla"	3	4	7	8567	14980	23547	107004	174692	281696
"2012.09.16"	"Afghanistan"	"Gereshk"	12	0	12	8579	14980	23559	107016	174692	281708
"2012.09.16"	"Pakistan"	"Jandool"	16	7	23	8595	14987	23582	107032	174699	281731
"2012.09.16"	"Nigeria"	"Kano"	4	0	4	8599	14987	23586	107036	174699	281735
"2012.09.16"	"Egypt"	"Sinai"	1	7	8	8600	14994	23594	107037	174706	281743
"2012.09.16"	"Afghanistan"	"Zabol"	4	2	6	8604	14996	23600	107041	174708	281749
"2012.09.16"	"Israel"	"Tira"	1	0	1	8605	14996	23601	107042	174708	281750
"2012.09.16"	"Nigeria"	"Zango"	6	9	15	8611	15005	23616	107048	174717	281765
"2012.09.16"	"Pakistan"	"Ghareebabad"	1	0	1	8612	15005	23617	107049	174717	281766
"2012.09.16"	"Pakistan"	"Hyderabad"	0	1	1	8612	15006	23618	107049	174718	281767
"2012.09.17"	"Dagestan"	"Gubden"	1	0	1	8613	15006	23619	107050	174718	281768
"2012.09.17"	"Thailand"	"Yala"	2	0	2	8615	15006	23621	107052	174718	281770
"2012.09.17"	"Nigeria"	"Azare"	2	0	2	8617	15006	23623	107054	174718	281772
"2012.09.17"	"Nigeria"	"Borno"	1	0	1	8618	15006	23624	107055	174718	281773
"2012.09.17"	"Iraq"	"Mosul"	1	0	1	8619	15006	23625	107056	174718	281774
"2012.09.17"	"Pakistan"	"Mustafa"	1	0	1	8620	15006	23626	107057	174718	281775
"2012.09.17"	"Iraq"	"Baghdad"	7	24	31	8627	15030	23657	107064	174742	281806
"2012.09.18"	"Iraq"	"Kirkuk"	4	2	6	8631	15032	23663	107068	174744	281812
"2012.09.18"	"Iraq"	"Muqdadiya"	2	0	2	8633	15032	23665	107070	174744	281814
"2012.09.18"	"Afghanistan"	"Kunar"	1	4	5	8634	15036	23670	107071	174748	281819
"2012.09.18"	"Afghanistan"	"Kabul"	12	11	23	8646	15047	23693	107083	174759	281842
"2012.09.18"	"Pakistan"	"Mastung"	3	9	12	8649	15056	23705	107086	174768	281854
"2012.09.18"	"Pakistan"	"Karachi"	8	21	29	8657	15077	23734	107094	174789	281883
"2012.09.18"	"Pakistan"	"Gorakhpur"	1	0	1	8658	15077	23735	107095	174789	281884
"2012.09.19"	"Iraq"	"Mosul"	7	0	7	8665	15077	23742	107102	174789	281891
"2012.09.19"	"Iraq"	"Tal Afar"	2	0	2	8667	15077	23744	107104	174789	281893
"2012.09.19"	"France"	"Sarcelles"	0	1	1	8667	15078	23745	107104	174790	281894
"2012.09.19"	"Pakistan"	"Scheme Chowk"	9	34	43	8676	15112	23788	107113	174824	281937
"2012.09.19"	"Iraq"	"Baqubah"	3	5	8	8679	15117	23796	107116	174829	281945
"2012.09.20"	"Iraq"	"Baghdad"	6	2	8	8685	15119	23804	107122	174831	281953
"2012.09.20"	"Somalia"	"Mogadishu"	15	22	37	8700	15141	23841	107137	174853	281990
"2012.09.20"	"Afghanistan"	"Dehrawood"	5	0	5	8705	15141	23846	107142	174853	281995
"2012.09.20"	"Philippines"	"Basilan"	4	6	10	8709	15147	23856	107146	174859	282005
"2012.09.21"	"Somalia"	"Mogadishu"	1	0	1	8710	15147	23857	107147	174859	282006
"2012.09.21"	"Yemen"	"Rada"	1	3	4	8711	15150	23861	107148	174862	282010
"2012.09.21"	"Pakistan"	"Mardan"	0	12	12	8711	15162	23873	107148	174874	282022
"2012.09.21"	"Syria"	"Damascus"	20	0	20	8731	15162	23893	107168	174874	282042
"2012.09.21"	"Israel"	"Sinai"	1	0	1	8732	15162	23894	107169	174874	282043
"2012.09.21"	"Afghanistan"	"Nawa"	5	0	5	8737	15162	23899	107174	174874	282048
"2012.09.21"	"Pakistan"	"Karachi"	1	0	1	8738	15162	23900	107175	174874	282049
"2012.09.21"	"Thailand"	"Pattani"	6	40	46	8744	15202	23946	107181	174914	282095
"2012.09.21"	"Pakistan"	"Peshawar"	2	0	2	8746	15202	23948	107183	174914	282097
"2012.09.22"	"Pakistan"	"Karachi"	1	0	1	8747	15202	23949	107184	174914	282098
"2012.09.22"	"Pakistan"	"Karachi"	1	0	1	8748	15202	23950	107185	174914	282099
"2012.09.22"	"Iraq"	"Duluiyah"	5	4	9	8753	15206	23959	107190	174918	282108
"2012.09.22"	"Pakistan"	"Kurram"	2	0	2	8755	15206	23961	107192	174918	282110
"2012.09.22"	"Yemen"	"Amran"	8	12	20	8763	15218	23981	107200	174930	282130
"2012.09.23"	"Pakistan"	"Sheikh Uttar"	1	0	1	8764	15218	23982	107201	174930	282131
"2012.09.23"	"India"	"Baramulla"	1	0	1	8765	15218	23983	107202	174930	282132
"2012.09.23"	"Yemen"	"Amran"	12	9	21	8777	15227	24004	107214	174939	282153
"2012.09.23"	"Iraq"	"Baghdad"	3	7	10	8780	15234	24014	107217	174946	282163
"2012.09.23"	"Nigeria"	"Bauchi"	2	48	50	8782	15282	24064	107219	174994	282213
"2012.09.23"	"Afghanistan"	"Shinkot"	5	0	5	8787	15282	24069	107224	174994	282218
"2012.09.24"	"Iraq"	"Baghdad"	4	0	4	8791	15282	24073	107228	174994	282222
"2012.09.24"	"Pakistan"	"Karachi"	4	1	5	8795	15283	24078	107232	174995	282227
"2012.09.24"	"Pakistan"	"Nankana Sahib"	1	0	1	8796	15283	24079	107233	174995	282228
"2012.09.24"	"Iraq"	"Hit"	4	6	10	8800	15289	24089	107237	175001	282238
"2012.09.24"	"Dagestan"	"Khasavyurt"	1	0	1	8801	15289	24090	107238	175001	282239
"2012.09.25"	"Pakistan"	"Karachi"	3	1	4	8804	15290	24094	107241	175002	282243
"2012.09.25"	"Iraq"	"Baghdad"	9	11	20	8813	15301	24114	107250	175013	282263
"2012.09.25"	"Pakistan"	"Layyah"	1	30	31	8814	15331	24145	107251	175043	282294
"2012.09.26"	"Syria"	"Damascus"	4	14	18	8818	15345	24163	107255	175057	282312
"2012.09.26"	"Pakistan"	"Karachi"	2	2	4	8820	15347	24167	107257	175059	282316
"2012.09.26"	"Iraq"	"Baghdad"	7	4	11	8827	15351	24178	107264	175063	282327
"2012.09.26"	"Pakistan"	"Gulberg"	1	0	1	8828	15351	24179	107265	175063	282328
"2012.09.26"	"Afghanistan"	"Logar"	2	1	3	8830	15352	24182	107267	175064	282331
"2012.09.26"	"Pakistan"	"Shawal"	2	14	16	8832	15366	24198	107269	175078	282347
"2012.09.26"	"Syria"	"Barzeh"	16	0	16	8848	15366	24214	107285	175078	282363
"2012.09.26"	"Pakistan"	"Quetta"	1	0	1	8849	15366	24215	107286	175078	282364
"2012.09.27"	"Pakistan"	"Bilal"	1	0	1	8850	15366	24216	107287	175078	282365
"2012.09.27"	"Pakistan"	"Quetta"	2	0	2	8852	15366	24218	107289	175078	282367
"2012.09.27"	"Pakistan"	"Jhalaka Mela"	2	7	9	8854	15373	24227	107291	175085	282376
"2012.09.27"	"Somalia"	"Mogadishu"	1	3	4	8855	15376	24231	107292	175088	282380
"2012.09.27"	"Iraq"	"Tikrit"	13	34	47	8868	15410	24278	107305	175122	282427
"2012.09.27"	"Yemen"	"Hadramout"	3	0	3	8871	15410	24281	107308	175122	282430
"2012.09.28"	"Thailand"	"Pattani"	1	0	1	8872	15410	24282	107309	175122	282431
"2012.09.28"	"Pakistan"	"Karachi"	1	0	1	8873	15410	24283	107310	175122	282432
"2012.09.28"	"Pakistan"	"Karachi"	1	0	1	8874	15410	24284	107311	175122	282433
"2012.09.28"	"Pakistan"	"Karachi"	1	0	1	8875	15410	24285	107312	175122	282434
"2012.09.28"	"Pakistan"	"Karachi"	1	0	1	8876	15410	24286	107313	175122	282435
"2012.09.28"	"Pakistan"	"Youhanaabad"	0	1	1	8876	15411	24287	107313	175123	282436
"2012.09.28"	"Somalia"	"Mogadishu"	1	0	1	8877	15411	24288	107314	175123	282437
"2012.09.28"	"Thailand"	"Yala"	2	0	2	8879	15411	24290	107316	175123	282439
"2012.09.28"	"Pakistan"	"Sheikhan"	1	0	1	8880	15411	24291	107317	175123	282440
"2012.09.29"	"Saudi Arabia"	"Sadad"	1	0	1	8881	15411	24292	107318	175123	282441
"2012.09.29"	"Thailand"	"Narathiwat"	1	1	2	8882	15412	24294	107319	175124	282443
"2012.09.29"	"Thailand"	"Yala"	1	0	1	8883	15412	24295	107320	175124	282444
"2012.09.29"	"Thailand"	"Pattani"	1	0	1	8884	15412	24296	107321	175124	282445
"2012.09.29"	"Pakistan"	"Karachi"	1	0	1	8885	15412	24297	107322	175124	282446
"2012.09.29"	"Thailand"	"Yala"	1	3	4	8886	15415	24301	107323	175127	282450
"2012.09.29"	"Yemen"	"Lawdar"	1	9	10	8887	15424	24311	107324	175136	282460
"2012.09.29"	"Iraq"	"Mosul"	2	3	5	8889	15427	24316	107326	175139	282465
"2012.09.29"	"Iraq"	"Baqubah"	2	4	6	8891	15431	24322	107328	175143	282471
"2012.09.29"	"Afghanistan"	"Herat"	2	2	4	8893	15433	24326	107330	175145	282475
"2012.09.29"	"Syria"	"Zeinab"	2	0	2	8895	15433	24328	107332	175145	282477
"2012.09.30"	"Iraq"	"Kut"	6	10	16	8901	15443	24344	107338	175155	282493
"2012.09.30"	"Thailand"	"Narathiwat"	0	30	30	8901	15473	24374	107338	175185	282523
"2012.09.30"	"Iraq"	"Madain"	3	11	14	8904	15484	24388	107341	175196	282537
"2012.09.30"	"Iraq"	"Taji"	8	28	36	8912	15512	24424	107349	175224	282573
"2012.09.30"	"Iraq"	"Baghdad"	12	43	55	8924	15555	24479	107361	175267	282628
"2012.09.30"	"Iraq"	"Baghdad"	3	12	15	8927	15567	24494	107364	175279	282643
"2012.09.30"	"Kenya"	"Nairobi"	1	6	7	8928	15573	24501	107365	175285	282650
"2012.09.30"	"Syria"	"Qamishli"	30	80	110	8958	15653	24611	107395	175365	282760
"2012.09.30"	"Kenya"	"Garissa"	2	0	2	8960	15653	24613	107397	175365	282762
"2012.09.30"	"Thailand"	"Pattani"	1	2	3	8961	15655	24616	107398	175367	282765
"2012.09.30"	"Thailand"	"Yala"	1	4	5	8962	15659	24621	107399	175371	282770
"2012.10.01"	"Syria"	"Said Naya"	3	0	3	8965	15659	24624	107402	175371	282773
"2012.10.01"	"Thailand"	"Narathiwat"	1	0	1	8966	15659	24625	107403	175371	282774
"2012.10.01"	"Afghanistan"	"Khost"	14	37	51	8980	15696	24676	107417	175408	282825
"2012.10.01"	"Afghanistan"	"Kunduz"	1	0	1	8981	15696	24677	107418	175408	282826
"2012.10.02"	"Iraq"	"Baghdad"	6	5	11	8987	15701	24688	107424	175413	282837
"2012.10.02"	"Thailand"	"Pattani"	2	0	2	8989	15701	24690	107426	175413	282839
"2012.10.02"	"Nigeria"	"Mubi"	26	15	41	9015	15716	24731	107452	175428	282880
"2012.10.02"	"Pakistan"	"Mattani"	1	4	5	9016	15720	24736	107453	175432	282885
"2012.10.03"	"Pakistan"	"Layyah"	1	0	1	9017	15720	24737	107454	175432	282886
"2012.10.03"	"Ingushetia"	"Magas"	4	2	6	9021	15722	24743	107458	175434	282892
"2012.10.03"	"Libya"	"Susa"	3	1	4	9024	15723	24747	107461	175435	282896
"2012.10.03"	"Yemen"	"Lahj"	2	3	5	9026	15726	24752	107463	175438	282901
"2012.10.03"	"Syria"	"Aleppo"	60	100	160	9086	15826	24912	107523	175538	283061
"2012.10.03"	"Thailand"	"Narathiwat"	1	0	1	9087	15826	24913	107524	175538	283062
"2012.10.03"	"India"	"Kerala"	1	0	1	9088	15826	24914	107525	175538	283063
"2012.10.04"	"Pakistan"	"Lundianwala"	1	0	1	9089	15826	24915	107526	175538	283064
"2012.10.04"	"Pakistan"	"Badhaber"	2	0	2	9091	15826	24917	107528	175538	283066
"2012.10.04"	"Thailand"	"Yala"	1	0	1	9092	15826	24918	107529	175538	283067
"2012.10.04"	"Pakistan"	"Karachi"	1	0	1	9093	15826	24919	107530	175538	283068
"2012.10.04"	"Iraq"	"Baghdad"	5	13	18	9098	15839	24937	107535	175551	283086
"2012.10.04"	"Iran"	"Tehran"	4	0	4	9102	15839	24941	107539	175551	283090
"2012.10.05"	"Tunisia"	"Gabes"	0	5	5	9102	15844	24946	107539	175556	283095
"2012.10.05"	"Israel"	"Ramle"	1	0	1	9103	15844	24947	107540	175556	283096
"2012.10.05"	"Iraq"	"Baghdad"	5	26	31	9108	15870	24978	107545	175582	283127
"2012.10.05"	"Thailand"	"Pattani"	1	1	2	9109	15871	24980	107546	175583	283129
"2012.10.05"	"Nigeria"	"Jalingo"	2	11	13	9111	15882	24993	107548	175594	283142
"2012.10.05"	"Mali"	"Douentza"	2	0	2	9113	15882	24995	107550	175594	283144
"2012.10.05"	"Afghanistan"	"Sargadana"	1	3	4	9114	15885	24999	107551	175597	283148
"2012.10.05"	"Cameroon"	"Makary"	1	0	1	9115	15885	25000	107552	175597	283149
"2012.10.06"	"Afghanistan"	"Edgah"	2	0	2	9117	15885	25002	107554	175597	283151
"2012.10.06"	"Nigeria"	"Dogon Kuka"	17	12	29	9134	15897	25031	107571	175609	283180
"2012.10.06"	"Pakistan"	"Gosal"	1	1	2	9135	15898	25033	107572	175610	283182
"2012.10.06"	"Thailand"	"Pattani"	1	0	1	9136	15898	25034	107573	175610	283183
"2012.10.06"	"Pakistan"	"Bara"	5	4	9	9141	15902	25043	107578	175614	283192
"2012.10.06"	"Iraq"	"Baghdad"	4	11	15	9145	15913	25058	107582	175625	283207
"2012.10.06"	"Nigeria"	"Jalingo"	1	5	6	9146	15918	25064	107583	175630	283213
"2012.10.06"	"Pakistan"	"Quetta"	3	0	3	9149	15918	25067	107586	175630	283216
"2012.10.07"	"Somalia"	"Mogadishu"	4	0	4	9153	15918	25071	107590	175630	283220
"2012.10.07"	"Pakistan"	"Musa Colony"	1	0	1	9154	15918	25072	107591	175630	283221
"2012.10.07"	"Dagestan"	"Buinaksk"	1	0	1	9155	15918	25073	107592	175630	283222
"2012.10.07"	"Syria"	"Damascus"	1	8	9	9156	15926	25082	107593	175638	283231
"2012.10.08"	"Kenya"	"Dadaab"	1	0	1	9157	15926	25083	107594	175638	283232
"2012.10.08"	"Pakistan"	"Karachi"	1	0	1	9158	15926	25084	107595	175638	283233
"2012.10.08"	"Nigeria"	"Maiduguri"	13	20	33	9171	15946	25117	107608	175658	283266
"2012.10.08"	"Thailand"	"Pattani"	2	0	2	9173	15946	25119	107610	175658	283268
"2012.10.08"	"Thailand"	"Pattani"	3	0	3	9176	15946	25122	107613	175658	283271
"2012.10.08"	"Afghanistan"	"Laskgar Gah"	2	15	17	9178	15961	25139	107615	175673	283288
"2012.10.08"	"Nigeria"	"Maiduguri"	7	1	8	9185	15962	25147	107622	175674	283296
"2012.10.09"	"Afghanistan"	"Tarin Kot"	1	0	1	9186	15962	25148	107623	175674	283297
"2012.10.09"	"Pakistan"	"Peshawar"	0	3	3	9186	15965	25151	107623	175677	283300
"2012.10.09"	"Thailand"	"Pattani"	3	0	3	9189	15965	25154	107626	175677	283303
"2012.10.09"	"Thailand"	"Narathiwat"	1	0	1	9190	15965	25155	107627	175677	283304
"2012.10.09"	"Yemen"	"Marib"	3	0	3	9193	15965	25158	107630	175677	283307
"2012.10.09"	"Thailand"	"Pattani"	2	0	2	9195	15965	25160	107632	175677	283309
"2012.10.09"	"Thailand"	"Songkhla"	2	0	2	9197	15965	25162	107634	175677	283311
"2012.10.09"	"Pakistan"	"Nazimabad"	1	0	1	9198	15965	25163	107635	175677	283312
"2012.10.09"	"Somalia"	"Alanley"	2	5	7	9200	15970	25170	107637	175682	283319
"2012.10.09"	"Somalia"	"Kismayo"	1	3	4	9201	15973	25174	107638	175685	283323
"2012.10.09"	"Iraq"	"Mosul"	5	1	6	9206	15974	25180	107643	175686	283329
"2012.10.09"	"Afghanistan"	"Helmand"	3	0	3	9209	15974	25183	107646	175686	283332
"2012.10.09"	"Pakistan"	"Karachi"	1	0	1	9210	15974	25184	107647	175686	283333
"2012.10.09"	"Pakistan"	"Sipah"	7	0	7	9217	15974	25191	107654	175686	283340
"2012.10.09"	"Syria"	"Harasta"	75	60	135	9292	16034	25326	107729	175746	283475
"2012.10.09"	"Nigeria"	"Kano"	2	0	2	9294	16034	25328	107731	175746	283477
"2012.10.10"	"Somalia"	"Kismayo"	1	2	3	9295	16036	25331	107732	175748	283480
"2012.10.10"	"Pakistan"	"Dera Ismail Khan"	1	0	1	9296	16036	25332	107733	175748	283481
"2012.10.10"	"Israel"	"Beitar Illit"	0	1	1	9296	16037	25333	107733	175749	283482
"2012.10.10"	"Nigeria"	"Barkin Ladi"	2	0	2	9298	16037	25335	107735	175749	283484
"2012.10.10"	"Nigeria"	"Kano"	2	1	3	9300	16038	25338	107737	175750	283487
"2012.10.10"	"Nigeria"	"Dallyam"	4	4	8	9304	16042	25346	107741	175754	283495
"2012.10.10"	"Nigeria"	"Riyom"	14	5	19	9318	16047	25365	107755	175759	283514
"2012.10.10"	"Pakistan"	"Upper Dir"	1	0	1	9319	16047	25366	107756	175759	283515
"2012.10.10"	"Philippines"	"Cagayan de Oro"	2	6	8	9321	16053	25374	107758	175765	283523
"2012.10.10"	"Afghanistan"	"Nad Ali"	6	0	6	9327	16053	25380	107764	175765	283529
"2012.10.11"	"Iraq"	"Mosul"	3	8	11	9330	16061	25391	107767	175773	283540
"2012.10.11"	"Pakistan"	"Derga Mandai"	3	1	4	9333	16062	25395	107770	175774	283544
"2012.10.11"	"Pakistan"	"Sunzu Darra"	8	22	30	9341	16084	25425	107778	175796	283574
"2012.10.11"	"Yemen"	"Sanaa"	1	0	1	9342	16084	25426	107779	175796	283575
"2012.10.11"	"Syria"	"Arida"	8	8	16	9350	16092	25442	107787	175804	283591
"2012.10.11"	"Afghanistan"	"Maidan Shar"	2	2	4	9352	16094	25446	107789	175806	283595
"2012.10.11"	"Pakistan"	"Landikotal"	2	3	5	9354	16097	25451	107791	175809	283600
"2012.10.12"	"Afghanistan"	"Kajaki"	1	1	2	9355	16098	25453	107792	175810	283602
"2012.10.12"	"Pakistan"	"Parachinar"	0	3	3	9355	16101	25456	107792	175813	283605
"2012.10.12"	"Thailand"	"Narathiwat"	1	0	1	9356	16101	25457	107793	175813	283606
"2012.10.12"	"Nigeria"	"Rankum"	3	2	5	9359	16103	25462	107796	175815	283611
"2012.10.12"	"Pakistan"	"Bakhshi Pul"	1	0	1	9360	16103	25463	107797	175815	283612
"2012.10.12"	"Nigeria"	"Maidugur"	2	0	2	9362	16103	25465	107799	175815	283614
"2012.10.12"	"Maldives"	"Male"	1	0	1	9363	16103	25466	107800	175815	283615
"2012.10.13"	"Philippines"	"Lamitan"	3	0	3	9366	16103	25469	107803	175815	283618
"2012.10.13"	"Pakistan"	"Darra Adam Khel"	18	40	58	9384	16143	25527	107821	175855	283676
"2012.10.13"	"Afghanistan"	"Qalat"	2	3	5	9386	16146	25532	107823	175858	283681
"2012.10.13"	"Afghanistan"	"Maruf"	6	3	9	9392	16149	25541	107829	175861	283690
"2012.10.14"	"Nigeria"	"Gwange"	1	1	2	9393	16150	25543	107830	175862	283692
"2012.10.14"	"Pakistan"	"Karachi"	1	0	1	9394	16150	25544	107831	175862	283693
"2012.10.14"	"Pakistan"	"Quetta"	1	4	5	9395	16154	25549	107832	175866	283698
"2012.10.14"	"Pakistan"	"Matni"	7	12	19	9402	16166	25568	107839	175878	283717
"2012.10.14"	"Nigeria"	"Maiduguri"	3	0	3	9405	16166	25571	107842	175878	283720
"2012.10.14"	"Egypt"	"Abdelmassih"	2	3	5	9407	16169	25576	107844	175881	283725
"2012.10.14"	"Nigeria"	"Yogbo"	30	0	30	9437	16169	25606	107874	175881	283755
"2012.10.15"	"Iraq"	"Sinsil"	4	0	4	9441	16169	25610	107878	175881	283759
"2012.10.15"	"Iraq"	"Kirkuk"	3	23	26	9444	16192	25636	107881	175904	283785
"2012.10.15"	"Iraq"	"Mosul"	1	3	4	9445	16195	25640	107882	175907	283789
"2012.10.15"	"Thailand"	"Narathiwat"	1	2	3	9446	16197	25643	107883	175909	283792
"2012.10.15"	"Pakistan"	"Karachi"	5	2	7	9451	16199	25650	107888	175911	283799
"2012.10.15"	"Iraq"	"Tuz Khurmatu"	2	2	4	9453	16201	25654	107890	175913	283803
"2012.10.15"	"Iraq"	"Samarrah"	3	0	3	9456	16201	25657	107893	175913	283806
"2012.10.16"	"Indonesia"	"Masani"	2	0	2	9458	16201	25659	107895	175913	283808
"2012.10.16"	"Yemen"	"Abyan"	2	5	7	9460	16206	25666	107897	175918	283815
"2012.10.16"	"Kenya"	"Kulan"	1	0	1	9461	16206	25667	107898	175918	283816
"2012.10.16"	"Pakistan"	"Karachi"	1	0	1	9462	16206	25668	107899	175918	283817
"2012.10.16"	"Pakistan"	"Quetta"	4	0	4	9466	16206	25672	107903	175918	283821
"2012.10.16"	"Yemen"	"Sanaa"	1	0	1	9467	16206	25673	107904	175918	283822
"2012.10.17"	"Iraq"	"Muqdadiyah"	2	0	2	9469	16206	25675	107906	175918	283824
"2012.10.17"	"Kenya"	"Likoni"	1	9	10	9470	16215	25685	107907	175927	283834
"2012.10.17"	"Afghanistan"	"Zurmat"	0	45	45	9470	16260	25730	107907	175972	283879
"2012.10.17"	"Iraq"	"Baghdad"	3	15	18	9473	16275	25748	107910	175987	283897
"2012.10.17"	"Pakistan"	"Killi Jeo"	1	0	1	9474	16275	25749	107911	175987	283898
"2012.10.17"	"Pakistan"	"Qasba"	1	0	1	9475	16275	25750	107912	175987	283899
"2012.10.18"	"Somalia"	"Baidoa"	4	0	4	9479	16275	25754	107916	175987	283903
"2012.10.18"	"Nigeria"	"Angwan Alaku"	12	3	15	9491	16278	25769	107928	175990	283918
"2012.10.18"	"Tunisia"	"Tataouine"	1	0	1	9492	16278	25770	107929	175990	283919
"2012.10.18"	"Pakistan"	"Karachi"	1	0	1	9493	16278	25771	107930	175990	283920
"2012.10.18"	"Pakistan"	"Dera Ismail Khan"	1	1	2	9494	16279	25773	107931	175991	283922
"2012.10.18"	"Thailand"	"Yala"	1	0	1	9495	16279	25774	107932	175991	283923
"2012.10.19"	"Afghanistan"	"Gereskh"	6	0	6	9501	16279	25780	107938	175991	283929
"2012.10.19"	"Pakistan"	"Karachi"	3	0	3	9504	16279	25783	107941	175991	283932
"2012.10.19"	"Pakistan"	"Baldia"	1	2	3	9505	16281	25786	107942	175993	283935
"2012.10.19"	"Pakistan"	"Lahore"	1	0	1	9506	16281	25787	107943	175993	283936
"2012.10.19"	"Lebanon"	"Beirut"	8	78	86	9514	16359	25873	107951	176071	284022
"2012.10.19"	"Nigeria"	"Maiduguri"	1	0	1	9515	16359	25874	107952	176071	284023
"2012.10.19"	"Nigeria"	"Potiskum"	5	0	5	9520	16359	25879	107957	176071	284028
"2012.10.19"	"Iraq"	"Balad"	4	11	15	9524	16370	25894	107961	176082	284043
"2012.10.19"	"Afghanistan"	"Dawlat Abad"	19	14	33	9543	16384	25927	107980	176096	284076
"2012.10.19"	"Pakistan"	"Zeridar"	3	6	9	9546	16390	25936	107983	176102	284085
"2012.10.19"	"Yemen"	"Shuqra"	21	15	36	9567	16405	25972	108004	176117	284121
"2012.10.19"	"Iran"	"Chabahar"	2	6	8	9569	16411	25980	108006	176123	284129
"2012.10.19"	"India"	"Srinagar"	1	2	3	9570	16413	25983	108007	176125	284132
"2012.10.19"	"Afghanistan"	"Herat"	1	0	1	9571	16413	25984	108008	176125	284133
"2012.10.19"	"Lebanon"	"Tripoli"	1	0	1	9572	16413	25985	108009	176125	284134
"2012.10.20"	"Nigeria"	"Potiskum"	19	0	19	9591	16413	26004	108028	176125	284153
"2012.10.20"	"Iraq"	"Baghdad"	11	35	46	9602	16448	26050	108039	176160	284199
"2012.10.20"	"Thailand"	"Pattani"	1	0	1	9603	16448	26051	108040	176160	284200
"2012.10.20"	"Nigeria"	"Potiskum"	7	0	7	9610	16448	26058	108047	176160	284207
"2012.10.20"	"Ukraine"	"Lviv"	1	0	1	9611	16448	26059	108048	176160	284208
"2012.10.20"	"Pakistan"	"Gujranwala"	1	0	1	9612	16448	26060	108049	176160	284209
"2012.10.20"	"Iraq"	"Baghdad"	4	1	5	9616	16449	26065	108053	176161	284214
"2012.10.21"	"Jordan"	"Border"	1	0	1	9617	16449	26066	108054	176161	284215
"2012.10.21"	"Lebanon"	"Beirut"	2	16	18	9619	16465	26084	108056	176177	284233
"2012.10.21"	"Syria"	"Damascus"	13	29	42	9632	16494	26126	108069	176206	284275
"2012.10.21"	"Thailand"	"Narathiwat"	1	0	1	9633	16494	26127	108070	176206	284276
"2012.10.21"	"Nigeria"	"Atagara"	2	0	2	9635	16494	26129	108072	176206	284278
"2012.10.21"	"Thailand"	"Narathiwat"	2	7	9	9637	16501	26138	108074	176213	284287
"2012.10.22"	"Somalia"	"Afmadow"	5	12	17	9642	16513	26155	108079	176225	284304
"2012.10.22"	"Afghanistan"	"Ismael Khel"	2	4	6	9644	16517	26161	108081	176229	284310
"2012.10.22"	"Afghanistan"	"Genewa"	10	0	10	9654	16517	26171	108091	176229	284320
"2012.10.22"	"Kenya"	"Likoni"	1	7	8	9655	16524	26179	108092	176236	284328
"2012.10.22"	"Lebanon"	"Tripoli"	7	12	19	9662	16536	26198	108099	176248	284347
"2012.10.22"	"Ethiopia"	"Gerba"	1	2	3	9663	16538	26201	108100	176250	284350
"2012.10.23"	"Iraq"	"Shuala"	9	26	35	9672	16564	26236	108109	176276	284385
"2012.10.23"	"Pakistan"	"Lyari"	1	0	1	9673	16564	26237	108110	176276	284386
"2012.10.23"	"Russia"	"North Ossetia"	1	3	4	9674	16567	26241	108111	176279	284390
"2012.10.23"	"Pakistan"	"Nazimabad"	1	2	3	9675	16569	26244	108112	176281	284393
"2012.10.24"	"Pakistan"	"Gulshan"	1	3	4	9676	16572	26248	108113	176284	284397
"2012.10.24"	"Iraq"	"Mishahada"	6	0	6	9682	16572	26254	108119	176284	284403
"2012.10.24"	"Iraq"	"Kirkuk"	1	2	3	9683	16574	26257	108120	176286	284406
"2012.10.24"	"Iraq"	"Kazaniyah"	2	0	2	9685	16574	26259	108122	176286	284408
"2012.10.24"	"Russia"	"Kazan"	1	1	2	9686	16575	26261	108123	176287	284410
"2012.10.24"	"Syria"	"Daf al-Shok"	6	20	26	9692	16595	26287	108129	176307	284436
"2012.10.24"	"Israel"	"Ashkelon"	0	7	7	9692	16602	26294	108129	176314	284443
"2012.10.25"	"Somalia"	"Wanlaweyn"	8	12	20	9700	16614	26314	108137	176326	284463
"2012.10.25"	"Afghanistan"	"Uruzgan"	2	0	2	9702	16614	26316	108139	176326	284465
"2012.10.25"	"Pakistan"	"Charbagh"	2	0	2	9704	16614	26318	108141	176326	284467
"2012.10.25"	"Afghanistan"	"Faryab"	7	0	7	9711	16614	26325	108148	176326	284474
"2012.10.25"	"Yemen"	"Damar"	2	0	2	9713	16614	26327	108150	176326	284476
"2012.10.25"	"Pakistan"	"Karachi"	5	0	5	9718	16614	26332	108155	176326	284481
"2012.10.25"	"Pakistan"	"Gilgit"	1	0	1	9719	16614	26333	108156	176326	284482
"2012.10.25"	"Somalia"	"Jamama"	1	0	1	9720	16614	26334	108157	176326	284483
"2012.10.25"	"Pakistan"	"Karachi"	1	0	1	9721	16614	26335	108158	176326	284484
"2012.10.25"	"Syria"	"Qatana"	1	0	1	9722	16614	26336	108159	176326	284485
"2012.10.26"	"Iraq"	"al-Mahawil"	2	6	8	9724	16620	26344	108161	176332	284493
"2012.10.26"	"Afghanistan"	"Andar"	5	0	5	9729	16620	26349	108166	176332	284498
"2012.10.26"	"Afghanistan"	"Maimana"	41	70	111	9770	16690	26460	108207	176402	284609
"2012.10.26"	"Syria"	"Damascus"	5	32	37	9775	16722	26497	108212	176434	284646
"2012.10.26"	"Iran"	"Sarbaz"	2	0	2	9777	16722	26499	108214	176434	284648
"2012.10.26"	"Kenya"	"Daadab"	1	0	1	9778	16722	26500	108215	176434	284649
"2012.10.27"	"Somalia"	"Kismayo"	5	14	19	9783	16736	26519	108220	176448	284668
"2012.10.27"	"Pakistan"	"Dera Islamael Khan"	2	6	8	9785	16742	26527	108222	176454	284676
"2012.10.27"	"Iraq"	"Sadr City"	10	31	41	9795	16773	26568	108232	176485	284717
"2012.10.27"	"Pakistan"	"Latifabad"	1	0	1	9796	16773	26569	108233	176485	284718
"2012.10.27"	"Iraq"	"Taji"	5	9	14	9801	16782	26583	108238	176494	284732
"2012.10.27"	"Iraq"	"Baghdad"	12	27	39	9813	16809	26622	108250	176521	284771
"2012.10.27"	"Iraq"	"Mosul"	5	7	12	9818	16816	26634	108255	176528	284783
"2012.10.27"	"Iraq"	"Bawiya"	8	24	32	9826	16840	26666	108263	176552	284815
"2012.10.27"	"Syria"	"Deir Ezzor"	5	24	29	9831	16864	26695	108268	176576	284844
"2012.10.28"	"Nigeria"	"Gashish"	4	7	11	9835	16871	26706	108272	176583	284855
"2012.10.28"	"Pakistan"	"Karachi"	1	0	1	9836	16871	26707	108273	176583	284856
"2012.10.28"	"Sudan"	"Delami"	1	9	10	9837	16880	26717	108274	176592	284866
"2012.10.28"	"Syria"	"Jaramana"	12	69	81	9849	16949	26798	108286	176661	284947
"2012.10.28"	"Somalia"	"Merca"	5	0	5	9854	16949	26803	108291	176661	284952
"2012.10.28"	"Iraq"	"Madain"	3	8	11	9857	16957	26814	108294	176669	284963
"2012.10.28"	"Pakistan"	"Kaka Sahib"	4	23	27	9861	16980	26841	108298	176692	284990
"2012.10.28"	"Nigeria"	"Kaduna"	7	100	107	9868	17080	26948	108305	176792	285097
"2012.10.28"	"Thailand"	"Yala"	1	16	17	9869	17096	26965	108306	176808	285114
"2012.10.28"	"Iraq"	"Kadhimiyah"	13	28	41	9882	17124	27006	108319	176836	285155
"2012.10.28"	"Egypt"	"Cairo"	0	5	5	9882	17129	27011	108319	176841	285160
"2012.10.29"	"Somalia"	"Bardale"	1	1	2	9883	17130	27013	108320	176842	285162
"2012.10.29"	"Somalia"	"Mogadishu"	1	0	1	9884	17130	27014	108321	176842	285163
"2012.10.29"	"Tunisia"	"La Manouba"	0	2	2	9884	17132	27016	108321	176844	285165
"2012.10.29"	"Pakistan"	"Nala"	3	0	3	9887	17132	27019	108324	176844	285168
"2012.10.29"	"Pakistan"	"Battagram"	2	0	2	9889	17132	27021	108326	176844	285170
"2012.10.29"	"Syria"	"Damascus"	10	41	51	9899	17173	27072	108336	176885	285221
"2012.10.30"	"Somalia"	"Kismayo"	4	24	28	9903	17197	27100	108340	176909	285249
"2012.10.30"	"Afghanistan"	"Maruf"	6	0	6	9909	17197	27106	108346	176909	285255
"2012.10.30"	"Afghanistan"	"Nahr-e Saraj"	2	0	2	9911	17197	27108	108348	176909	285257
"2012.10.30"	"Syria"	"Homs"	1	0	1	9912	17197	27109	108349	176909	285258
"2012.10.30"	"Dagestan"	"Derbent"	3	0	3	9915	17197	27112	108352	176909	285261
"2012.10.31"	"Jordan"	"Zarqa"	1	0	1	9916	17197	27113	108353	176909	285262
"2012.10.31"	"Pakistan"	"Khoi Ratta"	1	0	1	9917	17197	27114	108354	176909	285263
"2012.10.31"	"Iraq"	"Mosul"	4	0	4	9921	17197	27118	108358	176909	285267
"2012.10.31"	"Afghanistan"	"Musa Qala"	10	2	12	9931	17199	27130	108368	176911	285279
"2012.10.31"	"Syria"	"Sayyida Zeinab"	8	14	22	9939	17213	27152	108376	176925	285301
"2012.10.31"	"Pakistan"	"Karachi"	4	5	9	9943	17218	27161	108380	176930	285310
"2012.10.31"	"Afghanistan"	"Kanjak"	1	3	4	9944	17221	27165	108381	176933	285314
"2012.10.31"	"Thailand"	"Pattani"	2	4	6	9946	17225	27171	108383	176937	285320
"2012.10.31"	"Syria"	"Al-Mazzeh"	1	2	3	9947	17227	27174	108384	176939	285323
"2012.10.31"	"Libya"	"Derna"	1	0	1	9948	17227	27175	108385	176939	285324
"2012.11.01"	"Syria"	"Saraqeb"	10	0	10	9958	17227	27185	108395	176939	285334
"2012.11.01"	"Pakistan"	"Jai"	1	1	2	9959	17228	27187	108396	176940	285336
"2012.11.02"	"Libya"	"Benghazi"	1	0	1	9960	17228	27188	108397	176940	285337
"2012.11.02"	"Afghanistan"	"Gereshk"	4	0	4	9964	17228	27192	108401	176940	285341
"2012.11.02"	"Sudan"	"Sigili"	13	5	18	9977	17233	27210	108414	176945	285359
"2012.11.03"	"Jordan"	"Amman"	1	0	1	9978	17233	27211	108415	176945	285360
"2012.11.03"	"Thailand"	"Narathiwat"	3	8	11	9981	17241	27222	108418	176953	285371
"2012.11.03"	"Iraq"	"Baghdad"	1	0	1	9982	17241	27223	108419	176953	285372
"2012.11.03"	"Iraq"	"Taji"	3	2	5	9985	17243	27228	108422	176955	285377
"2012.11.03"	"Afghanistan"	"Mehterlam"	1	0	1	9986	17243	27229	108423	176955	285378
"2012.11.03"	"Pakistan"	"Bahawalpur"	1	0	1	9987	17243	27230	108424	176955	285379
"2012.11.03"	"Afghanistan"	"Dand"	1	0	1	9988	17243	27231	108425	176955	285380
"2012.11.03"	"Egypt"	"al-Arish"	3	0	3	9991	17243	27234	108428	176955	285383
"2012.11.03"	"Pakistan"	"Buner"	6	3	9	9997	17246	27243	108434	176958	285392
"2012.11.03"	"Somalia"	"Mogadishu"	2	10	12	9999	17256	27255	108436	176968	285404
"2012.11.03"	"Thailand"	"Pattani"	1	0	1	10000	17256	27256	108437	176968	285405
"2012.11.03"	"Pakistan"	"Karachi"	2	0	2	10002	17256	27258	108439	176968	285407
"2012.11.03"	"Iran"	"Tehran"	1	0	1	10003	17256	27259	108440	176968	285408
"2012.11.04"	"Pakistan"	"Chinar Kot"	1	0	1	10004	17256	27260	108441	176968	285409
"2012.11.04"	"Pakistan"	"Sorsorang"	3	0	3	10007	17256	27263	108444	176968	285412
"2012.11.04"	"Pakistan"	"Quetta"	1	0	1	10008	17256	27264	108445	176968	285413
"2012.11.04"	"Nigeria"	"Fika"	2	0	2	10010	17256	27266	108447	176968	285415
"2012.11.04"	"Kenya"	"Garissa"	1	10	11	10011	17266	27277	108448	176978	285426
"2012.11.04"	"Thailand"	"Pattani"	1	0	1	10012	17266	27278	108449	176978	285427
"2012.11.04"	"Nigeria"	"Borno"	3	0	3	10015	17266	27281	108452	176978	285430
"2012.11.05"	"Pakistan"	"Mir Ali"	3	0	3	10018	17266	27284	108455	176978	285433
"2012.11.05"	"Iraq"	"Baghdad"	4	8	12	10022	17274	27296	108459	176986	285445
"2012.11.05"	"Syria"	"Mezzeh"	11	24	35	10033	17298	27331	108470	177010	285480
"2012.11.05"	"Syria"	"Sahl al-Ghab"	50	12	62	10083	17310	27393	108520	177022	285542
"2012.11.05"	"Pakistan"	"Saddar"	2	0	2	10085	17310	27395	108522	177022	285544
"2012.11.05"	"Jordan"	"Ruseifa"	1	0	1	10086	17310	27396	108523	177022	285545
"2012.11.05"	"Bahrain"	"Manama"	2	1	3	10088	17311	27399	108525	177023	285548
"2012.11.05"	"Saudi Arabia"	"Sharurah"	2	0	2	10090	17311	27401	108527	177023	285550
"2012.11.05"	"Syria"	"al-Yarmouk"	18	70	88	10108	17381	27489	108545	177093	285638
"2012.11.06"	"Pakistan"	"Hub"	1	0	1	10109	17381	27490	108546	177093	285639
"2012.11.06"	"Pakistan"	"Hangu"	1	5	6	10110	17386	27496	108547	177098	285645
"2012.11.06"	"Iraq"	"Taji"	33	56	89	10143	17442	27585	108580	177154	285734
"2012.11.06"	"Syria"	"Damascus"	3	7	10	10146	17449	27595	108583	177161	285744
"2012.11.06"	"Syria"	"Qudsaya"	19	40	59	10165	17489	27654	108602	177201	285803
"2012.11.06"	"Thailand"	"Narathiwat"	1	0	1	10166	17489	27655	108603	177201	285804
"2012.11.06"	"Pakistan"	"Quetta"	6	2	8	10172	17491	27663	108609	177203	285812
"2012.11.07"	"Iraq"	"Mosul"	2	21	23	10174	17512	27686	108611	177224	285835
"2012.11.07"	"Pakistan"	"Ajab Khan Chowk"	1	14	15	10175	17526	27701	108612	177238	285850
"2012.11.07"	"Nigeria"	"Benisheikh"	2	0	2	10177	17526	27703	108614	177238	285852
"2012.11.07"	"Pakistan"	"Peshawar"	6	36	42	10183	17562	27745	108620	177274	285894
"2012.11.07"	"Nigeria"	"Mubi"	2	5	7	10185	17567	27752	108622	177279	285901
"2012.11.07"	"Somalia"	"Mogadishu"	1	0	1	10186	17567	27753	108623	177279	285902
"2012.11.07"	"Yemen"	"Sanaa"	1	0	1	10187	17567	27754	108624	177279	285903
"2012.11.07"	"Pakistan"	"Musharraf Colony"	3	0	3	10190	17567	27757	108627	177279	285906
"2012.11.07"	"Pakistan"	"Karachi"	5	0	5	10195	17567	27762	108632	177279	285911
"2012.11.07"	"Egypt"	"Sohaj"	2	0	2	10197	17567	27764	108634	177279	285913
"2012.11.08"	"Nigeria"	"Kachin"	2	0	2	10199	17567	27766	108636	177279	285915
"2012.11.08"	"Iran"	"Tehran"	1	0	1	10200	17567	27767	108637	177279	285916
"2012.11.08"	"Afghanistan"	"Zabul"	2	0	2	10202	17567	27769	108639	177279	285918
"2012.11.08"	"Afghanistan"	"Kandahar"	3	2	5	10205	17569	27774	108642	177281	285923
"2012.11.08"	"Afghanistan"	"Musa Qala"	10	7	17	10215	17576	27791	108652	177288	285940
"2012.11.08"	"Dagestan"	"Makhachkala"	1	7	8	10216	17583	27799	108653	177295	285948
"2012.11.08"	"Afghanistan"	"Badpakh"	5	1	6	10221	17584	27805	108658	177296	285954
"2012.11.08"	"Iraq"	"Mohmoudiya"	3	7	10	10224	17591	27815	108661	177303	285964
"2012.11.08"	"Pakistan"	"Karachi"	3	20	23	10227	17611	27838	108664	177323	285987
"2012.11.08"	"Pakistan"	"Orangi"	2	0	2	10229	17611	27840	108666	177323	285989
"2012.11.08"	"Pakistan"	"Karachi"	1	0	1	10230	17611	27841	108667	177323	285990
"2012.11.08"	"Iraq"	"Hillah"	1	9	10	10231	17620	27851	108668	177332	286000
"2012.11.08"	"Syria"	"Damascus"	3	24	27	10234	17644	27878	108671	177356	286027
"2012.11.09"	"Pakistan"	"Karachi"	1	0	1	10235	17644	27879	108672	177356	286028
"2012.11.09"	"Nigeria"	"Damaturu"	3	0	3	10238	17644	27882	108675	177356	286031
"2012.11.09"	"Pakistan"	"Quetta"	1	0	1	10239	17644	27883	108676	177356	286032
"2012.11.09"	"Iraq"	"Mosul"	2	1	3	10241	17645	27886	108678	177357	286035
"2012.11.10"	"Iraq"	"Hillah"	2	0	2	10243	17645	27888	108680	177357	286037
"2012.11.10"	"Pakistan"	"Mochiwala"	1	0	1	10244	17645	27889	108681	177357	286038
"2012.11.10"	"Pakistan"	"Kamalia"	1	0	1	10245	17645	27890	108682	177357	286039
"2012.11.10"	"Syria"	"Daraa"	24	9	33	10269	17654	27923	108706	177366	286072
"2012.11.10"	"Pakistan"	"Quetta"	2	2	4	10271	17656	27927	108708	177368	286076
"2012.11.10"	"Pakistan"	"Quetta"	1	0	1	10272	17656	27928	108709	177368	286077
"2012.11.10"	"Nigeria"	"Gaidam"	5	0	5	10277	17656	27933	108714	177368	286082
"2012.11.10"	"Nigeria"	"Gwange"	1	0	1	10278	17656	27934	108715	177368	286083
"2012.11.10"	"Israel"	"Ashkelon"	0	3	3	10278	17659	27937	108715	177371	286086
"2012.11.11"	"Afghanistan"	"Sabari"	6	0	6	10284	17659	27943	108721	177371	286092
"2012.11.11"	"Pakistan"	"Sultanabad"	1	0	1	10285	17659	27944	108722	177371	286093
"2012.11.11"	"Dagestan"	"Levashi"	1	0	1	10286	17659	27945	108723	177371	286094
"2012.11.11"	"Lebanon"	"Sidon"	3	7	10	10289	17666	27955	108726	177378	286104
"2012.11.11"	"Afghanistan"	"Helmand"	3	0	3	10292	17666	27958	108729	177378	286107
"2012.11.11"	"Pakistan"	"Faisalabad"	2	0	2	10294	17666	27960	108731	177378	286109
"2012.11.11"	"Israel"	"Sderot"	0	4	4	10294	17670	27964	108731	177382	286113
"2012.11.11"	"Afghanistan"	"Khakrez"	2	0	2	10296	17670	27966	108733	177382	286115
"2012.11.11"	"Pakistan"	"Karachi"	1	0	1	10297	17670	27967	108734	177382	286116
"2012.11.11"	"Pakistan"	"Organi Town"	3	2	5	10300	17672	27972	108737	177384	286121
"2012.11.11"	"Pakistan"	"Karachi"	6	9	15	10306	17681	27987	108743	177393	286136
"2012.11.12"	"Afghanistan"	"Akazai"	4	2	6	10310	17683	27993	108747	177395	286142
"2012.11.12"	"Iraq"	"Muqdadiya"	2	3	5	10312	17686	27998	108749	177398	286147
"2012.11.12"	"Pakistan"	"Karachi"	2	0	2	10314	17686	28000	108751	177398	286149
"2012.11.12"	"Pakistan"	"Bolan"	4	1	5	10318	17687	28005	108755	177399	286154
"2012.11.12"	"Somalia"	"Baidoa"	3	3	6	10321	17690	28011	108758	177402	286160
"2012.11.12"	"USA"	"Houston"	1	0	1	10322	17690	28012	108759	177402	286161
"2012.11.13"	"Thailand"	"Narathiwat"	1	0	1	10323	17690	28013	108760	177402	286162
"2012.11.13"	"Thailand"	"Narathiwat"	1	0	1	10324	17690	28014	108761	177402	286163
"2012.11.13"	"Thailand"	"Pattani"	1	0	1	10325	17690	28015	108762	177402	286164
"2012.11.13"	"Nigeria"	"Maiduguri"	2	0	2	10327	17690	28017	108764	177402	286166
"2012.11.13"	"Pakistan"	"Orangi"	1	0	1	10328	17690	28018	108765	177402	286167
"2012.11.13"	"Thailand"	"Narathiwat"	1	0	1	10329	17690	28019	108766	177402	286168
"2012.11.13"	"Afghanistan"	"Kabul"	1	3	4	10330	17693	28023	108767	177405	286172
"2012.11.14"	"Thailand"	"Yala"	1	0	1	10331	17693	28024	108768	177405	286173
"2012.11.14"	"Pakistan"	"Orangi"	1	0	1	10332	17693	28025	108769	177405	286174
"2012.11.14"	"Pakistan"	"Bahadurabad"	1	0	1	10333	17693	28026	108770	177405	286175
"2012.11.14"	"India"	"Nowgam"	3	2	5	10336	17695	28031	108773	177407	286180
"2012.11.14"	"Afghanistan"	"Logar"	2	0	2	10338	17695	28033	108775	177407	286182
"2012.11.14"	"Pakistan"	"Karachi"	1	0	1	10339	17695	28034	108776	177407	286183
"2012.11.14"	"Iraq"	"Hawijah"	4	5	9	10343	17700	28043	108780	177412	286192
"2012.11.14"	"Iraq"	"Kirkuk"	5	34	39	10348	17734	28082	108785	177446	286231
"2012.11.14"	"Iraq"	"Hillah"	7	44	51	10355	17778	28133	108792	177490	286282
"2012.11.14"	"Iraq"	"Kut"	3	15	18	10358	17793	28151	108795	177505	286300
"2012.11.14"	"Afghanistan"	"Farah"	2	0	2	10360	17793	28153	108797	177505	286302
"2012.11.15"	"Nigeria"	"Madauchi-Zonkwa"	5	0	5	10365	17793	28158	108802	177505	286307
"2012.11.15"	"India"	"Srinagar"	2	3	5	10367	17796	28163	108804	177508	286312
"2012.11.15"	"Israel"	"Kiryat Malach"	3	3	6	10370	17799	28169	108807	177511	286318
"2012.11.15"	"Thailand"	"Narathiwat"	1	0	1	10371	17799	28170	108808	177511	286319
"2012.11.15"	"Thailand"	"Narathiwat"	1	0	1	10372	17799	28171	108809	177511	286320
"2012.11.16"	"Somalia"	"Barawa"	1	0	1	10373	17799	28172	108810	177511	286321
"2012.11.16"	"Syria"	"Aleppo"	20	60	80	10393	17859	28252	108830	177571	286401
"2012.11.16"	"Yemen"	"Zinjibar"	3	4	7	10396	17863	28259	108833	177575	286408
"2012.11.16"	"Afghanistan"	"Dawlat Abad"	19	16	35	10415	17879	28294	108852	177591	286443
"2012.11.16"	"Nigeria"	"Maiduguri"	3	0	3	10418	17879	28297	108855	177591	286446
"2012.11.16"	"Pal. Auth."	"Gaza"	2	4	6	10420	17883	28303	108857	177595	286452
"2012.11.17"	"Indonesia"	"Bireuen"	3	10	13	10423	17893	28316	108860	177605	286465
"2012.11.17"	"Thailand"	"Yala"	1	20	21	10424	17913	28337	108861	177625	286486
"2012.11.17"	"Syria"	"Aleppo"	1	4	5	10425	17917	28342	108862	177629	286491
"2012.11.17"	"Sudan"	"South Kordofan"	3	3	6	10428	17920	28348	108865	177632	286497
"2012.11.18"	"Thailand"	"Narathiwat"	3	35	38	10431	17955	28386	108868	177667	286535
"2012.11.18"	"Thailand"	"Narathiwat"	1	1	2	10432	17956	28388	108869	177668	286537
"2012.11.18"	"Pakistan"	"Mir Ali"	2	7	9	10434	17963	28397	108871	177675	286546
"2012.11.18"	"India"	"Jammu"	1	5	6	10435	17968	28403	108872	177680	286552
"2012.11.18"	"Iraq"	"Balad"	7	25	32	10442	17993	28435	108879	177705	286584
"2012.11.18"	"Nigeria"	"Kano"	1	0	1	10443	17993	28436	108880	177705	286585
"2012.11.18"	"Pakistan"	"Abbas"	3	23	26	10446	18016	28462	108883	177728	286611
"2012.11.18"	"Pakistan"	"Shin Qamar"	3	3	6	10449	18019	28468	108886	177731	286617
"2012.11.18"	"Yemen"	"Sanaa"	1	0	1	10450	18019	28469	108887	177731	286618
"2012.11.18"	"Yemen"	"Ataq"	1	0	1	10451	18019	28470	108888	177731	286619
"2012.11.18"	"Kenya"	"Garissa"	3	0	3	10454	18019	28473	108891	177731	286622
"2012.11.18"	"Iraq"	"Khalis"	3	16	19	10457	18035	28492	108894	177747	286641
"2012.11.18"	"Kenya"	"Nairobi"	10	30	40	10467	18065	28532	108904	177777	286681
"2012.11.18"	"Nigeria"	"Maiduguri"	1	0	1	10468	18065	28533	108905	177777	286682
"2012.11.19"	"Pakistan"	"Charmang"	1	2	3	10469	18067	28536	108906	177779	286685
"2012.11.19"	"Syria"	"Barad"	20	0	20	10489	18067	28556	108926	177779	286705
"2012.11.20"	"Pakistan"	"Karachi"	1	0	1	10490	18067	28557	108927	177779	286706
"2012.11.20"	"Iraq"	"Baghdad"	3	26	29	10493	18093	28586	108930	177805	286735
"2012.11.20"	"Pakistan"	"Kulachi"	1	0	1	10494	18093	28587	108931	177805	286736
"2012.11.20"	"Pakistan"	"Jamrud"	1	1	2	10495	18094	28589	108932	177806	286738
"2012.11.20"	"Israel"	"Eshkol"	2	23	25	10497	18117	28614	108934	177829	286763
"2012.11.20"	"Libya"	"Benghazi"	1	0	1	10498	18117	28615	108935	177829	286764
"2012.11.20"	"Pal. Auth."	"Gaza City"	6	0	6	10504	18117	28621	108941	177829	286770
"2012.11.21"	"Dagestan"	"Shamilkala"	3	1	4	10507	18118	28625	108944	177830	286774
"2012.11.21"	"Pakistan"	"Karachi"	2	17	19	10509	18135	28644	108946	177847	286793
"2012.11.21"	"Pakistan"	"Rawalpindi"	23	62	85	10532	18197	28729	108969	177909	286878
"2012.11.21"	"Afghanistan"	"Kabul"	2	3	5	10534	18200	28734	108971	177912	286883
"2012.11.21"	"Israel"	"Tel Aviv"	0	27	27	10534	18227	28761	108971	177939	286910
"2012.11.21"	"India"	"Srinagar"	1	2	3	10535	18229	28764	108972	177941	286913
"2012.11.22"	"Nigeria"	"Maiduguri"	18	12	30	10553	18241	28794	108990	177953	286943
"2012.11.22"	"Nigeria"	"Bichi"	4	2	6	10557	18243	28800	108994	177955	286949
"2012.11.22"	"Pakistan"	"Bannu"	4	6	10	10561	18249	28810	108998	177961	286959
"2012.11.22"	"Pakistan"	"Qabar"	2	0	2	10563	18249	28812	109000	177961	286961
"2012.11.22"	"Thailand"	"Pattani"	1	0	1	10564	18249	28813	109001	177961	286962
"2012.11.23"	"Afghanistan"	"Maidan Shar"	3	90	93	10567	18339	28906	109004	178051	287055
"2012.11.23"	"Iraq"	"Mosul"	1	0	1	10568	18339	28907	109005	178051	287056
"2012.11.23"	"Pakistan"	"Bara"	2	0	2	10570	18339	28909	109007	178051	287058
"2012.11.24"	"Somalia"	"Bulohawo"	2	10	12	10572	18349	28921	109009	178061	287070
"2012.11.24"	"Pakistan"	"Dera Ismail Khan"	10	22	32	10582	18371	28953	109019	178083	287102
"2012.11.24"	"Yemen"	"Sanaa"	4	10	14	10586	18381	28967	109023	178093	287116
"2012.11.24"	"Afghanistan"	"Kabul"	1	28	29	10587	18409	28996	109024	178121	287145
"2012.11.24"	"Afghanistan"	"Nangarhar"	1	0	1	10588	18409	28997	109025	178121	287146
"2012.11.25"	"Iraq"	"Kirkuk"	1	1	2	10589	18410	28999	109026	178122	287148
"2012.11.25"	"Nigeria"	"Gamboru Ngala"	1	0	1	10590	18410	29000	109027	178122	287149
"2012.11.25"	"Nigeria"	"Jaji"	15	30	45	10605	18440	29045	109042	178152	287194
"2012.11.25"	"Somalia"	"Kismayo"	4	0	4	10609	18440	29049	109046	178152	287198
"2012.11.25"	"Somalia"	"Kismayo"	1	2	3	10610	18442	29052	109047	178154	287201
"2012.11.25"	"Pakistan"	"Dera Ismail Khan"	6	90	96	10616	18532	29148	109053	178244	287297
"2012.11.26"	"Iran"	"Isfahan"	1	0	1	10617	18532	29149	109054	178244	287298
"2012.11.26"	"Nigeria"	"Barkinladi"	10	3	13	10627	18535	29162	109064	178247	287311
"2012.11.26"	"Nigeria"	"Abuja"	2	0	2	10629	18535	29164	109066	178247	287313
"2012.11.26"	"Afghanistan"	"Khost"	2	19	21	10631	18554	29185	109068	178266	287334
"2012.11.26"	"India"	"Adoli"	1	0	1	10632	18554	29186	109069	178266	287335
"2012.11.26"	"Pakistan"	"Gulbahar"	1	0	1	10633	18554	29187	109070	178266	287336
"2012.11.26"	"Pakistan"	"Karachi"	1	4	5	10634	18558	29192	109071	178270	287341
"2012.11.26"	"Israel"	"Tel Sheva"	1	0	1	10635	18558	29193	109072	178270	287342
"2012.11.27"	"Iraq"	"Ramadi"	6	13	19	10641	18571	29212	109078	178283	287361
"2012.11.27"	"Iraq"	"Kirkuk"	2	7	9	10643	18578	29221	109080	178290	287370
"2012.11.27"	"Pakistan"	"Khairpur"	1	6	7	10644	18584	29228	109081	178296	287377
"2012.11.27"	"Pakistan"	"Karachi"	1	0	1	10645	18584	29229	109082	178296	287378
"2012.11.27"	"Iraq"	"Baghdad"	9	20	29	10654	18604	29258	109091	178316	287407
"2012.11.27"	"Iraq"	"Baghdad"	6	32	38	10660	18636	29296	109097	178348	287445
"2012.11.27"	"Iraq"	"Baghdad"	7	21	28	10667	18657	29324	109104	178369	287473
"2012.11.27"	"Iraq"	"Kirkuk"	5	58	63	10672	18715	29387	109109	178427	287536
"2012.11.27"	"Nigeria"	"Rann"	5	1	6	10677	18716	29393	109114	178428	287542
"2012.11.28"	"Afghanistan"	"Maqur"	3	4	7	10680	18720	29400	109117	178432	287549
"2012.11.28"	"Afghanistan"	"Nawzad"	4	0	4	10684	18720	29404	109121	178432	287553
"2012.11.28"	"Afghanistan"	"Quro"	5	0	5	10689	18720	29409	109126	178432	287558
"2012.11.28"	"Syria"	"Jaramana"	54	120	174	10743	18840	29583	109180	178552	287732
"2012.11.28"	"Thailand"	"Pattani"	1	0	1	10744	18840	29584	109181	178552	287733
"2012.11.28"	"Somalia"	"Shalanbod"	3	7	10	10747	18847	29594	109184	178559	287743
"2012.11.28"	"Thailand"	"Pattani"	1	0	1	10748	18847	29595	109185	178559	287744
"2012.11.28"	"Yemen"	"Sanaa"	2	0	2	10750	18847	29597	109187	178559	287746
"2012.11.28"	"Iraq"	"Tarmiyah"	7	0	7	10757	18847	29604	109194	178559	287753
"2012.11.29"	"Pakistan"	"Karachi"	2	0	2	10759	18847	29606	109196	178559	287755
"2012.11.29"	"Pakistan"	"Gunjaan Abad"	1	0	1	10760	18847	29607	109197	178559	287756
"2012.11.29"	"Pakistan"	"Karachi"	1	0	1	10761	18847	29608	109198	178559	287757
"2012.11.29"	"Syria"	"Daraa"	4	0	4	10765	18847	29612	109202	178559	287761
"2012.11.29"	"Iraq"	"Karbala"	8	22	30	10773	18869	29642	109210	178581	287791
"2012.11.29"	"Pakistan"	"Wana"	3	7	10	10776	18876	29652	109213	178588	287801
"2012.11.29"	"Iraq"	"Fallujah"	3	8	11	10779	18884	29663	109216	178596	287812
"2012.11.29"	"Iraq"	"Mosul"	2	2	4	10781	18886	29667	109218	178598	287816
"2012.11.29"	"Iraq"	"Hilla"	33	166	199	10814	19052	29866	109251	178764	288015
"2012.11.29"	"Iraq"	"Basmaiyah"	2	11	13	10816	19063	29879	109253	178775	288028
"2012.11.29"	"Afghanistan"	"Dih Rawud"	10	8	18	10826	19071	29897	109263	178783	288046
"2012.11.30"	"Pakistan"	"Baldia"	2	0	2	10828	19071	29899	109265	178783	288048
"2012.11.30"	"Pakistan"	"Karachi"	2	0	2	10830	19071	29901	109267	178783	288050
"2012.11.30"	"Thailand"	"Pattani"	1	5	6	10831	19076	29907	109268	178788	288056
"2012.11.30"	"Iraq"	"Alexandria"	4	0	4	10835	19076	29911	109272	178788	288060
"2012.11.30"	"Pakistan"	"Chamarkand"	3	6	9	10838	19082	29920	109275	178794	288069
"2012.11.30"	"Afghanistan"	"Qala-e-Naw"	4	0	4	10842	19082	29924	109279	178794	288073
"2012.11.30"	"Afghanistan"	"Kandlan"	2	0	2	10844	19082	29926	109281	178794	288075
"2012.11.30"	"Nigeria"	"Damasak"	5	0	5	10849	19082	29931	109286	178794	288080
"2012.12.01"	"India"	"Kuri Rawana"	1	0	1	10850	19082	29932	109287	178794	288081
"2012.12.01"	"Afghanistan"	"Dehrawud"	3	0	3	10853	19082	29935	109290	178794	288084
"2012.12.01"	"Somalia"	"Kismayo"	1	5	6	10854	19087	29941	109291	178799	288090
"2012.12.01"	"Pakistan"	"Orangi"	1	0	1	10855	19087	29942	109292	178799	288091
"2012.12.01"	"Pakistan"	"Dera Ismail Khan"	7	30	37	10862	19117	29979	109299	178829	288128
"2012.12.01"	"Nigeria"	"Gamboru Ngala"	2	0	2	10864	19117	29981	109301	178829	288130
"2012.12.02"	"Pakistan"	"Lahore"	1	0	1	10865	19117	29982	109302	178829	288131
"2012.12.02"	"Iraq"	"Nineveh"	3	0	3	10868	19117	29985	109305	178829	288134
"2012.12.02"	"Iraq"	"Samarrah"	3	0	3	10871	19117	29988	109308	178829	288137
"2012.12.02"	"Nigeria"	"Chibok"	10	0	10	10881	19117	29998	109318	178829	288147
"2012.12.02"	"Afghanistan"	"Jalalabad"	5	18	23	10886	19135	30021	109323	178847	288170
"2012.12.02"	"Syria"	"Homs"	15	24	39	10901	19159	30060	109338	178871	288209
"2012.12.02"	"Pakistan"	"Dera Ismail Khan"	2	35	37	10903	19194	30097	109340	178906	288246
"2012.12.02"	"Nigeria"	"Maiduguri"	3	0	3	10906	19194	30100	109343	178906	288249
"2012.12.02"	"Afghanistan"	"Kapisa"	1	0	1	10907	19194	30101	109344	178906	288250
"2012.12.03"	"Pakistan"	"Lahore"	1	0	1	10908	19194	30102	109345	178906	288251
"2012.12.03"	"Thailand"	"Pattani"	1	0	1	10909	19194	30103	109346	178906	288252
"2012.12.03"	"Pakistan"	"Karachi"	1	0	1	10910	19194	30104	109347	178906	288253
"2012.12.03"	"Pakistan"	"Peshawar"	2	2	4	10912	19196	30108	109349	178908	288257
"2012.12.03"	"Pakistan"	"Qalagey"	3	1	4	10915	19197	30112	109352	178909	288261
"2012.12.03"	"Thailand"	"Pattani"	1	0	1	10916	19197	30113	109353	178909	288262
"2012.12.03"	"Afghanistan"	"Trin Kot"	5	8	13	10921	19205	30126	109358	178917	288275
"2012.12.03"	"Thailand"	"Narathiwat"	1	0	1	10922	19205	30127	109359	178917	288276
"2012.12.04"	"Lebanon"	"Tripoli"	2	14	16	10924	19219	30143	109361	178931	288292
"2012.12.04"	"Nigeria"	"Kano"	2	2	4	10926	19221	30147	109363	178933	288296
"2012.12.04"	"Pakistan"	"Quetta"	2	0	2	10928	19221	30149	109365	178933	288298
"2012.12.04"	"Somalia"	"Galgala"	12	9	21	10940	19230	30170	109377	178942	288319
"2012.12.04"	"Egypt"	"Giza"	1	0	1	10941	19230	30171	109378	178942	288320
"2012.12.04"	"Pakistan"	"Bannu"	0	6	6	10941	19236	30177	109378	178948	288326
"2012.12.04"	"Pakistan"	"Swat"	1	7	8	10942	19243	30185	109379	178955	288334
"2012.12.04"	"Pakistan"	"Larkana"	2	0	2	10944	19243	30187	109381	178955	288336
"2012.12.04"	"Thailand"	"Narathiwat"	0	1	1	10944	19244	30188	109381	178956	288337
"2012.12.04"	"Iraq"	"Zayouna"	6	0	6	10950	19244	30194	109387	178956	288343
"2012.12.05"	"Russia"	"Nalchik"	1	0	1	10951	19244	30195	109388	178956	288344
"2012.12.05"	"Pakistan"	"Khudadad"	1	0	1	10952	19244	30196	109389	178956	288345
"2012.12.05"	"Somalia"	"Leego"	3	0	3	10955	19244	30199	109392	178956	288348
"2012.12.05"	"Pakistan"	"Wana"	3	9	12	10958	19253	30211	109395	178965	288360
"2012.12.05"	"Pakistan"	"Karachi"	1	0	1	10959	19253	30212	109396	178965	288361
"2012.12.05"	"Iraq"	"Fallujah"	2	1	3	10961	19254	30215	109398	178966	288364
"2012.12.06"	"Iraq"	"Jisr Diyala"	5	0	5	10966	19254	30220	109403	178966	288369
"2012.12.06"	"Lebanon"	"Tripoli"	11	20	31	10977	19274	30251	109414	178986	288400
"2012.12.06"	"Nigeria"	"Gamboru"	6	0	6	10983	19274	30257	109420	178986	288406
"2012.12.06"	"Egypt"	"Cairo"	2	0	2	10985	19274	30259	109422	178986	288408
"2012.12.06"	"Nigeria"	"Yankaba"	2	0	2	10987	19274	30261	109424	178986	288410
"2012.12.07"	"Pakistan"	"Pishin"	1	3	4	10988	19277	30265	109425	178989	288414
"2012.12.07"	"India"	"Kolkata"	1	0	1	10989	19277	30266	109426	178989	288415
"2012.12.07"	"Pakistan"	"Much"	1	0	1	10990	19277	30267	109427	178989	288416
"2012.12.08"	"Yemen"	"Maarib"	17	0	17	11007	19277	30284	109444	178989	288433
"2012.12.08"	"Kenya"	"Nairobi"	5	13	18	11012	19290	30302	109449	179002	288451
"2012.12.08"	"Pakistan"	"Datta Khel"	1	3	4	11013	19293	30306	109450	179005	288455
"2012.12.08"	"Somalia"	"Beledweyne"	1	0	1	11014	19293	30307	109451	179005	288456
"2012.12.09"	"Pakistan"	"Miramshah"	2	0	2	11016	19293	30309	109453	179005	288458
"2012.12.09"	"Pakistan"	"Bara"	1	1	2	11017	19294	30311	109454	179006	288460
"2012.12.09"	"Lebanon"	"Tripoli"	4	40	44	11021	19334	30355	109458	179046	288504
"2012.12.09"	"Pakistan"	"Shaikh Yousuf Chowk"	5	3	8	11026	19337	30363	109463	179049	288512
"2012.12.09"	"Iraq"	"Iskandariyah"	3	3	6	11029	19340	30369	109466	179052	288518
"2012.12.09"	"Afghanistan"	"Ghorak"	2	2	4	11031	19342	30373	109468	179054	288522
"2012.12.09"	"Nigeria"	"Potiskum"	1	0	1	11032	19342	30374	109469	179054	288523
"2012.12.10"	"Pakistan"	"Gulbahar"	1	0	1	11033	19342	30375	109470	179054	288524
"2012.12.10"	"Tunisia"	"Bou Chebka"	1	0	1	11034	19342	30376	109471	179054	288525
"2012.12.10"	"Pakistan"	"Kaki"	6	8	14	11040	19350	30390	109477	179062	288539
"2012.12.10"	"Afghanistan"	"Nimroz"	1	0	1	11041	19350	30391	109478	179062	288540
"2012.12.10"	"Afghanistan"	"Laghman"	1	0	1	11042	19350	30392	109479	179062	288541
"2012.12.10"	"Iraq"	"Yathrib"	3	2	5	11045	19352	30397	109482	179064	288546
"2012.12.10"	"Algeria"	"Kasrine"	1	0	1	11046	19352	30398	109483	179064	288547
"2012.12.11"	"Pakistan"	"Hasan Owlia"	1	0	1	11047	19352	30399	109484	179064	288548
"2012.12.11"	"Nigeria"	"Dalwa"	2	0	2	11049	19352	30401	109486	179064	288550
"2012.12.11"	"Thailand"	"Narathiwat"	4	4	8	11053	19356	30409	109490	179068	288558
"2012.12.11"	"Pakistan"	"Karachi"	1	1	2	11054	19357	30411	109491	179069	288560
"2012.12.11"	"Yemen"	"Mukalla"	1	0	1	11055	19357	30412	109492	179069	288561
"2012.12.11"	"Thailand"	"Pattani"	2	0	2	11057	19357	30414	109494	179069	288563
"2012.12.12"	"India"	"Macherla"	1	0	1	11058	19357	30415	109495	179069	288564
"2012.12.12"	"Yemen"	"Maarib"	1	0	1	11059	19357	30416	109496	179069	288565
"2012.12.12"	"Syria"	"Damascus"	9	50	59	11068	19407	30475	109505	179119	288624
"2012.12.12"	"Iraq"	"Tikrit"	2	1	3	11070	19408	30478	109507	179120	288627
"2012.12.12"	"Iraq"	"Fallujah"	4	0	4	11074	19408	30482	109511	179120	288631
"2012.12.12"	"Pakistan"	"Karachi"	2	8	10	11076	19416	30492	109513	179128	288641
"2012.12.12"	"Pakistan"	"Gilgit"	3	7	10	11079	19423	30502	109516	179135	288651
"2012.12.12"	"Pakistan"	"FATA"	3	0	3	11082	19423	30505	109519	179135	288654
"2012.12.12"	"Pakistan"	"Karachi"	2	0	2	11084	19423	30507	109521	179135	288656
"2012.12.13"	"Iraq"	"Baghdad"	6	8	14	11090	19431	30521	109527	179143	288670
"2012.12.13"	"Pakistan"	"Quetta"	2	0	2	11092	19431	30523	109529	179143	288672
"2012.12.13"	"Pakistan"	"Quetta"	1	1	2	11093	19432	30525	109530	179144	288674
"2012.12.13"	"Syria"	"Qatana"	24	30	54	11117	19462	30579	109554	179174	288728
"2012.12.13"	"Afghanistan"	"Kandahar"	2	15	17	11119	19477	30596	109556	179189	288745
"2012.12.13"	"Pakistan"	"Mastung"	1	0	1	11120	19477	30597	109557	179189	288746
"2012.12.13"	"Pakistan"	"Karachi"	2	0	2	11122	19477	30599	109559	179189	288748
"2012.12.14"	"Iraq"	"Samarrah"	2	20	22	11124	19497	30621	109561	179209	288770
"2012.12.14"	"Nigeria"	"Kano"	1	0	1	11125	19497	30622	109562	179209	288771
"2012.12.14"	"Pakistan"	"Lahore"	2	0	2	11127	19497	30624	109564	179209	288773
"2012.12.14"	"Somalia"	"Mogadishu"	3	3	6	11130	19500	30630	109567	179212	288779
"2012.12.14"	"Nigeria"	"Maiduguri"	1	0	1	11131	19500	30631	109568	179212	288780
"2012.12.15"	"Pakistan"	"Makan Bagh"	1	0	1	11132	19500	30632	109569	179212	288781
"2012.12.15"	"Pakistan"	"Peshawar"	5	45	50	11137	19545	30682	109574	179257	288831
"2012.12.16"	"Iraq"	"Jalula"	2	15	17	11139	19560	30699	109576	179272	288848
"2012.12.16"	"Iraq"	"Tarmiya"	3	4	7	11142	19564	30706	109579	179276	288855
"2012.12.16"	"Iraq"	"Kirkuk"	9	55	64	11151	19619	30770	109588	179331	288919
"2012.12.16"	"Thailand"	"Narathiwat"	1	0	1	11152	19619	30771	109589	179331	288920
"2012.12.16"	"Yemen"	"Hadramout"	1	0	1	11153	19619	30772	109590	179331	288921
"2012.12.16"	"Iraq"	"Qara-Tabba"	3	0	3	11156	19619	30775	109593	179331	288924
"2012.12.16"	"Libya"	"Benghazi"	4	0	4	11160	19619	30779	109597	179331	288928
"2012.12.17"	"Pakistan"	"Karachi"	1	0	1	11161	19619	30780	109598	179331	288929
"2012.12.17"	"Iraq"	"Tuz Khurmatu"	4	21	25	11165	19640	30805	109602	179352	288954
"2012.12.17"	"Iraq"	"Khaznah"	7	12	19	11172	19652	30824	109609	179364	288973
"2012.12.17"	"Iraq"	"Tuz Khurmatu"	5	26	31	11177	19678	30855	109614	179390	289004
"2012.12.17"	"Afghanistan"	"Kabul"	2	30	32	11179	19708	30887	109616	179420	289036
"2012.12.17"	"Pakistan"	"Jamrud"	21	74	95	11200	19782	30982	109637	179494	289131
"2012.12.17"	"Pakistan"	"Quetta"	3	1	4	11203	19783	30986	109640	179495	289135
"2012.12.17"	"Iraq"	"Baghdad"	11	40	51	11214	19823	31037	109651	179535	289186
"2012.12.17"	"Iraq"	"Qara-Tabba"	3	10	13	11217	19833	31050	109654	179545	289199
"2012.12.17"	"Iraq"	"Balad"	6	18	24	11223	19851	31074	109660	179563	289223
"2012.12.17"	"Iraq"	"Kirkuk"	2	0	2	11225	19851	31076	109662	179563	289225
"2012.12.17"	"Pakistan"	"Karachi"	2	0	2	11227	19851	31078	109664	179563	289227
"2012.12.17"	"Pakistan"	"Lakki Marwat"	3	3	6	11230	19854	31084	109667	179566	289233
"2012.12.17"	"Thailand"	"Narathiwat"	2	5	7	11232	19859	31091	109669	179571	289240
"2012.12.17"	"Iraq"	"Dujail"	1	10	11	11233	19869	31102	109670	179581	289251
"2012.12.17"	"Iraq"	"Baladruz"	2	0	2	11235	19869	31104	109672	179581	289253
"2012.12.17"	"Iraq"	"Rutba"	2	9	11	11237	19878	31115	109674	179590	289264
"2012.12.17"	"Iraq"	"Khaldiyah"	4	7	11	11241	19885	31126	109678	179597	289275
"2012.12.17"	"Iraq"	"Baqubah"	3	10	13	11244	19895	31139	109681	179607	289288
"2012.12.17"	"Iraq"	"al-Buslaib"	3	0	3	11247	19895	31142	109684	179607	289291
"2012.12.17"	"Iraq"	"Tikrit"	5	5	10	11252	19900	31152	109689	179612	289301
"2012.12.18"	"Pakistan"	"Landhi"	1	0	1	11253	19900	31153	109690	179612	289302
"2012.12.18"	"Pakistan"	"Karachi"	3	5	8	11256	19905	31161	109693	179617	289310
"2012.12.18"	"Pakistan"	"Peshawar"	1	0	1	11257	19905	31162	109694	179617	289311
"2012.12.18"	"Iraq"	"Mosul"	1	0	1	11258	19905	31163	109695	179617	289312
"2012.12.18"	"Iraq"	"Karbalah"	3	15	18	11261	19920	31181	109698	179632	289330
"2012.12.18"	"Sudan"	"Eire"	5	1	6	11266	19921	31187	109703	179633	289336
"2012.12.19"	"Pakistan"	"Peshawar"	1	0	1	11267	19921	31188	109704	179633	289337
"2012.12.19"	"Pakistan"	"Charsadda"	2	0	2	11269	19921	31190	109706	179633	289339
"2012.12.20"	"Yemen"	"Aden"	1	0	1	11270	19921	31191	109707	179633	289340
"2012.12.20"	"Libya"	"Benghazi"	3	9	12	11273	19930	31203	109710	179642	289352
"2012.12.20"	"Indonesia"	"Tambarana"	3	3	6	11276	19933	31209	109713	179645	289358
"2012.12.20"	"Pakistan"	"Peshawar"	1	0	1	11277	19933	31210	109714	179645	289359
"2012.12.20"	"Thailand"	"Yala"	1	0	1	11278	19933	31211	109715	179645	289360
"2012.12.20"	"Afghanistan"	"Zaranj"	7	2	9	11285	19935	31220	109722	179647	289369
"2012.12.20"	"Pakistan"	"Lines"	1	0	1	11286	19935	31221	109723	179647	289370
"2012.12.21"	"Iraq"	"Mosul"	1	0	1	11287	19935	31222	109724	179647	289371
"2012.12.21"	"Pakistan"	"Wana"	5	4	9	11292	19939	31231	109729	179651	289380
"2012.12.22"	"Pakistan"	"Miyaani"	2	0	2	11294	19939	31233	109731	179651	289382
"2012.12.22"	"Iraq"	"Qazaniyah"	4	11	15	11298	19950	31248	109735	179662	289397
"2012.12.22"	"Pakistan"	"Dadu"	1	0	1	11299	19950	31249	109736	179662	289398
"2012.12.22"	"Syria"	"Damascus"	5	24	29	11304	19974	31278	109741	179686	289427
"2012.12.22"	"Pakistan"	"Peshawar"	9	30	39	11313	20004	31317	109750	179716	289466
"2012.12.22"	"Nigeria"	"Kano"	4	0	4	11317	20004	31321	109754	179716	289470
"2012.12.23"	"Pakistan"	"Karachi"	1	0	1	11318	20004	31322	109755	179716	289471
"2012.12.23"	"Iraq"	"Mishahada"	3	1	4	11321	20005	31326	109758	179717	289475
"2012.12.24"	"Pakistan"	"Karachi"	3	0	3	11324	20005	31329	109761	179717	289478
"2012.12.24"	"Pakistan"	"Karachi"	2	0	2	11326	20005	31331	109763	179717	289480
"2012.12.24"	"Iraq"	"Baqubah"	2	0	2	11328	20005	31333	109765	179717	289482
"2012.12.24"	"Iraq"	"Samarrah"	2	0	2	11330	20005	31335	109767	179717	289484
"2012.12.24"	"Pakistan"	"Quetta"	2	0	2	11332	20005	31337	109769	179717	289486
"2012.12.24"	"Afghanistan"	"Darzab"	5	0	5	11337	20005	31342	109774	179717	289491
"2012.12.24"	"Nigeria"	"Maiduguri"	6	0	6	11343	20005	31348	109780	179717	289497
"2012.12.24"	"Pakistan"	"Orangi"	3	0	3	11346	20005	31351	109783	179717	289500
"2012.12.24"	"Pakistan"	"Karachi"	1	1	2	11347	20006	31353	109784	179718	289502
"2012.12.24"	"Germany"	"Bonn"	0	1	1	11347	20007	31354	109784	179719	289503
"2012.12.25"	"Tanzania"	"Zanzibar City"	0	1	1	11347	20008	31355	109784	179720	289504
"2012.12.25"	"Nigeria"	"Rim"	1	0	1	11348	20008	31356	109785	179720	289505
"2012.12.25"	"Pakistan"	"Iqbal"	0	12	12	11348	20020	31368	109785	179732	289517
"2012.12.25"	"Pakistan"	"Yar Hussain"	6	0	6	11354	20020	31374	109791	179732	289523
"2012.12.25"	"Nigeria"	"Kano"	2	0	2	11356	20020	31376	109793	179732	289525
"2012.12.25"	"Yemen"	"Sanaa"	2	0	2	11358	20020	31378	109795	179732	289527
"2012.12.25"	"Yemen"	"Marib"	14	0	14	11372	20020	31392	109809	179732	289541
"2012.12.25"	"Pakistan"	"Karachi"	6	1	7	11378	20021	31399	109815	179733	289548
"2012.12.25"	"Nigeria"	"Peri"	6	4	10	11384	20025	31409	109821	179737	289558
"2012.12.25"	"Russia"	"Nalchik"	1	0	1	11385	20025	31410	109822	179737	289559
"2012.12.26"	"Russia"	"Vladikavkaz"	1	0	1	11386	20025	31411	109823	179737	289560
"2012.12.26"	"Turkey"	"Batman"	1	0	1	11387	20025	31412	109824	179737	289561
"2012.12.26"	"Thailand"	"Narathiwat"	1	0	1	11388	20025	31413	109825	179737	289562
"2012.12.26"	"Afghanistan"	"Khost"	3	7	10	11391	20032	31423	109828	179744	289572
"2012.12.26"	"Sudan"	"Buram"	4	0	4	11395	20032	31427	109832	179744	289576
"2012.12.26"	"Nigeria"	"Bachit"	5	0	5	11400	20032	31432	109837	179744	289581
"2012.12.27"	"Yemen"	"Hadramawt"	1	0	1	11401	20032	31433	109838	179744	289582
"2012.12.27"	"Nigeria"	"Maiduguri"	4	0	4	11405	20032	31437	109842	179744	289586
"2012.12.27"	"Kenya"	"Mandera"	1	0	1	11406	20032	31438	109843	179744	289587
"2012.12.27"	"Algeria"	"Bouira"	2	0	2	11408	20032	31440	109845	179744	289589
"2012.12.27"	"Pakistan"	"Hasankhel"	2	22	24	11410	20054	31464	109847	179766	289613
"2012.12.27"	"Pakistan"	"Quetta"	1	0	1	11411	20054	31465	109848	179766	289614
"2012.12.27"	"Afghanistan"	"Tarin Kot"	4	2	6	11415	20056	31471	109852	179768	289620
"2012.12.27"	"Pakistan"	"Charsadda"	0	4	4	11415	20060	31475	109852	179772	289624
"2012.12.28"	"Syria"	"Damascus"	4	10	14	11419	20070	31489	109856	179782	289638
"2012.12.28"	"Nigeria"	"Bigi"	3	5	8	11422	20075	31497	109859	179787	289646
"2012.12.28"	"Nigeria"	"Potiskum"	2	0	2	11424	20075	31499	109861	179787	289648
"2012.12.28"	"Nigeria"	"Musari"	15	0	15	11439	20075	31514	109876	179787	289663
"2012.12.28"	"Nigeria"	"Kaduna"	1	1	2	11440	20076	31516	109877	179788	289665
"2012.12.28"	"Turkey"	"Samatya"	1	0	1	11441	20076	31517	109878	179788	289666
"2012.12.29"	"Pakistan"	"Rahim Yar Khan"	1	0	1	11442	20076	31518	109879	179788	289667
"2012.12.29"	"Pakistan"	"Karachi"	7	48	55	11449	20124	31573	109886	179836	289722
"2012.12.29"	"Pakistan"	"Peshawar"	21	1	22	11470	20125	31595	109907	179837	289744
"2012.12.29"	"Syria"	"Damascus"	4	4	8	11474	20129	31603	109911	179841	289752
"2012.12.29"	"Iran"	"Tehran"	1	0	1	11475	20129	31604	109912	179841	289753
"2012.12.30"	"Nigeria"	"Kyachi"	15	0	15	11490	20129	31619	109927	179841	289768
"2012.12.30"	"Pakistan"	"Yousaf Talab"	1	4	5	11491	20133	31624	109928	179845	289773
"2012.12.30"	"Pakistan"	"Ittehad Chowk"	1	1	2	11492	20134	31626	109929	179846	289775
"2012.12.30"	"Pakistan"	"Sargodha"	4	0	4	11496	20134	31630	109933	179846	289779
"2012.12.30"	"Algeria"	"Mellakou"	0	1	1	11496	20135	31631	109933	179847	289780
"2012.12.30"	"Pakistan"	"Karachi"	1	0	1	11497	20135	31632	109934	179847	289781
"2012.12.30"	"Pakistan"	"Baluchistan"	20	24	44	11517	20159	31676	109954	179871	289825
"2012.12.30"	"Libya"	"Misrata"	2	2	4	11519	20161	31680	109956	179873	289829
"2012.12.31"	"Iraq"	"Karrada"	5	25	30	11524	20186	31710	109961	179898	289859
"2012.12.31"	"Iraq"	"Musayyib"	7	6	13	11531	20192	31723	109968	179904	289872
"2012.12.31"	"Iraq"	"Hillah"	3	21	24	11534	20213	31747	109971	179925	289896
"2012.12.31"	"Iraq"	"Khalis"	3	36	39	11537	20249	31786	109974	179961	289935
"2012.12.31"	"Pakistan"	"Karachi"	1	0	1	11538	20249	31787	109975	179961	289936
"2012.12.31"	"Iraq"	"Bani Wais"	4	1	5	11542	20250	31792	109979	179962	289941
"2012.12.31"	"Pakistan"	"Bakarabad"	1	0	1	11543	20250	31793	109980	179962	289942
"2012.12.31"	"Pakistan"	"Chiniot"	1	4	5	11544	20254	31798	109981	179966	289947
"2012.12.31"	"Syria"	"Ras al-Ayn"	1	0	1	11545	20254	31799	109982	179966	289948
"2012.12.31"	"Pakistan"	"Bilal"	1	0	1	11546	20254	31800	109983	179966	289949
"2013.01.01"	"Italy"	"Venice"	0	1	1	0	1	1	109983	179967	289950
"2013.01.01"	"Pakistan"	"Swabi"	7	1	8	7	2	9	109990	179968	289958
"2013.01.01"	"Pakistan"	"Karachi"	6	40	46	13	42	55	109996	180008	290004
"2013.01.01"	"Iraq"	"Tuz-Khormato"	5	2	7	18	44	62	110001	180010	290011
"2013.01.01"	"Pakistan"	"Bolan"	1	0	1	19	44	63	110002	180010	290012
"2013.01.01"	"Pakistan"	"Akkakhel"	2	5	7	21	49	70	110004	180015	290019
"2013.01.01"	"Iraq"	"Bahrka"	1	0	1	22	49	71	110005	180015	290020
"2013.01.02"	"Iraq"	"Tarmiyah"	3	0	3	25	49	74	110008	180015	290023
"2013.01.02"	"Iraq"	"Karbalah"	2	8	10	27	57	84	110010	180023	290033
"2013.01.02"	"Nigeria"	"Marte"	2	0	2	29	57	86	110012	180023	290035
"2013.01.02"	"Pakistan"	"Miranshah"	3	3	6	32	60	92	110015	180026	290041
"2013.01.03"	"Nigeria"	"Song"	4	0	4	36	60	96	110019	180026	290045
"2013.01.03"	"Iraq"	"Musayyib"	28	49	77	64	109	173	110047	180075	290122
"2013.01.03"	"Afghanistan"	"Nawa-i-Barakzayi"	1	0	1	65	109	174	110048	180075	290123
"2013.01.03"	"Pakistan"	"Swabi"	1	0	1	66	109	175	110049	180075	290124
"2013.01.03"	"Iraq"	"Baghdad"	4	15	19	70	124	194	110053	180090	290143
"2013.01.03"	"Syria"	"Damascus"	2	0	2	72	124	196	110055	180090	290145
"2013.01.03"	"Somalia"	"Boo"	1	3	4	73	127	200	110056	180093	290149
"2013.01.04"	"Syria"	"Damascus"	11	4	15	84	131	215	110067	180097	290164
"2013.01.04"	"Pakistan"	"Peshawar"	2	1	3	86	132	218	110069	180098	290167
"2013.01.04"	"Syria"	"Idlib"	1	0	1	87	132	219	110070	180098	290168
"2013.01.04"	"Kenya"	"Garissa"	2	7	9	89	139	228	110072	180105	290177
"2013.01.04"	"Thailand"	"Pattani"	1	4	5	90	143	233	110073	180109	290182
"2013.01.04"	"Pakistan"	"Mach"	1	0	1	91	143	234	110074	180109	290183
"2013.01.05"	"Iraq"	"Diyala"	5	10	15	96	153	249	110079	180119	290198
"2013.01.05"	"Iraq"	"Hillah"	3	23	26	99	176	275	110082	180142	290224
"2013.01.05"	"Iraq"	"Karbalah"	1	11	12	100	187	287	110083	180153	290236
"2013.01.05"	"Afghanistan"	"Uruzgan"	4	1	5	104	188	292	110087	180154	290241
"2013.01.05"	"Libya"	"Sidi Faraj"	1	0	1	105	188	293	110088	180154	290242
"2013.01.05"	"Pakistan"	"Faisalabad"	1	0	1	106	188	294	110089	180154	290243
"2013.01.05"	"Pakistan"	"Utmanzai"	2	0	2	108	188	296	110091	180154	290245
"2013.01.05"	"Syria"	"Deir az-Zour"	3	0	3	111	188	299	110094	180154	290248
"2013.01.06"	"Pakistan"	"Jamrud"	5	1	6	116	189	305	110099	180155	290254
"2013.01.06"	"Thailand"	"Narathiwat"	1	1	2	117	190	307	110100	180156	290256
"2013.01.06"	"Pakistan"	"Chiniot"	1	0	1	118	190	308	110101	180156	290257
"2013.01.06"	"Afghanistan"	"Spin Boldak"	4	15	19	122	205	327	110105	180171	290276
"2013.01.07"	"Afghanistan"	"Laghman"	1	0	1	123	205	328	110106	180171	290277
"2013.01.07"	"Pakistan"	"Quetta"	1	3	4	124	208	332	110107	180174	290281
"2013.01.07"	"Pakistan"	"Karachi"	2	0	2	126	208	334	110109	180174	290283
"2013.01.07"	"Nigeria"	"Baban Layi"	3	2	5	129	210	339	110112	180176	290288
"2013.01.07"	"Iraq"	"Mosul"	1	0	1	130	210	340	110113	180176	290289
"2013.01.07"	"Nigeria"	"Kano"	3	1	4	133	211	344	110116	180177	290293
"2013.01.07"	"Iraq"	"Mosul"	3	4	7	136	215	351	110119	180181	290300
"2013.01.07"	"Pakistan"	"Gulshan-e-Iqbal"	1	0	1	137	215	352	110120	180181	290301
"2013.01.08"	"Pakistan"	"Karachi"	1	0	1	138	215	353	110121	180181	290302
"2013.01.08"	"Iraq"	"Mosul"	1	12	13	139	227	366	110122	180193	290315
"2013.01.08"	"Pakistan"	"Choura"	1	0	1	140	227	367	110123	180193	290316
"2013.01.08"	"Pakistan"	"Bokhar"	1	1	2	141	228	369	110124	180194	290318
"2013.01.09"	"Pakistan"	"Peshawar"	1	0	1	142	228	370	110125	180194	290319
"2013.01.09"	"Pakistan"	"Quetta"	1	0	1	143	228	371	110126	180194	290320
"2013.01.09"	"Pakistan"	"Bahawalpur"	1	0	1	144	228	372	110127	180194	290321
"2013.01.09"	"Mali"	"Konna"	7	0	7	151	228	379	110134	180194	290328
"2013.01.10"	"Pakistan"	"Karachi"	1	0	1	152	228	380	110135	180194	290329
"2013.01.10"	"Iraq"	"Diyala"	2	4	6	154	232	386	110137	180198	290335
"2013.01.10"	"Yemen"	"Abyan"	1	2	3	155	234	389	110138	180200	290338
"2013.01.10"	"Pakistan"	"Mingora"	30	70	100	185	304	489	110168	180270	290438
"2013.01.10"	"Pakistan"	"Quetta"	105	200	305	290	504	794	110273	180470	290743
"2013.01.10"	"Iraq"	"Baghdad"	5	15	20	295	519	814	110278	180485	290763
"2013.01.10"	"Iraq"	"Diyala"	6	6	12	301	525	826	110284	180491	290775
"2013.01.10"	"Nigeria"	"Maiduguri"	1	0	1	302	525	827	110285	180491	290776
"2013.01.10"	"Pakistan"	"Quetta"	4	0	4	306	525	831	110289	180491	290780
"2013.01.11"	"Iraq"	"Mosul"	2	2	4	308	527	835	110291	180493	290784
"2013.01.11"	"Afghanistan"	"Badghis"	5	5	10	313	532	845	110296	180498	290794
"2013.01.11"	"Thailand"	"Pattani"	2	2	4	315	534	849	110298	180500	290798
"2013.01.11"	"Pakistan"	"Quetta"	2	5	7	317	539	856	110300	180505	290805
"2013.01.11"	"Thailand"	"Pattani"	2	0	2	319	539	858	110302	180505	290807
"2013.01.11"	"India"	"Sopore"	1	0	1	320	539	859	110303	180505	290808
"2013.01.12"	"Pakistan"	"Nowshera"	1	0	1	321	539	860	110304	180505	290809
"2013.01.12"	"Pakistan"	"Rahim Bux Banglani"	1	0	1	322	539	861	110305	180505	290810
"2013.01.12"	"Pakistan"	"Quetta"	1	1	2	323	540	863	110306	180506	290812
"2013.01.12"	"Somalia"	"Bulomarer"	1	0	1	324	540	864	110307	180506	290813
"2013.01.12"	"Iraq"	"Kirkuk"	2	4	6	326	544	870	110309	180510	290819
"2013.01.12"	"Somalia"	"Jilib"	2	0	2	328	544	872	110311	180510	290821
"2013.01.13"	"Pakistan"	"Shabqadar"	1	3	4	329	547	876	110312	180513	290825
"2013.01.13"	"Pakistan"	"Swabi"	1	0	1	330	547	877	110313	180513	290826
"2013.01.13"	"Yemen"	"Rada"	1	3	4	331	550	881	110314	180516	290830
"2013.01.13"	"Iraq"	"Fallujah"	1	3	4	332	553	885	110315	180519	290834
"2013.01.13"	"India"	"Pulwama"	1	0	1	333	553	886	110316	180519	290835
"2013.01.13"	"Afghanistan"	"Sayed Abad"	7	2	9	340	555	895	110323	180521	290844
"2013.01.13"	"Pakistan"	"Miranshah"	14	25	39	354	580	934	110337	180546	290883
"2013.01.13"	"Iraq"	"Samarrah"	3	0	3	357	580	937	110340	180546	290886
"2013.01.13"	"Afghanistan"	"Chak"	2	0	2	359	580	939	110342	180546	290888
"2013.01.13"	"Nigeria"	"Kano"	2	2	4	361	582	943	110344	180548	290892
"2013.01.14"	"Pakistan"	"Kohikhel"	3	0	3	364	582	946	110347	180548	290895
"2013.01.14"	"Pakistan"	"Khar Kallay"	1	8	9	365	590	955	110348	180556	290904
"2013.01.15"	"Libya"	"Misrata"	1	5	6	366	595	961	110349	180561	290910
"2013.01.15"	"Pakistan"	"Karachi"	1	0	1	367	595	962	110350	180561	290911
"2013.01.15"	"Pakistan"	"Shalobar"	6	28	34	373	623	996	110356	180589	290945
"2013.01.15"	"Iraq"	"Fallujah"	7	6	13	380	629	1009	110363	180595	290958
"2013.01.15"	"Nigeria"	"Kano"	4	0	4	384	629	1013	110367	180595	290962
"2013.01.15"	"Dagestan"	"Makhachkala"	1	0	1	385	629	1014	110368	180595	290963
"2013.01.15"	"Philippines"	"Midsayap"	2	0	2	387	629	1016	110370	180595	290965
"2013.01.15"	"Pakistan"	"Surjani"	1	0	1	388	629	1017	110371	180595	290966
"2013.01.15"	"Dagestan"	"Makhachkala"	1	0	1	389	629	1018	110372	180595	290967
"2013.01.15"	"Norway"	"Haugesund"	0	2	2	389	631	1020	110372	180597	290969
"2013.01.15"	"Syria"	"Haswiya"	106	0	106	495	631	1126	110478	180597	291075
"2013.01.16"	"Afghanistan"	"Kabul"	3	30	33	498	661	1159	110481	180627	291108
"2013.01.16"	"Iraq"	"Tuz Khurmato"	3	37	40	501	698	1199	110484	180664	291148
"2013.01.16"	"Iraq"	"Kirkuk"	21	170	191	522	868	1390	110505	180834	291339
"2013.01.16"	"Iraq"	"Baji"	7	0	7	529	868	1397	110512	180834	291346
"2013.01.16"	"Algeria"	"Tigantourine"	2	6	8	531	874	1405	110514	180840	291354
"2013.01.16"	"Nigeria"	"Jos"	4	2	6	535	876	1411	110518	180842	291360
"2013.01.16"	"Yemen"	"Dhammar"	1	0	1	536	876	1412	110519	180842	291361
"2013.01.16"	"Syria"	"Idlib"	22	30	52	558	906	1464	110541	180872	291413
"2013.01.16"	"Bangladesh"	"Dhaka"	0	1	1	558	907	1465	110541	180873	291414
"2013.01.16"	"Pakistan"	"Karachi"	1	0	1	559	907	1466	110542	180873	291415
"2013.01.17"	"Thailand"	"Yala"	1	0	1	560	907	1467	110543	180873	291416
"2013.01.17"	"Pakistan"	"Karachi"	1	0	1	561	907	1468	110544	180873	291417
"2013.01.17"	"Kenya"	"Garissa"	5	4	9	566	911	1477	110549	180877	291426
"2013.01.17"	"Iraq"	"Dujail"	11	60	71	577	971	1548	110560	180937	291497
"2013.01.17"	"Iraq"	"Hilla"	7	17	24	584	988	1572	110567	180954	291521
"2013.01.17"	"Iraq"	"Karbala"	4	12	16	588	1000	1588	110571	180966	291537
"2013.01.17"	"Iraq"	"Qassim"	5	20	25	593	1020	1613	110576	180986	291562
"2013.01.17"	"Pakistan"	"Karachi"	4	0	4	597	1020	1617	110580	180986	291566
"2013.01.17"	"Thailand"	"Pattani"	0	3	3	597	1023	1620	110580	180989	291569
"2013.01.17"	"Thailand"	"Pattani"	1	0	1	598	1023	1621	110581	180989	291570
"2013.01.17"	"Thailand"	"Narathiwat"	1	0	1	599	1023	1622	110582	180989	291571
"2013.01.18"	"Nigeria"	"Kaduna"	2	0	2	601	1023	1624	110584	180989	291573
"2013.01.18"	"Thailand"	"Pattani"	1	1	2	602	1024	1626	110585	180990	291575
"2013.01.18"	"Somalia"	"Mogadishu"	1	0	1	603	1024	1627	110586	180990	291576
"2013.01.18"	"Pakistan"	"Sur Kas"	2	1	3	605	1025	1630	110588	180991	291579
"2013.01.18"	"Pakistan"	"Khuzdar"	1	0	1	606	1025	1631	110589	180991	291580
"2013.01.18"	"Syria"	"Daraa"	5	12	17	611	1037	1648	110594	181003	291597
"2013.01.18"	"Nigeria"	"Kaduna"	1	1	2	612	1038	1650	110595	181004	291599
"2013.01.18"	"Lebanon"	"Roumieh"	1	0	1	613	1038	1651	110596	181004	291600
"2013.01.19"	"Somalia"	"Afmadow"	7	0	7	620	1038	1658	110603	181004	291607
"2013.01.19"	"Cameroon"	"Kousseri"	1	0	1	621	1038	1659	110604	181004	291608
"2013.01.19"	"Nigeria"	"Kano"	5	0	5	626	1038	1664	110609	181004	291613
"2013.01.19"	"Nigeria"	"Okene"	2	5	7	628	1043	1671	110611	181009	291620
"2013.01.19"	"Algeria"	"Tigantourine"	48	0	48	676	1043	1719	110659	181009	291668
"2013.01.20"	"Nigeria"	"Kaduna"	2	2	4	678	1045	1723	110661	181011	291672
"2013.01.20"	"Iraq"	"Baqubah"	1	1	2	679	1046	1725	110662	181012	291674
"2013.01.21"	"Afghanistan"	"Kabul"	3	0	3	682	1046	1728	110665	181012	291677
"2013.01.21"	"Syria"	"Salmiyeh"	30	50	80	712	1096	1808	110695	181062	291757
"2013.01.21"	"Pakistan"	"Gakhar Mandi"	1	0	1	713	1096	1809	110696	181062	291758
"2013.01.21"	"Pakistan"	"Dawizai"	2	9	11	715	1105	1820	110698	181071	291769
"2013.01.21"	"Thailand"	"Pattani"	1	1	2	716	1106	1822	110699	181072	291771
"2013.01.22"	"Pakistan"	"Karachi"	2	0	2	718	1106	1824	110701	181072	291773
"2013.01.22"	"Pakistan"	"Peshawar"	1	0	1	719	1106	1825	110702	181072	291774
"2013.01.22"	"Iraq"	"Mahmoudiya"	5	15	20	724	1121	1845	110707	181087	291794
"2013.01.22"	"Iraq"	"Taji"	7	26	33	731	1147	1878	110714	181113	291827
"2013.01.22"	"Iraq"	"Shula"	5	15	20	736	1162	1898	110719	181128	291847
"2013.01.22"	"Nigeria"	"Damboa"	18	0	18	754	1162	1916	110737	181128	291865
"2013.01.22"	"Iraq"	"Mahmoudiyyah"	4	0	4	758	1162	1920	110741	181128	291869
"2013.01.22"	"Nigeria"	"Kano"	5	2	7	763	1164	1927	110746	181130	291876
"2013.01.22"	"Pakistan"	"Kari Haider Khel"	2	0	2	765	1164	1929	110748	181130	291878
"2013.01.23"	"Pakistan"	"Quetta"	1	0	1	766	1164	1930	110749	181130	291879
"2013.01.23"	"Pakistan"	"Hangu"	2	0	2	768	1164	1932	110751	181130	291881
"2013.01.23"	"Pakistan"	"Orakzai"	5	3	8	773	1167	1940	110756	181133	291889
"2013.01.23"	"Thailand"	"Narathiwat"	1	0	1	774	1167	1941	110757	181133	291890
"2013.01.23"	"Iraq"	"Mosul"	3	0	3	777	1167	1944	110760	181133	291893
"2013.01.23"	"Yemen"	"al-Bayda"	1	3	4	778	1170	1948	110761	181136	291897
"2013.01.23"	"Iraq"	"Tuz Khurmatu"	42	75	117	820	1245	2065	110803	181211	292014
"2013.01.23"	"Nigeria"	"Maiduguri"	5	0	5	825	1245	2070	110808	181211	292019
"2013.01.23"	"Nigeria"	"Maiduguri"	4	0	4	829	1245	2074	110812	181211	292023
"2013.01.23"	"Pakistan"	"Gulbara"	4	0	4	833	1245	2078	110816	181211	292027
"2013.01.24"	"India"	"Hyderabad"	1	2	3	834	1247	2081	110817	181213	292030
"2013.01.24"	"Iraq"	"Baghdad"	3	0	3	837	1247	2084	110820	181213	292033
"2013.01.24"	"Syria"	"Saasa"	8	5	13	845	1252	2097	110828	181218	292046
"2013.01.24"	"Pakistan"	"Landhi"	4	12	16	849	1264	2113	110832	181230	292062
"2013.01.24"	"Thailand"	"Pattani"	1	0	1	850	1264	2114	110833	181230	292063
"2013.01.24"	"Pakistan"	"Gilgit"	1	0	1	851	1264	2115	110834	181230	292064
"2013.01.25"	"Nigeria"	"Ngwa"	1	0	1	852	1264	2116	110835	181230	292065
"2013.01.25"	"Afghanistan"	"Kapisa"	5	10	15	857	1274	2131	110840	181240	292080
"2013.01.25"	"Pakistan"	"Parachinar"	1	0	1	858	1274	2132	110841	181240	292081
"2013.01.26"	"Iraq"	"Baqubah"	1	0	1	859	1274	2133	110842	181240	292082
"2013.01.26"	"Iraq"	"Fallujah"	2	3	5	861	1277	2138	110844	181243	292087
"2013.01.26"	"Afghanistan"	"Kunduz"	10	20	30	871	1297	2168	110854	181263	292117
"2013.01.26"	"Afghanistan"	"Qale Sabaz"	2	13	15	873	1310	2183	110856	181276	292132
"2013.01.27"	"Algeria"	"Djebahia"	2	5	7	875	1315	2190	110858	181281	292139
"2013.01.27"	"Nigeria"	"Mangu"	5	0	5	880	1315	2195	110863	181281	292144
"2013.01.27"	"Pakistan"	"Tirah"	61	40	101	941	1355	2296	110924	181321	292245
"2013.01.27"	"Afghanistan"	"Kandahar"	10	6	16	951	1361	2312	110934	181327	292261
"2013.01.27"	"Nigeria"	"Borno"	8	0	8	959	1361	2320	110942	181327	292269
"2013.01.28"	"Pakistan"	"Karachi"	5	1	6	964	1362	2326	110947	181328	292275
"2013.01.28"	"Russia"	"Kabardino-Balkaria"	1	0	1	965	1362	2327	110948	181328	292276
"2013.01.28"	"Yemen"	"Rida"	11	17	28	976	1379	2355	110959	181345	292304
"2013.01.28"	"Yemen"	"al-Bayda"	8	12	20	984	1391	2375	110967	181357	292324
"2013.01.28"	"Bangladesh"	"Motijheel"	0	50	50	984	1441	2425	110967	181407	292374
"2013.01.28"	"Turkey"	"Istanbul"	1	0	1	985	1441	2426	110968	181407	292375
"2013.01.28"	"Iraq"	"Fallujah"	2	3	5	987	1444	2431	110970	181410	292380
"2013.01.28"	"Iraq"	"Mosul"	2	0	2	989	1444	2433	110972	181410	292382
"2013.01.29"	"Pakistan"	"Quetta"	2	0	2	991	1444	2435	110974	181410	292384
"2013.01.29"	"Somalia"	"Mogadishu"	6	12	18	997	1456	2453	110980	181422	292402
"2013.01.29"	"Pakistan"	"Karachi"	1	2	3	998	1458	2456	110981	181424	292405
"2013.01.29"	"Thailand"	"Narathiwat"	2	0	2	1000	1458	2458	110983	181424	292407
"2013.01.29"	"Iraq"	"Kirkuk"	1	2	3	1001	1460	2461	110984	181426	292410
"2013.01.29"	"Pakistan"	"Kala"	1	0	1	1002	1460	2462	110985	181426	292411
"2013.01.30"	"Pakistan"	"Ghani Gul"	6	0	6	1008	1460	2468	110991	181426	292417
"2013.01.30"	"Yemen"	"Raida"	0	1	1	1008	1461	2469	110991	181427	292418
"2013.01.30"	"Thailand"	"Narathiwat"	1	2	3	1009	1463	2472	110992	181429	292421
"2013.01.30"	"Afghanistan"	"Sabari"	2	4	6	1011	1467	2478	110994	181433	292427
"2013.01.30"	"Pakistan"	"Golimar"	1	0	1	1012	1467	2479	110995	181433	292428
"2013.01.30"	"Iraq"	"Abu Ghraib"	18	0	18	1030	1467	2497	111013	181433	292446
"2013.01.31"	"Pakistan"	"Quetta"	1	1	2	1031	1468	2499	111014	181434	292448
"2013.01.31"	"Thailand"	"Yala"	1	0	1	1032	1468	2500	111015	181434	292449
"2013.01.31"	"Pakistan"	"Tirah"	2	6	8	1034	1474	2508	111017	181440	292457
"2013.01.31"	"Pakistan"	"Malikhel"	2	0	2	1036	1474	2510	111019	181440	292459
"2013.01.31"	"Afghanistan"	"Greshk"	1	8	9	1037	1482	2519	111020	181448	292468
"2013.01.31"	"Pakistan"	"Karachi"	3	0	3	1040	1482	2522	111023	181448	292471
"2013.01.31"	"Nigeria"	"Gombe"	2	0	2	1042	1482	2524	111025	181448	292473
"2013.01.31"	"Mali"	"Douentza"	2	0	2	1044	1482	2526	111027	181448	292475
"2013.01.31"	"Syria"	"Damascus"	3	0	3	1047	1482	2529	111030	181448	292478
"2013.02.01"	"Nigeria"	"Zaria"	3	0	3	1050	1482	2532	111033	181448	292481
"2013.02.01"	"Thailand"	"Pattani"	3	10	13	1053	1492	2545	111036	181458	292494
"2013.02.01"	"Egypt"	"Alexandria"	0	1	1	1053	1493	2546	111036	181459	292495
"2013.02.01"	"Lebanon"	"Beqaa"	2	0	2	1055	1493	2548	111038	181459	292497
"2013.02.01"	"Syria"	"Damascus"	53	90	143	1108	1583	2691	111091	181549	292640
"2013.02.01"	"Pakistan"	"Hangu"	30	56	86	1138	1639	2777	111121	181605	292726
"2013.02.01"	"Afghanistan"	"Takhar"	2	0	2	1140	1639	2779	111123	181605	292728
"2013.02.01"	"Pakistan"	"Lakai Sar"	11	6	17	1151	1645	2796	111134	181611	292745
"2013.02.01"	"Nigeria"	"Samunaka"	15	1	16	1166	1646	2812	111149	181612	292761
"2013.02.02"	"Pakistan"	"Agra Taj"	1	0	1	1167	1646	2813	111150	181612	292762
"2013.02.02"	"Afghanistan"	"Miyanishin"	5	0	5	1172	1646	2818	111155	181612	292767
"2013.02.02"	"Afghanistan"	"Musa Qala"	2	0	2	1174	1646	2820	111157	181612	292769
"2013.02.02"	"Pakistan"	"Sarai Nawrang"	26	15	41	1200	1661	2861	111183	181627	292810
"2013.02.02"	"Pakistan"	"Ghunda Mela"	2	3	5	1202	1664	2866	111185	181630	292815
"2013.02.02"	"Pakistan"	"Karachi"	2	0	2	1204	1664	2868	111187	181630	292817
"2013.02.02"	"Philippines"	"Zamboanga"	0	5	5	1204	1669	2873	111187	181635	292822
"2013.02.03"	"Afghanistan"	"Khakriz"	1	6	7	1205	1675	2880	111188	181641	292829
"2013.02.03"	"Iraq"	"Kirkuk"	33	90	123	1238	1765	3003	111221	181731	292952
"2013.02.04"	"Pakistan"	"Karachi"	1	0	1	1239	1765	3004	111222	181731	292953
"2013.02.04"	"Kenya"	"Garissa"	1	0	1	1240	1765	3005	111223	181731	292954
"2013.02.04"	"Yemen"	"Kutaf"	6	7	13	1246	1772	3018	111229	181738	292967
"2013.02.04"	"Somalia"	"Mogadishu"	1	0	1	1247	1772	3019	111230	181738	292968
"2013.02.04"	"Pakistan"	"Chaman"	1	0	1	1248	1772	3020	111231	181738	292969
"2013.02.04"	"Iraq"	"Taji"	23	44	67	1271	1816	3087	111254	181782	293036
"2013.02.05"	"Bangladesh"	"Dhaka"	3	43	46	1274	1859	3133	111257	181825	293082
"2013.02.05"	"Nigeria"	"Sambisa Reserve"	6	0	6	1280	1859	3139	111263	181825	293088
"2013.02.05"	"Thailand"	"Yala"	4	0	4	1284	1859	3143	111267	181825	293092
"2013.02.05"	"Iraq"	"Taji"	6	12	18	1290	1871	3161	111273	181837	293110
"2013.02.05"	"Afghanistan"	"Faryab"	5	7	12	1295	1878	3173	111278	181844	293122
"2013.02.05"	"Denmark"	"Copenhagen"	0	0	0	1295	1878	3173	111278	181844	293122
"2013.02.06"	"Syria"	"Hama"	54	2	56	1349	1880	3229	111332	181846	293178
"2013.02.06"	"Russia"	"Nalchik"	1	1	2	1350	1881	3231	111333	181847	293180
"2013.02.06"	"Iraq"	"Mussayib"	4	4	8	1354	1885	3239	111337	181851	293188
"2013.02.06"	"Pakistan"	"Karachi"	1	0	1	1355	1885	3240	111338	181851	293189
"2013.02.06"	"Tunisia"	"Tunis"	1	0	1	1356	1885	3241	111339	181851	293190
"2013.02.06"	"Syria"	"Palmyra"	35	30	65	1391	1915	3306	111374	181881	293255
"2013.02.07"	"Iraq"	"Abu Ghraib"	6	9	15	1397	1924	3321	111380	181890	293270
"2013.02.07"	"Iraq"	"Mahmoudiya"	3	0	3	1400	1924	3324	111383	181890	293273
"2013.02.07"	"Afghanistan"	"Kishindih"	4	3	7	1404	1927	3331	111387	181893	293280
"2013.02.07"	"Pakistan"	"Karachi"	1	0	1	1405	1927	3332	111388	181893	293281
"2013.02.07"	"Pakistan"	"Orangi"	1	5	6	1406	1932	3338	111389	181898	293287
"2013.02.07"	"Dagestan"	"Kahdzhalmakhi"	1	0	1	1407	1932	3339	111390	181898	293288
"2013.02.07"	"Kenya"	"Garissa"	1	1	2	1408	1933	3341	111391	181899	293290
"2013.02.07"	"USA"	"Buena Vista"	2	0	2	1410	1933	3343	111393	181899	293292
"2013.02.07"	"Mexico"	"Pakal Kin"	2	0	2	1412	1933	3345	111395	181899	293294
"2013.02.08"	"Pakistan"	"Kalaya"	16	27	43	1428	1960	3388	111411	181926	293337
"2013.02.08"	"Nigeria"	"Kano"	10	5	15	1438	1965	3403	111421	181931	293352
"2013.02.08"	"Iraq"	"Karbala"	5	16	21	1443	1981	3424	111426	181947	293373
"2013.02.08"	"Iraq"	"Baghdad"	17	44	61	1460	2025	3485	111443	181991	293434
"2013.02.08"	"Iraq"	"Shomali"	14	26	40	1474	2051	3525	111457	182017	293474
"2013.02.08"	"Pakistan"	"Peshawar"	1	0	1	1475	2051	3526	111458	182017	293475
"2013.02.08"	"Syria"	"Aleppo"	9	0	9	1484	2051	3535	111467	182017	293484
"2013.02.08"	"Afghanistan"	"Nad Ali"	6	0	6	1490	2051	3541	111473	182017	293490
"2013.02.08"	"Pakistan"	"Pattoki"	0	3	3	1490	2054	3544	111473	182020	293493
"2013.02.08"	"Lebanon"	"al-Ouazzani"	1	0	1	1491	2054	3545	111474	182020	293494
"2013.02.09"	"Thailand"	"Pattani"	1	1	2	1492	2055	3547	111475	182021	293496
"2013.02.09"	"Iraq"	"Baghdad"	6	40	46	1498	2095	3593	111481	182061	293542
"2013.02.09"	"Nigeria"	"Potiskum"	3	0	3	1501	2095	3596	111484	182061	293545
"2013.02.09"	"Thailand"	"Pattani"	1	0	1	1502	2095	3597	111485	182061	293546
"2013.02.09"	"Pakistan"	"Karachi"	2	0	2	1504	2095	3599	111487	182061	293548
"2013.02.10"	"Iraq"	"Mosul"	4	0	4	1508	2095	3603	111491	182061	293552
"2013.02.10"	"Iraq"	"Samarrah"	1	7	8	1509	2102	3611	111492	182068	293560
"2013.02.10"	"Pakistan"	"Orangi"	2	0	2	1511	2102	3613	111494	182068	293562
"2013.02.10"	"Pakistan"	"Karachi"	2	0	2	1513	2102	3615	111496	182068	293564
"2013.02.10"	"Thailand"	"Yala"	5	1	6	1518	2103	3621	111501	182069	293570
"2013.02.11"	"Iraq"	"Rawah"	3	2	5	1521	2105	3626	111504	182071	293575
"2013.02.11"	"Somalia"	"Galkayo"	4	6	10	1525	2111	3636	111508	182077	293585
"2013.02.11"	"Turkey"	"Cilvegozu"	7	12	19	1532	2123	3655	111515	182089	293604
"2013.02.11"	"Pakistan"	"Gulshan-e-Iqbal"	1	0	1	1533	2123	3656	111516	182089	293605
"2013.02.11"	"Pakistan"	"Tirah"	10	10	20	1543	2133	3676	111526	182099	293625
"2013.02.11"	"Syria"	"al-Shadada"	14	12	26	1557	2145	3702	111540	182111	293651
"2013.02.11"	"Pakistan"	"Peshawar"	1	0	1	1558	2145	3703	111541	182111	293652
"2013.02.11"	"Iraq"	"Mosul"	8	8	16	1566	2153	3719	111549	182119	293668
"2013.02.11"	"Nigeria"	"Maiduguri"	1	0	1	1567	2153	3720	111550	182119	293669
"2013.02.11"	"Tanzania"	"Buseresere"	1	0	1	1568	2153	3721	111551	182119	293670
"2013.02.12"	"Nigeria"	"Maiduguri"	4	1	5	1572	2154	3726	111555	182120	293675
"2013.02.12"	"Pakistan"	"Pasban"	1	0	1	1573	2154	3727	111556	182120	293676
"2013.02.12"	"Pakistan"	"Tirah"	19	7	26	1592	2161	3753	111575	182127	293702
"2013.02.12"	"Pakistan"	"Lahore"	1	0	1	1593	2161	3754	111576	182127	293703
"2013.02.12"	"Pakistan"	"Gulbahar"	2	3	5	1595	2164	3759	111578	182130	293708
"2013.02.13"	"Pakistan"	"Hassanzo"	9	23	32	1604	2187	3791	111587	182153	293740
"2013.02.13"	"Pakistan"	"Shunglai"	1	0	1	1605	2187	3792	111588	182153	293741
"2013.02.13"	"Pakistan"	"Karachi"	2	0	2	1607	2187	3794	111590	182153	293743
"2013.02.14"	"Pakistan"	"Hassanzai Dara"	4	0	4	1611	2187	3798	111594	182153	293747
"2013.02.14"	"Iraq"	"Mosul"	4	0	4	1615	2187	3802	111598	182153	293751
"2013.02.14"	"Dagestan"	"Khasavyurt"	4	6	10	1619	2193	3812	111602	182159	293761
"2013.02.14"	"Bahrain"	"Manama"	1	0	1	1620	2193	3813	111603	182159	293762
"2013.02.14"	"Pakistan"	"Hangu"	11	11	22	1631	2204	3835	111614	182170	293784
"2013.02.15"	"Iraq"	"al-Mahmoudiyyah"	1	3	4	1632	2207	3839	111615	182173	293788
"2013.02.15"	"Somalia"	"Janalle"	1	0	1	1633	2207	3840	111616	182173	293789
"2013.02.15"	"Afghanistan"	"Ghazni"	2	1	3	1635	2208	3843	111618	182174	293792
"2013.02.15"	"Somalia"	"Garowe"	1	2	3	1636	2210	3846	111619	182176	293795
"2013.02.15"	"Bangladesh"	"Pallabi"	1	0	1	1637	2210	3847	111620	182176	293796
"2013.02.15"	"Iraq"	"Abu Ghraib"	4	2	6	1641	2212	3853	111624	182178	293802
"2013.02.15"	"Pakistan"	"Orangi"	1	0	1	1642	2212	3854	111625	182178	293803
"2013.02.16"	"Pakistan"	"Lahore"	1	0	1	1643	2212	3855	111626	182178	293804
"2013.02.16"	"Pakistan"	"Tando Adam"	1	0	1	1644	2212	3856	111627	182178	293805
"2013.02.16"	"Pakistan"	"Karachi"	2	0	2	1646	2212	3858	111629	182178	293807
"2013.02.16"	"Nigeria"	"Bauchi"	1	7	8	1647	2219	3866	111630	182185	293815
"2013.02.16"	"Iraq"	"Mosul"	3	0	3	1650	2219	3869	111633	182185	293818
"2013.02.16"	"Somalia"	"Mogadishu"	1	2	3	1651	2221	3872	111634	182187	293821
"2013.02.16"	"Pakistan"	"Quetta"	91	180	271	1742	2401	4143	111725	182367	294092
"2013.02.16"	"Pakistan"	"Bannu"	3	0	3	1745	2401	4146	111728	182367	294095
"2013.02.17"	"Tanzania"	"Zanzibar"	1	0	1	1746	2401	4147	111729	182367	294096
"2013.02.17"	"Pakistan"	"Karachi"	1	0	1	1747	2401	4148	111730	182367	294097
"2013.02.17"	"Iraq"	"Baghdad"	37	100	137	1784	2501	4285	111767	182467	294234
"2013.02.17"	"Thailand"	"Pattani"	3	9	12	1787	2510	4297	111770	182476	294246
"2013.02.17"	"Pakistan"	"Mattani"	1	0	1	1788	2510	4298	111771	182476	294247
"2013.02.17"	"Tunisia"	"Sfax"	0	1	1	1788	2511	4299	111771	182477	294248
"2013.02.18"	"Netherlands"	"Brabant"	1	0	1	1789	2511	4300	111772	182477	294249
"2013.02.18"	"Pakistan"	"Darzaab"	1	1	2	1790	2512	4302	111773	182478	294251
"2013.02.18"	"Pakistan"	"Landi Kotal"	2	0	2	1792	2512	4304	111775	182478	294253
"2013.02.18"	"Iraq"	"Kirkuk"	1	16	17	1793	2528	4321	111776	182494	294270
"2013.02.18"	"Somalia"	"Alanley"	1	0	1	1794	2528	4322	111777	182494	294271
"2013.02.18"	"Pakistan"	"Peshawar"	6	7	13	1800	2535	4335	111783	182501	294284
"2013.02.18"	"Pakistan"	"Lahore"	2	0	2	1802	2535	4337	111785	182501	294286
"2013.02.18"	"Pakistan"	"Karachi"	3	0	3	1805	2535	4340	111788	182501	294289
"2013.02.18"	"Pakistan"	"Swabi"	1	0	1	1806	2535	4341	111789	182501	294290
"2013.02.18"	"Thailand"	"Pattani"	0	1	1	1806	2536	4342	111789	182502	294291
"2013.02.19"	"Iraq"	"Madaen"	3	0	3	1809	2536	4345	111792	182502	294294
"2013.02.19"	"Iraq"	"Mosul"	7	0	7	1816	2536	4352	111799	182502	294301
"2013.02.19"	"Iraq"	"Tikrit"	2	6	8	1818	2542	4360	111801	182508	294309
"2013.02.19"	"Pakistan"	"Karachi"	1	0	1	1819	2542	4361	111802	182508	294310
"2013.02.19"	"Thailand"	"Pattani"	1	0	1	1820	2542	4362	111803	182508	294311
"2013.02.19"	"Bangladesh"	"Naliakhali"	1	20	21	1821	2562	4383	111804	182528	294332
"2013.02.19"	"Nigeria"	"Naibawa"	6	6	12	1827	2568	4395	111810	182534	294344
"2013.02.19"	"Cameroon"	"Lake Chad"	2	1	3	1829	2569	4398	111812	182535	294347
"2013.02.20"	"Nigeria"	"Maiduguri"	3	2	5	1832	2571	4403	111815	182537	294352
"2013.02.20"	"Pakistan"	"Jacobabad"	1	4	5	1833	2575	4408	111816	182541	294357
"2013.02.21"	"Iraq"	"Mosul"	3	0	3	1836	2575	4411	111819	182541	294360
"2013.02.21"	"Afghanistan"	"Kohistanat"	2	6	8	1838	2581	4419	111821	182547	294368
"2013.02.21"	"Afghanistan"	"Kandhar"	1	2	3	1839	2583	4422	111822	182549	294371
"2013.02.21"	"Iraq"	"Baqubah"	1	7	8	1840	2590	4430	111823	182556	294379
"2013.02.21"	"Iraq"	"Hammam al-Alil"	2	0	2	1842	2590	4432	111825	182556	294381
"2013.02.21"	"Mali"	"Kidal"	2	0	2	1844	2590	4434	111827	182556	294383
"2013.02.21"	"Pakistan"	"Peshawar"	2	18	20	1846	2608	4454	111829	182574	294403
"2013.02.21"	"Kenya"	"Dadaab"	7	0	7	1853	2608	4461	111836	182574	294410
"2013.02.21"	"Syria"	"Damascus"	90	200	290	1943	2808	4751	111926	182774	294700
"2013.02.21"	"India"	"Hyderabad"	17	119	136	1960	2927	4887	111943	182893	294836
"2013.02.21"	"Iraq"	"Dhuluiyah"	9	27	36	1969	2954	4923	111952	182920	294872
"2013.02.22"	"Iraq"	"Mosul"	3	0	3	1972	2954	4926	111955	182920	294875
"2013.02.22"	"Iraq"	"Halaiwat"	7	1	8	1979	2955	4934	111962	182921	294883
"2013.02.22"	"Mali"	"Khalil"	3	3	6	1982	2958	4940	111965	182924	294889
"2013.02.22"	"Nigeria"	"Kogom"	10	2	12	1992	2960	4952	111975	182926	294901
"2013.02.23"	"Pakistan"	"Bhittai"	1	0	1	1993	2960	4953	111976	182926	294902
"2013.02.23"	"Iraq"	"Baqubah"	2	6	8	1995	2966	4961	111978	182932	294910
"2013.02.23"	"Nigeria"	"Gombe"	5	3	8	2000	2969	4969	111983	182935	294918
"2013.02.23"	"Pakistan"	"Rashakai"	1	2	3	2001	2971	4972	111984	182937	294921
"2013.02.23"	"Pakistan"	"Karachi"	1	0	1	2002	2971	4973	111985	182937	294922
"2013.02.23"	"Nigeria"	"Ngalda"	6	12	18	2008	2983	4991	111991	182949	294940
"2013.02.23"	"Egypt"	"Alexandria"	5	0	5	2013	2983	4996	111996	182949	294945
"2013.02.23"	"Nigeria"	"Abuja"	17	1	18	2030	2984	5014	112013	182950	294963
"2013.02.23"	"Nigeria"	"Aduwan"	5	11	16	2035	2995	5030	112018	182961	294979
"2013.02.24"	"Nigeria"	"Fika"	5	3	8	2040	2998	5038	112023	182964	294987
"2013.02.24"	"Nigeria"	"Gulak"	1	0	1	2041	2998	5039	112024	182964	294988
"2013.02.24"	"Israel"	"Negev"	1	0	1	2042	2998	5040	112025	182964	294989
"2013.02.24"	"Pakistan"	"Toheedabad"	1	0	1	2043	2998	5041	112026	182964	294990
"2013.02.24"	"Afghanistan"	"Jalalabad"	2	3	5	2045	3001	5046	112028	182967	294995
"2013.02.24"	"Afghanistan"	"Logar"	1	2	3	2046	3003	5049	112029	182969	294998
"2013.02.24"	"Yemen"	"Baida"	1	0	1	2047	3003	5050	112030	182969	294999
"2013.02.25"	"Iraq"	"Mosul"	3	0	3	2050	3003	5053	112033	182969	295002
"2013.02.25"	"Pakistan"	"Shikarpur"	2	10	12	2052	3013	5065	112035	182979	295014
"2013.02.25"	"Iraq"	"Baqubah"	2	4	6	2054	3017	5071	112037	182983	295020
"2013.02.25"	"Iraq"	"Bani Saad"	4	15	19	2058	3032	5090	112041	182998	295039
"2013.02.25"	"Nigeria"	"Ngelzarma"	7	3	10	2065	3035	5100	112048	183001	295049
"2013.02.25"	"Somalia"	"Gedo"	2	0	2	2067	3035	5102	112050	183001	295051
"2013.02.25"	"Pakistan"	"Kunwari"	1	0	1	2068	3035	5103	112051	183001	295052
"2013.02.25"	"Pakistan"	"Marjah"	4	4	8	2072	3039	5111	112055	183005	295060
"2013.02.26"	"Nigeria"	"Kano"	1	0	1	2073	3039	5112	112056	183005	295061
"2013.02.26"	"Pakistan"	"Mardan"	1	0	1	2074	3039	5113	112057	183005	295062
"2013.02.26"	"Syria"	"Damascus"	5	0	5	2079	3039	5118	112062	183005	295067
"2013.02.26"	"Iraq"	"Madain"	2	0	2	2081	3039	5120	112064	183005	295069
"2013.02.27"	"Afghanistan"	"Kabul"	0	10	10	2081	3049	5130	112064	183015	295079
"2013.02.27"	"Pakistan"	"Karachi"	2	0	2	2083	3049	5132	112066	183015	295081
"2013.02.27"	"Pakistan"	"Miranshah"	1	0	1	2084	3049	5133	112067	183015	295082
"2013.02.27"	"Afghanistan"	"Ghazni"	17	0	17	2101	3049	5150	112084	183015	295099
"2013.02.27"	"Afghanistan"	"Kandahar"	3	0	3	2104	3049	5153	112087	183015	295102
"2013.02.27"	"Nigeria"	"Maiduguri"	3	4	7	2107	3053	5160	112090	183019	295109
"2013.02.27"	"Mali"	"Kidal"	7	3	10	2114	3056	5170	112097	183022	295119
"2013.02.28"	"Iraq"	"Baghdad"	11	32	43	2125	3088	5213	112108	183054	295162
"2013.02.28"	"Syria"	"Homs"	1	30	31	2126	3118	5244	112109	183084	295193
"2013.02.28"	"Bangladesh"	"Gaibandha"	4	0	4	2130	3118	5248	112113	183084	295197
"2013.02.28"	"Somalia"	"Hirran"	1	0	1	2131	3118	5249	112114	183084	295198
"2013.02.28"	"Iraq"	"Aziziyah"	3	8	11	2134	3126	5260	112117	183092	295209
"2013.02.28"	"Iraq"	"Mahmoudiya"	3	6	9	2137	3132	5269	112120	183098	295218
"2013.02.28"	"Iraq"	"Baghdad"	23	60	83	2160	3192	5352	112143	183158	295301
"2013.03.01"	"Pakistan"	"Peshawar"	1	0	1	2161	3192	5353	112144	183158	295302
"2013.03.01"	"Pakistan"	"Karachi"	1	0	1	2162	3192	5354	112145	183158	295303
"2013.03.01"	"Egypt"	"Kom Ombo"	0	23	23	2162	3215	5377	112145	183181	295326
"2013.03.01"	"Thailand"	"Narathiwat"	0	6	6	2162	3221	5383	112145	183187	295332
"2013.03.01"	"Iraq"	"Diwaniyah"	5	45	50	2167	3266	5433	112150	183232	295382
"2013.03.01"	"Afghanistan"	"Kunar"	9	1	10	2176	3267	5443	112159	183233	295392
"2013.03.01"	"Somalia"	"Mogadishu"	1	0	1	2177	3267	5444	112160	183233	295393
"2013.03.02"	"Afghanistan"	"Warduj"	3	3	6	2180	3270	5450	112163	183236	295399
"2013.03.02"	"Pakistan"	"Karachi"	2	0	2	2182	3270	5452	112165	183236	295401
"2013.03.02"	"India"	"Kupwara"	2	0	2	2184	3270	5454	112167	183236	295403
"2013.03.02"	"Thailand"	"Yala"	2	12	14	2186	3282	5468	112169	183248	295417
"2013.03.02"	"Egypt"	"Cairo"	3	0	3	2189	3282	5471	112172	183248	295420
"2013.03.02"	"Tanzania"	"Dar Es Salaam"	0	1	1	2189	3283	5472	112172	183249	295421
"2013.03.02"	"Libya"	"Benghazi"	0	11	11	2189	3294	5483	112172	183260	295432
"2013.03.03"	"Iraq"	"Mosul"	1	1	2	2190	3295	5485	112173	183261	295434
"2013.03.03"	"Bangladesh"	"Dhaka"	23	200	223	2213	3495	5708	112196	183461	295657
"2013.03.03"	"Nigeria"	"Monguno"	1	0	1	2214	3495	5709	112197	183461	295658
"2013.03.03"	"Pakistan"	"Safar"	1	0	1	2215	3495	5710	112198	183461	295659
"2013.03.03"	"Dagestan"	"Gubden"	1	0	1	2216	3495	5711	112199	183461	295660
"2013.03.03"	"Iraq"	"Baghdad"	4	11	15	2220	3506	5726	112203	183472	295675
"2013.03.03"	"Iraq"	"Karbalah"	0	10	10	2220	3516	5736	112203	183482	295685
"2013.03.03"	"Pakistan"	"Karachi"	48	180	228	2268	3696	5964	112251	183662	295913
"2013.03.04"	"Pakistan"	"Khaisuri"	1	0	1	2269	3696	5965	112252	183662	295914
"2013.03.04"	"Nigeria"	"Gwoza"	10	0	10	2279	3696	5975	112262	183662	295924
"2013.03.04"	"Thailand"	"Narathiwat"	1	0	1	2280	3696	5976	112263	183662	295925
"2013.03.04"	"Iraq"	"Ratba"	57	0	57	2337	3696	6033	112320	183662	295982
"2013.03.04"	"Yemen"	"Loder"	12	8	20	2349	3704	6053	112332	183670	296002
"2013.03.04"	"Iraq"	"Mosul"	5	8	13	2354	3712	6066	112337	183678	296015
"2013.03.05"	"Iraq"	"Baghdad"	1	0	1	2355	3712	6067	112338	183678	296016
"2013.03.05"	"Pakistan"	"Jamrud"	0	1	1	2355	3713	6068	112338	183679	296017
"2013.03.05"	"Iraq"	"Taji"	3	0	3	2358	3713	6071	112341	183679	296020
"2013.03.05"	"Iraq"	"Baqubah"	3	17	20	2361	3730	6091	112344	183696	296040
"2013.03.05"	"Iraq"	"Kirkuk"	7	18	25	2368	3748	6116	112351	183714	296065
"2013.03.05"	"Bangladesh"	"Rangpur"	2	0	2	2370	3748	6118	112353	183714	296067
"2013.03.06"	"Pakistan"	"Abbas Town"	2	0	2	2372	3748	6120	112355	183714	296069
"2013.03.06"	"Iraq"	"Hawija"	2	1	3	2374	3749	6123	112357	183715	296072
"2013.03.06"	"Iraq"	"Ramadi"	5	0	5	2379	3749	6128	112362	183715	296077
"2013.03.06"	"Afghanistan"	"Badakhshan"	17	0	17	2396	3749	6145	112379	183715	296094
"2013.03.06"	"Thailand"	"Pattani"	1	0	1	2397	3749	6146	112380	183715	296095
"2013.03.06"	"Bangladesh"	"Tangail"	1	0	1	2398	3749	6147	112381	183715	296096
"2013.03.06"	"Pakistan"	"Tandlianwala"	2	0	2	2400	3749	6149	112383	183715	296098
"2013.03.06"	"Kenya"	"Garissa"	1	0	1	2401	3749	6150	112384	183715	296099
"2013.03.07"	"China"	"Korla"	5	7	12	2406	3756	6162	112389	183722	296111
"2013.03.08"	"Thailand"	"Narathiwat"	0	1	1	2406	3757	6163	112389	183723	296112
"2013.03.08"	"Iraq"	"Samarrah"	5	4	9	2411	3761	6172	112394	183727	296121
"2013.03.08"	"Iraq"	"Tikrit"	5	2	7	2416	3763	6179	112399	183729	296128
"2013.03.08"	"India"	"Tangmarg"	1	0	1	2417	3763	6180	112400	183729	296129
"2013.03.09"	"Afghanistan"	"Kabul"	9	13	22	2426	3776	6202	112409	183742	296151
"2013.03.09"	"Afghanistan"	"Khost"	9	2	11	2435	3778	6213	112418	183744	296162
"2013.03.09"	"Pakistan"	"Peshawar"	6	28	34	2441	3806	6247	112424	183772	296196
"2013.03.09"	"Dagestan"	"Izberbash"	1	0	1	2442	3806	6248	112425	183772	296197
"2013.03.09"	"Pakistan"	"Lahore"	0	35	35	2442	3841	6283	112425	183807	296232
"2013.03.10"	"Dagestan"	"Buinaksk"	1	0	1	2443	3841	6284	112426	183807	296233
"2013.03.10"	"Nigeria"	"Dakata"	5	3	8	2448	3844	6292	112431	183810	296241
"2013.03.10"	"Syria"	"Harasta"	1	9	10	2449	3853	6302	112432	183819	296251
"2013.03.10"	"Thailand"	"Pattani"	1	0	1	2450	3853	6303	112433	183819	296252
"2013.03.10"	"Thailand"	"Pattani"	1	0	1	2451	3853	6304	112434	183819	296253
"2013.03.10"	"Thailand"	"Pattani"	1	1	2	2452	3854	6306	112435	183820	296255
"2013.03.10"	"Bangladesh"	"Khulna"	3	3	6	2455	3857	6312	112438	183823	296261
"2013.03.10"	"Pakistan"	"Landi Kotal"	1	3	4	2456	3860	6316	112439	183826	296265
"2013.03.10"	"Nigeria"	"Jama'are"	7	0	7	2463	3860	6323	112446	183826	296272
"2013.03.10"	"Afghanistan"	"Badakhshan"	2	0	2	2465	3860	6325	112448	183826	296274
"2013.03.10"	"Libya"	"Benghazi"	1	0	1	2466	3860	6326	112449	183826	296275
"2013.03.11"	"Iraq"	"Baghdad"	3	0	3	2469	3860	6329	112452	183826	296278
"2013.03.11"	"Pakistan"	"Peshawar"	1	0	1	2470	3860	6330	112453	183826	296279
"2013.03.11"	"Pakistan"	"Masuzai"	3	2	5	2473	3862	6335	112456	183828	296284
"2013.03.11"	"Iraq"	"Dibis"	5	165	170	2478	4027	6505	112461	183993	296454
"2013.03.11"	"Pakistan"	"Landhi"	2	4	6	2480	4031	6511	112463	183997	296460
"2013.03.11"	"Israel"	"Jerusalem"	0	9	9	2480	4040	6520	112463	184006	296469
"2013.03.12"	"Pakistan"	"Bannu"	4	16	20	2484	4056	6540	112467	184022	296489
"2013.03.12"	"Nigeria"	"Kano"	0	4	4	2484	4060	6544	112467	184026	296493
"2013.03.12"	"Pakistan"	"Pabbi"	0	6	6	2484	4066	6550	112467	184032	296499
"2013.03.12"	"Pakistan"	"Saddar"	3	18	21	2487	4084	6571	112470	184050	296520
"2013.03.12"	"Pakistan"	"Karachi"	1	0	1	2488	4084	6572	112471	184050	296521
"2013.03.13"	"Pakistan"	"Kharadar"	1	0	1	2489	4084	6573	112472	184050	296522
"2013.03.13"	"Afghanistan"	"Zhranda"	1	1	2	2490	4085	6575	112473	184051	296524
"2013.03.13"	"Afghanistan"	"Kunduz"	10	10	20	2500	4095	6595	112483	184061	296544
"2013.03.13"	"Pakistan"	"Orangi Town"	1	0	1	2501	4095	6596	112484	184061	296545
"2013.03.13"	"Nigeria"	"Borno"	2	0	2	2503	4095	6598	112486	184061	296547
"2013.03.13"	"India"	"Srinagar"	5	7	12	2508	4102	6610	112491	184068	296559
"2013.03.13"	"Iraq"	"Tikrit"	2	0	2	2510	4102	6612	112493	184068	296561
"2013.03.14"	"Pakistan"	"Gulistan"	1	0	1	2511	4102	6613	112494	184068	296562
"2013.03.14"	"Nigeria"	"Gwoza"	1	0	1	2512	4102	6614	112495	184068	296563
"2013.03.14"	"Thailand"	"Narathiwat"	1	0	1	2513	4102	6615	112496	184068	296564
"2013.03.14"	"Pakistan"	"Tirah"	18	14	32	2531	4116	6647	112514	184082	296596
"2013.03.14"	"Iraq"	"Baghdad"	30	57	87	2561	4173	6734	112544	184139	296683
"2013.03.14"	"USA"	"Vancouver"	0	2	2	2561	4175	6736	112544	184141	296685
"2013.03.15"	"Somalia"	"Barawe"	1	0	1	2562	4175	6737	112545	184141	296686
"2013.03.15"	"Iraq"	"Bani-Sa'ad"	1	2	3	2563	4177	6740	112546	184143	296689
"2013.03.15"	"Iraq"	"Baiji"	9	2	11	2572	4179	6751	112555	184145	296700
"2013.03.15"	"Pakistan"	"Karachi"	3	5	8	2575	4184	6759	112558	184150	296708
"2013.03.15"	"Thailand"	"Narathiwat"	4	0	4	2579	4184	6763	112562	184150	296712
"2013.03.15"	"Israel"	"Ariel"	0	5	5	2579	4189	6768	112562	184155	296717
"2013.03.15"	"Iraq"	"Baqubah"	4	0	4	2583	4189	6772	112566	184155	296721
"2013.03.16"	"Thailand"	"Yala"	1	0	1	2584	4189	6773	112567	184155	296722
"2013.03.16"	"Iraq"	"Garmat Ali"	10	16	26	2594	4205	6799	112577	184171	296748
"2013.03.16"	"Pakistan"	"Landhi"	1	0	1	2595	4205	6800	112578	184171	296749
"2013.03.16"	"Pakistan"	"Peshawar"	1	1	2	2596	4206	6802	112579	184172	296751
"2013.03.17"	"Iraq"	"Mosul"	2	0	2	2598	4206	6804	112581	184172	296753
"2013.03.17"	"Thailand"	"Narathiwat"	1	0	1	2599	4206	6805	112582	184172	296754
"2013.03.17"	"Nigeria"	"Torok"	2	3	5	2601	4209	6810	112584	184175	296759
"2013.03.18"	"Nigeria"	"Maiduguri"	6	3	9	2607	4212	6819	112590	184178	296768
"2013.03.18"	"Pakistan"	"Peshawar"	4	40	44	2611	4252	6863	112594	184218	296812
"2013.03.18"	"Thailand"	"Pattani"	2	0	2	2613	4252	6865	112596	184218	296814
"2013.03.18"	"Pakistan"	"Kalaswala"	0	1	1	2613	4253	6866	112596	184219	296815
"2013.03.18"	"Pakistan"	"Karachi"	1	0	1	2614	4253	6867	112597	184219	296816
"2013.03.18"	"Somalia"	"Mogadishu"	13	15	28	2627	4268	6895	112610	184234	296844
"2013.03.18"	"Pakistan"	"Karachi"	1	0	1	2628	4268	6896	112611	184234	296845
"2013.03.18"	"Pakistan"	"Karachi"	2	0	2	2630	4268	6898	112613	184234	296847
"2013.03.18"	"Iraq"	"Balad Ruz"	5	16	21	2635	4284	6919	112618	184250	296868
"2013.03.18"	"Iraq"	"Abu Ghraib"	3	3	6	2638	4287	6925	112621	184253	296874
"2013.03.18"	"Thailand"	"Yala"	1	0	1	2639	4287	6926	112622	184253	296875
"2013.03.18"	"Nigeria"	"Kano"	41	44	85	2680	4331	7011	112663	184297	296960
"2013.03.18"	"Somalia"	"Hudur"	1	0	1	2681	4331	7012	112664	184297	296961
"2013.03.19"	"Thailand"	"Pattani"	1	0	1	2682	4331	7013	112665	184297	296962
"2013.03.19"	"India"	"Sopore"	1	0	1	2683	4331	7014	112666	184297	296963
"2013.03.19"	"Yemen"	"Aden"	1	0	1	2684	4331	7015	112667	184297	296964
"2013.03.19"	"Iraq"	"Baghdad"	4	8	12	2688	4339	7027	112671	184305	296976
"2013.03.19"	"Iraq"	"Baghdad"	4	12	16	2692	4351	7043	112675	184317	296992
"2013.03.19"	"Iraq"	"Baghdad"	7	21	28	2699	4372	7071	112682	184338	297020
"2013.03.19"	"Iraq"	"Baghdad"	6	15	21	2705	4387	7092	112688	184353	297041
"2013.03.19"	"Iraq"	"Baghdad"	4	18	22	2709	4405	7114	112692	184371	297063
"2013.03.19"	"Iraq"	"Baghdad"	24	92	116	2733	4497	7230	112716	184463	297179
"2013.03.19"	"Iraq"	"Sadr City"	14	22	36	2747	4519	7266	112730	184485	297215
"2013.03.19"	"Iraq"	"Iskandariya"	5	12	17	2752	4531	7283	112735	184497	297232
"2013.03.19"	"Iraq"	"Iskandariya"	3	8	11	2755	4539	7294	112738	184505	297243
"2013.03.19"	"Iraq"	"Mahmoudiya"	8	17	25	2763	4556	7319	112746	184522	297268
"2013.03.19"	"Iraq"	"Musayab"	2	12	14	2765	4568	7333	112748	184534	297282
"2013.03.19"	"Pakistan"	"Tirah"	46	12	58	2811	4580	7391	112794	184546	297340
"2013.03.19"	"Pakistan"	"Nazimabad"	2	0	2	2813	4580	7393	112796	184546	297342
"2013.03.19"	"Nigeria"	"Maiduguri"	6	2	8	2819	4582	7401	112802	184548	297350
"2013.03.20"	"Iraq"	"Balad"	1	4	5	2820	4586	7406	112803	184552	297355
"2013.03.20"	"Iraq"	"Baghdad"	7	34	41	2827	4620	7447	112810	184586	297396
"2013.03.20"	"Pakistan"	"Karachi"	4	0	4	2831	4620	7451	112814	184586	297400
"2013.03.20"	"Myanmar"	"Meikhtila"	1	0	1	2832	4620	7452	112815	184586	297401
"2013.03.20"	"Mali"	"Timbuktu"	1	2	3	2833	4622	7455	112816	184588	297404
"2013.03.20"	"Lebanon"	"Tripoli"	1	20	21	2834	4642	7476	112817	184608	297425
"2013.03.20"	"Nigeria"	"Maiduguri"	1	0	1	2835	4642	7477	112818	184608	297426
"2013.03.20"	"Mali"	"Hombori"	1	0	1	2836	4642	7478	112819	184608	297427
"2013.03.21"	"Lebanon"	"Tripoli"	2	18	20	2838	4660	7498	112821	184626	297447
"2013.03.21"	"Afghanistan"	"Musa Qala"	5	21	26	2843	4681	7524	112826	184647	297473
"2013.03.21"	"Pakistan"	"Jalozai"	17	28	45	2860	4709	7569	112843	184675	297518
"2013.03.21"	"Afghanistan"	"Takhar"	3	0	3	2863	4709	7572	112846	184675	297521
"2013.03.21"	"Thailand"	"Pattani"	1	10	11	2864	4719	7583	112847	184685	297532
"2013.03.21"	"Afghanistan"	"Marja"	5	6	11	2869	4725	7594	112852	184691	297543
"2013.03.21"	"India"	"Srinagar"	1	2	3	2870	4727	7597	112853	184693	297546
"2013.03.21"	"Syria"	"Damascus"	49	84	133	2919	4811	7730	112902	184777	297679
"2013.03.21"	"Bangladesh"	"Jessore"	1	12	13	2920	4823	7743	112903	184789	297692
"2013.03.22"	"Iraq"	"Algehlah"	4	0	4	2924	4823	7747	112907	184789	297696
"2013.03.22"	"Pakistan"	"Wazir Dandh"	1	2	3	2925	4825	7750	112908	184791	297699
"2013.03.22"	"Nigeria"	"Ganye"	25	65	90	2950	4890	7840	112933	184856	297789
"2013.03.22"	"Thailand"	"Pattani"	1	0	1	2951	4890	7841	112934	184856	297790
"2013.03.22"	"Iraq"	"Salaheddin"	5	0	5	2956	4890	7846	112939	184856	297795
"2013.03.23"	"Nigeria"	"Dakata"	1	0	1	2957	4890	7847	112940	184856	297796
"2013.03.23"	"Pakistan"	"Miranshah"	22	35	57	2979	4925	7904	112962	184891	297853
"2013.03.23"	"Thailand"	"Pattani"	1	1	2	2980	4926	7906	112963	184892	297855
"2013.03.23"	"Somalia"	"Haraale"	2	3	5	2982	4929	7911	112965	184895	297860
"2013.03.23"	"Somalia"	"Mogadishu"	1	0	1	2983	4929	7912	112966	184895	297861
"2013.03.23"	"Yemen"	"Sanaa"	3	0	3	2986	4929	7915	112969	184895	297864
"2013.03.23"	"Afghanistan"	"Kandahar"	4	2	6	2990	4931	7921	112973	184897	297870
"2013.03.23"	"Egypt"	"Cairo"	0	1	1	2990	4932	7922	112973	184898	297871
"2013.03.23"	"Somalia"	"Bulo Marer"	0	1	1	2990	4933	7923	112973	184899	297872
"2013.03.24"	"USA"	"Ashtabula"	1	0	1	2991	4933	7924	112974	184899	297873
"2013.03.24"	"Iraq"	"Mosul"	12	20	32	3003	4953	7956	112986	184919	297905
"2013.03.24"	"Somalia"	"Mogadishu"	1	0	1	3004	4953	7957	112987	184919	297906
"2013.03.24"	"Mali"	"Gao"	3	0	3	3007	4953	7960	112990	184919	297909
"2013.03.24"	"India"	"Sopore"	1	1	2	3008	4954	7962	112991	184920	297911
"2013.03.24"	"Thailand"	"Narathiwat"	1	1	2	3009	4955	7964	112992	184921	297913
"2013.03.25"	"Thailand"	"Pattani"	1	0	1	3010	4955	7965	112993	184921	297914
"2013.03.25"	"Pakistan"	"Shamsabad"	0	5	5	3010	4960	7970	112993	184926	297919
"2013.03.26"	"Afghanistan"	"Jalalabad"	5	4	9	3015	4964	7979	112998	184930	297928
"2013.03.26"	"Pakistan"	"Karachi"	1	2	3	3016	4966	7982	112999	184932	297931
"2013.03.26"	"Pakistan"	"Shakas"	1	0	1	3017	4966	7983	113000	184932	297932
"2013.03.26"	"Pakistan"	"Kasur"	0	5	5	3017	4971	7988	113000	184937	297937
"2013.03.26"	"Syria"	"Damascus"	3	3	6	3020	4974	7994	113003	184940	297943
"2013.03.26"	"Nigeria"	"Riyom"	36	12	48	3056	4986	8042	113039	184952	297991
"2013.03.26"	"Iraq"	"Tikrit"	3	0	3	3059	4986	8045	113042	184952	297994
"2013.03.27"	"Afghanistan"	"Shinwar"	1	0	1	3060	4986	8046	113043	184952	297995
"2013.03.27"	"Pakistan"	"Gulbahar"	1	1	2	3061	4987	8048	113044	184953	297997
"2013.03.27"	"Lebanon"	"Hasbaya"	1	0	1	3062	4987	8049	113045	184953	297998
"2013.03.27"	"Iraq"	"Baghdad"	4	26	30	3066	5013	8079	113049	184979	298028
"2013.03.28"	"Pakistan"	"Damadola"	2	0	2	3068	5013	8081	113051	184979	298030
"2013.03.28"	"Syria"	"Damascus"	15	30	45	3083	5043	8126	113066	185009	298075
"2013.03.28"	"Thailand"	"Narathiwat"	3	5	8	3086	5048	8134	113069	185014	298083
"2013.03.28"	"Nigeria"	"Barkin Ladi"	9	3	12	3095	5051	8146	113078	185017	298095
"2013.03.29"	"Pakistan"	"Risalpur"	1	0	1	3096	5051	8147	113079	185017	298096
"2013.03.29"	"Pakistan"	"Karachi"	1	0	1	3097	5051	8148	113080	185017	298097
"2013.03.29"	"Iraq"	"Kut"	2	0	2	3099	5051	8150	113082	185017	298099
"2013.03.29"	"Thailand"	"Pattani"	1	1	2	3100	5052	8152	113083	185018	298101
"2013.03.29"	"Syria"	"Aleppo"	1	0	1	3101	5052	8153	113084	185018	298102
"2013.03.29"	"Pakistan"	"Saddar"	12	16	28	3113	5068	8181	113096	185034	298130
"2013.03.29"	"Thailand"	"Narathiwat"	1	14	15	3114	5082	8196	113097	185048	298145
"2013.03.29"	"Nigeria"	"Ratas"	9	0	9	3123	5082	8205	113106	185048	298154
"2013.03.29"	"Iraq"	"Baghdad"	7	25	32	3130	5107	8237	113113	185073	298186
"2013.03.29"	"Iraq"	"Qahira"	4	20	24	3134	5127	8261	113117	185093	298210
"2013.03.29"	"Iraq"	"Zafaraniyah"	3	15	18	3137	5142	8279	113120	185108	298228
"2013.03.29"	"Iraq"	"Binook"	5	14	19	3142	5156	8298	113125	185122	298247
"2013.03.29"	"Iraq"	"Kirkuk"	3	70	73	3145	5226	8371	113128	185192	298320
"2013.03.30"	"Pakistan"	"Mardan"	1	6	7	3146	5232	8378	113129	185198	298327
"2013.03.30"	"Thailand"	"Pattani"	2	4	6	3148	5236	8384	113131	185202	298333
"2013.03.30"	"Pakistan"	"Karachi"	1	8	9	3149	5244	8393	113132	185210	298342
"2013.03.30"	"Israel"	"Samaria"	0	1	1	3149	5245	8394	113132	185211	298343
"2013.03.30"	"Pakistan"	"Tirah Valley"	2	1	3	3151	5246	8397	113134	185212	298346
"2013.03.31"	"Iraq"	"Fallujah"	3	1	4	3154	5247	8401	113137	185213	298350
"2013.03.31"	"Pakistan"	"Gulbahar"	1	0	1	3155	5247	8402	113138	185213	298351
"2013.03.31"	"Iraq"	"Abu Ghraib"	2	11	13	3157	5258	8415	113140	185224	298364
"2013.03.31"	"Bangladesh"	"Rajshahi"	0	50	50	3157	5308	8465	113140	185274	298414
"2013.03.31"	"Mali"	"Asongo"	2	0	2	3159	5308	8467	113142	185274	298416
"2013.03.31"	"Pakistan"	"Wali Noor"	2	6	8	3161	5314	8475	113144	185280	298424
"2013.03.31"	"Pakistan"	"Darsamand"	3	0	3	3164	5314	8478	113147	185280	298427
"2013.03.31"	"Nigeria"	"Ataka"	19	12	31	3183	5326	8509	113166	185292	298458
"2013.04.01"	"Yemen"	"Ghail Bawazir"	1	0	1	3184	5326	8510	113167	185292	298459
"2013.04.01"	"Somalia"	"Mogadishu"	1	0	1	3185	5326	8511	113168	185292	298460
"2013.04.01"	"Iraq"	"Akkas"	3	2	5	3188	5328	8516	113171	185294	298465
"2013.04.01"	"Iraq"	"Tikrit"	11	59	70	3199	5387	8586	113182	185353	298535
"2013.04.01"	"Nigeria"	"Pulka"	1	0	1	3200	5387	8587	113183	185353	298536
"2013.04.01"	"Pakistan"	"Jani Khel"	2	7	9	3202	5394	8596	113185	185360	298545
"2013.04.02"	"Iraq"	"Anbar"	2	2	4	3204	5396	8600	113187	185362	298549
"2013.04.02"	"Iraq"	"Abu Ghraib"	2	2	4	3206	5398	8604	113189	185364	298553
"2013.04.02"	"Ingushetia"	"Sunzhensky"	1	5	6	3207	5403	8610	113190	185369	298559
"2013.04.02"	"Kenya"	"Garissa"	3	0	3	3210	5403	8613	113193	185369	298562
"2013.04.02"	"Pakistan"	"Peshawar"	7	4	11	3217	5407	8624	113200	185373	298573
"2013.04.02"	"Thailand"	"Narathiwat"	1	0	1	3218	5407	8625	113201	185373	298574
"2013.04.02"	"Iraq"	"Baghdad"	2	5	7	3220	5412	8632	113203	185378	298581
"2013.04.02"	"Pakistan"	"Malir"	1	0	1	3221	5412	8633	113204	185378	298582
"2013.04.03"	"Iraq"	"Baghdad"	3	0	3	3224	5412	8636	113207	185378	298585
"2013.04.03"	"Tanzania"	"Tunduma"	2	3	5	3226	5415	8641	113209	185381	298590
"2013.04.03"	"Afghanistan"	"Farah"	53	91	144	3279	5506	8785	113262	185472	298734
"2013.04.03"	"Pakistan"	"Gujranwala"	0	18	18	3279	5524	8803	113262	185490	298752
"2013.04.03"	"Thailand"	"Yala"	1	19	20	3280	5543	8823	113263	185509	298772
"2013.04.03"	"Pakistan"	"Karachi"	4	5	9	3284	5548	8832	113267	185514	298781
"2013.04.03"	"Syria"	"Tel Goran"	1	0	1	3285	5548	8833	113268	185514	298782
"2013.04.04"	"Afghanistan"	"Batikot"	3	2	5	3288	5550	8838	113271	185516	298787
"2013.04.04"	"Somalia"	"Marka"	1	0	1	3289	5550	8839	113272	185516	298788
"2013.04.04"	"Kenya"	"Garissa"	3	24	27	3292	5574	8866	113275	185540	298815
"2013.04.04"	"Pakistan"	"Manga Mandi"	1	0	1	3293	5574	8867	113276	185540	298816
"2013.04.05"	"Pakistan"	"Syedabad"	1	0	1	3294	5574	8868	113277	185540	298817
"2013.04.05"	"Bangladesh"	"Dhaka"	1	0	1	3295	5574	8869	113278	185540	298818
"2013.04.05"	"Afghanistan"	"Alingar"	1	3	4	3296	5577	8873	113279	185543	298822
"2013.04.05"	"Thailand"	"Yala"	2	1	3	3298	5578	8876	113281	185544	298825
"2013.04.05"	"Indonesia"	"Medan"	8	6	14	3306	5584	8890	113289	185550	298839
"2013.04.05"	"Iraq"	"Hillah"	5	15	20	3311	5599	8910	113294	185565	298859
"2013.04.05"	"Pakistan"	"Hayatabad"	1	5	6	3312	5604	8916	113295	185570	298865
"2013.04.06"	"Pakistan"	"Karachi"	1	0	1	3313	5604	8917	113296	185570	298866
"2013.04.06"	"Pakistan"	"Orangi"	1	0	1	3314	5604	8918	113297	185570	298867
"2013.04.06"	"Egypt"	"Khusus"	7	17	24	3321	5621	8942	113304	185587	298891
"2013.04.06"	"Afghanistan"	"Qalat"	6	3	9	3327	5624	8951	113310	185590	298900
"2013.04.06"	"Iraq"	"Baqubah"	22	60	82	3349	5684	9033	113332	185650	298982
"2013.04.06"	"Iraq"	"Samarrah"	3	5	8	3352	5689	9041	113335	185655	298990
"2013.04.06"	"Afghanistan"	"Asadabad"	2	0	2	3354	5689	9043	113337	185655	298992
"2013.04.07"	"Pakistan"	"Mathra"	1	0	1	3355	5689	9044	113338	185655	298993
"2013.04.07"	"Thailand"	"Narathiwat"	2	0	2	3357	5689	9046	113340	185655	298995
"2013.04.07"	"Egypt"	"Cairo"	2	89	91	3359	5778	9137	113342	185744	299086
"2013.04.07"	"Pakistan"	"Taunsa"	1	0	1	3360	5778	9138	113343	185744	299087
"2013.04.07"	"Pakistan"	"Peshawar"	1	1	2	3361	5779	9140	113344	185745	299089
"2013.04.07"	"Iraq"	"Mosul"	4	7	11	3365	5786	9151	113348	185752	299100
"2013.04.07"	"Thailand"	"Yala"	1	0	1	3366	5786	9152	113349	185752	299101
"2013.04.07"	"Nigeria"	"Midlu Shalmi"	14	5	19	3380	5791	9171	113363	185757	299120
"2013.04.07"	"Pakistan"	"Jaffar Tayyar"	1	0	1	3381	5791	9172	113364	185757	299121
"2013.04.08"	"Iraq"	"Abu Ghraib"	4	4	8	3385	5795	9180	113368	185761	299129
"2013.04.08"	"Bangladesh"	"Chittagong"	0	20	20	3385	5815	9200	113368	185781	299149
"2013.04.08"	"Afghanistan"	"Wardak"	9	22	31	3394	5837	9231	113377	185803	299180
"2013.04.08"	"Syria"	"Damascus"	15	53	68	3409	5890	9299	113392	185856	299248
"2013.04.08"	"Somalia"	"Hiran"	1	0	1	3410	5890	9300	113393	185856	299249
"2013.04.08"	"Nigeria"	"Borno"	1	0	1	3411	5890	9301	113394	185856	299250
"2013.04.09"	"Nigeria"	"Gwoza"	3	0	3	3414	5890	9304	113397	185856	299253
"2013.04.09"	"Afghanistan"	"Marjah"	5	4	9	3419	5894	9313	113402	185860	299262
"2013.04.09"	"Pakistan"	"Hayatabad"	0	23	23	3419	5917	9336	113402	185883	299285
"2013.04.09"	"Afghanistan"	"Char Borjak"	4	2	6	3423	5919	9342	113406	185885	299291
"2013.04.09"	"Philippines"	"Ungkaya Pukan"	1	0	1	3424	5919	9343	113407	185885	299292
"2013.04.09"	"India"	"Pulwama"	1	0	1	3425	5919	9344	113408	185885	299293
"2013.04.09"	"Afghanistan"	"Paron"	2	0	2	3427	5919	9346	113410	185885	299295
"2013.04.10"	"India"	"Srinigar"	0	9	9	3427	5928	9355	113410	185894	299304
"2013.04.10"	"Thailand"	"Pattani"	2	6	8	3429	5934	9363	113412	185900	299312
"2013.04.10"	"Pakistan"	"Mardan"	1	1	2	3430	5935	9365	113413	185901	299314
"2013.04.10"	"Pakistan"	"Shahkas"	1	0	1	3431	5935	9366	113414	185901	299315
"2013.04.10"	"Nigeria"	"Dikwa"	4	0	4	3435	5935	9370	113418	185901	299319
"2013.04.10"	"Nigeria"	"Bama"	4	0	4	3439	5935	9374	113422	185901	299323
"2013.04.11"	"Pakistan"	"Sindh"	1	0	1	3440	5935	9375	113423	185901	299324
"2013.04.11"	"Bangladesh"	"Kazirhat"	3	100	103	3443	6035	9478	113426	186001	299427
"2013.04.11"	"Afghanistan"	"Chora"	3	0	3	3446	6035	9481	113429	186001	299430
"2013.04.11"	"Afghanistan"	"Marjah"	1	2	3	3447	6037	9484	113430	186003	299433
"2013.04.11"	"Nigeria"	"Babangida"	4	2	6	3451	6039	9490	113434	186005	299439
"2013.04.11"	"Iraq"	"Fallujah"	2	0	2	3453	6039	9492	113436	186005	299441
"2013.04.11"	"Syria"	"Homs"	20	0	20	3473	6039	9512	113456	186005	299461
"2013.04.11"	"Egypt"	"Khusus"	1	0	1	3474	6039	9513	113457	186005	299462
"2013.04.12"	"Pakistan"	"Mach"	1	0	1	3475	6039	9514	113458	186005	299463
"2013.04.12"	"Pakistan"	"Karachi"	1	0	1	3476	6039	9515	113459	186005	299464
"2013.04.12"	"Dagestan"	"Buinaksk"	1	3	4	3477	6042	9519	113460	186008	299468
"2013.04.12"	"Mali"	"Kidal"	3	0	3	3480	6042	9522	113463	186008	299471
"2013.04.12"	"Thailand"	"Pattani"	1	0	1	3481	6042	9523	113464	186008	299472
"2013.04.12"	"Afghanistan"	"Shiberghan"	1	0	1	3482	6042	9524	113465	186008	299473
"2013.04.12"	"Iraq"	"Mosul"	3	0	3	3485	6042	9527	113468	186008	299476
"2013.04.12"	"Iraq"	"Kanaan"	12	30	42	3497	6072	9569	113480	186038	299518
"2013.04.12"	"Afghanistan"	"Nari"	13	0	13	3510	6072	9582	113493	186038	299531
"2013.04.13"	"Pakistan"	"Matani"	9	19	28	3519	6091	9610	113502	186057	299559
"2013.04.13"	"Yemen"	"Hadramout"	1	0	1	3520	6091	9611	113503	186057	299560
"2013.04.13"	"Pakistan"	"Karachi"	1	0	1	3521	6091	9612	113504	186057	299561
"2013.04.13"	"Nigeria"	"Monguno"	3	0	3	3524	6091	9615	113507	186057	299564
"2013.04.13"	"Somalia"	"Buulodbarde"	1	0	1	3525	6091	9616	113508	186057	299565
"2013.04.13"	"CAR"	"Bangui"	1	0	1	3526	6091	9617	113509	186057	299566
"2013.04.14"	"Pakistan"	"Manglawar"	1	0	1	3527	6091	9618	113510	186057	299567
"2013.04.14"	"Iraq"	"Baji"	1	0	1	3528	6091	9619	113511	186057	299568
"2013.04.14"	"Iraq"	"Shura"	6	14	20	3534	6105	9639	113517	186071	299588
"2013.04.14"	"Iraq"	"Diyala"	4	0	4	3538	6105	9643	113521	186071	299592
"2013.04.14"	"Somalia"	"Mogadishu"	29	58	87	3567	6163	9730	113550	186129	299679
"2013.04.14"	"Somalia"	"Mogadishu"	5	0	5	3572	6163	9735	113555	186129	299684
"2013.04.14"	"Afghanistan"	"Darzab"	2	6	8	3574	6169	9743	113557	186135	299692
"2013.04.14"	"Jordan"	"Amman"	1	0	1	3575	6169	9744	113558	186135	299693
"2013.04.14"	"Pakistan"	"Gulshan-i-Iqbal"	2	0	2	3577	6169	9746	113560	186135	299695
"2013.04.15"	"Iraq"	"Khalis"	1	8	9	3578	6177	9755	113561	186143	299704
"2013.04.15"	"Iraq"	"Kamaliya"	4	13	17	3582	6190	9772	113565	186156	299721
"2013.04.15"	"Iraq"	"Habibiya"	10	12	22	3592	6202	9794	113575	186168	299743
"2013.04.15"	"Iraq"	"Umm al-Maalif"	4	15	19	3596	6217	9813	113579	186183	299762
"2013.04.15"	"Iraq"	"Baghdad"	4	29	33	3600	6246	9846	113583	186212	299795
"2013.04.15"	"Iraq"	"Tuz Khurmatu"	6	67	73	3606	6313	9919	113589	186279	299868
"2013.04.15"	"Iraq"	"Kirkuk"	9	79	88	3615	6392	10007	113598	186358	299956
"2013.04.15"	"Iraq"	"Nasiriyah"	2	14	16	3617	6406	10023	113600	186372	299972
"2013.04.15"	"Iraq"	"Fallujah"	2	14	16	3619	6420	10039	113602	186386	299988
"2013.04.15"	"Iraq"	"Mussayab"	2	13	15	3621	6433	10054	113604	186399	300003
"2013.04.15"	"Afghanistan"	"Mali Zai"	7	4	11	3628	6437	10065	113611	186403	300014
"2013.04.15"	"Pakistan"	"Dera Ismail Khan"	2	3	5	3630	6440	10070	113613	186406	300019
"2013.04.15"	"Pakistan"	"Karachi"	1	0	1	3631	6440	10071	113614	186406	300020
"2013.04.15"	"Pakistan"	"Banjot"	1	0	1	3632	6440	10072	113615	186406	300021
"2013.04.15"	"USA"	"Boston"	3	264	267	3635	6704	10339	113618	186670	300288
"2013.04.16"	"Afghanistan"	"Jawzjan"	2	1	3	3637	6705	10342	113620	186671	300291
"2013.04.16"	"Pakistan"	"Jamaldinwali"	2	0	2	3639	6705	10344	113622	186671	300293
"2013.04.16"	"Pakistan"	"Peshawar"	16	35	51	3655	6740	10395	113638	186706	300344
"2013.04.16"	"Pakistan"	"Syed Gai"	9	8	17	3664	6748	10412	113647	186714	300361
"2013.04.16"	"Afghanistan"	"Mali Zai"	8	0	8	3672	6748	10420	113655	186714	300369
"2013.04.16"	"Pakistan"	"Khuzdar"	3	0	3	3675	6748	10423	113658	186714	300372
"2013.04.16"	"Thailand"	"Pattani"	1	3	4	3676	6751	10427	113659	186717	300376
"2013.04.16"	"Nigeria"	"Kaduna"	2	0	2	3678	6751	10429	113661	186717	300378
"2013.04.17"	"India"	"Bangalore"	0	16	16	3678	6767	10445	113661	186733	300394
"2013.04.17"	"Afghanistan"	"Shindad"	7	4	11	3685	6771	10456	113668	186737	300405
"2013.04.17"	"Afghanistan"	"Qarabagh"	5	0	5	3690	6771	10461	113673	186737	300410
"2013.04.17"	"Afghanistan"	"Laghman"	4	0	4	3694	6771	10465	113677	186737	300414
"2013.04.17"	"Afghanistan"	"Jowzjan"	6	0	6	3700	6771	10471	113683	186737	300420
"2013.04.17"	"Iraq"	"Baghdad"	3	16	19	3703	6787	10490	113686	186753	300439
"2013.04.18"	"Iraq"	"Mosul"	3	5	8	3706	6792	10498	113689	186758	300447
"2013.04.18"	"Pakistan"	"Hyderabad"	1	0	1	3707	6792	10499	113690	186758	300448
"2013.04.18"	"Kenya"	"Garissa"	9	3	12	3716	6795	10511	113699	186761	300460
"2013.04.18"	"Iraq"	"Baghdad"	32	65	97	3748	6860	10608	113731	186826	300557
"2013.04.18"	"Thailand"	"Pattani"	1	0	1	3749	6860	10609	113732	186826	300558
"2013.04.18"	"Pakistan"	"Miranshah"	1	0	1	3750	6860	10610	113733	186826	300559
"2013.04.19"	"Nigeria"	"Gbajimba"	9	0	9	3759	6860	10619	113742	186826	300568
"2013.04.19"	"Nigeria"	"Bui"	3	0	3	3762	6860	10622	113745	186826	300571
"2013.04.19"	"Iraq"	"Khalis"	7	14	21	3769	6874	10643	113752	186840	300592
"2013.04.19"	"Afghanistan"	"Andar"	13	0	13	3782	6874	10656	113765	186840	300605
"2013.04.19"	"Thailand"	"Pattani"	1	0	1	3783	6874	10657	113766	186840	300606
"2013.04.19"	"Iraq"	"Kirkuk"	2	14	16	3785	6888	10673	113768	186854	300622
"2013.04.19"	"Pakistan"	"Khyber Pakhtunkhwa"	3	0	3	3788	6888	10676	113771	186854	300625
"2013.04.19"	"Pakistan"	"Wana"	4	8	12	3792	6896	10688	113775	186862	300637
"2013.04.19"	"Thailand"	"Pattani"	1	0	1	3793	6896	10689	113776	186862	300638
"2013.04.19"	"USA"	"Boston"	1	1	2	3794	6897	10691	113777	186863	300640
"2013.04.20"	"Pakistan"	"Karachi"	2	1	3	3796	6898	10694	113779	186864	300643
"2013.04.20"	"Pakistan"	"Khar"	4	4	8	3800	6902	10702	113783	186868	300651
"2013.04.21"	"Iraq"	"Karrada"	3	13	16	3803	6915	10718	113786	186881	300667
"2013.04.21"	"Pakistan"	"Kharadar"	0	12	12	3803	6927	10730	113786	186893	300679
"2013.04.21"	"Yemen"	"Maareb"	2	1	3	3805	6928	10733	113788	186894	300682
"2013.04.21"	"Pakistan"	"Haider Khel"	4	6	10	3809	6934	10743	113792	186900	300692
"2013.04.21"	"Afghanistan"	"Ghazni"	6	1	7	3815	6935	10750	113798	186901	300699
"2013.04.21"	"Afghanistan"	"Paktika"	3	5	8	3818	6940	10758	113801	186906	300707
"2013.04.21"	"Thailand"	"Pattani"	1	1	2	3819	6941	10760	113802	186907	300709
"2013.04.22"	"Thailand"	"Pattani"	0	2	2	3819	6943	10762	113802	186909	300711
"2013.04.22"	"Iraq"	"Fallujah"	9	24	33	3828	6967	10795	113811	186933	300744
"2013.04.22"	"Afghanistan"	"Aabkamari"	1	0	1	3829	6967	10796	113812	186933	300745
"2013.04.22"	"Turkey"	"Hatay"	3	0	3	3832	6967	10799	113815	186933	300748
"2013.04.23"	"Dagestan"	"Buinaksk"	3	1	4	3835	6968	10803	113818	186934	300752
"2013.04.23"	"Iraq"	"Baghdad"	7	17	24	3842	6985	10827	113825	186951	300776
"2013.04.23"	"Thailand"	"Narathiwat"	3	0	3	3845	6985	10830	113828	186951	300779
"2013.04.23"	"France"	"Paris"	0	2	2	3845	6987	10832	113828	186953	300781
"2013.04.23"	"Iraq"	"Muqdadiya"	9	25	34	3854	7012	10866	113837	186978	300815
"2013.04.23"	"Pakistan"	"Karachi"	3	30	33	3857	7042	10899	113840	187008	300848
"2013.04.23"	"Pakistan"	"Quetta"	6	47	53	3863	7089	10952	113846	187055	300901
"2013.04.23"	"Iraq"	"Tikrit"	6	11	17	3869	7100	10969	113852	187066	300918
"2013.04.23"	"China"	"Xinjiang"	15	11	26	3884	7111	10995	113867	187077	300944
"2013.04.24"	"Afghanistan"	"Karak"	2	0	2	3886	7111	10997	113869	187077	300946
"2013.04.24"	"Iraq"	"Baghdad"	8	23	31	3894	7134	11028	113877	187100	300977
"2013.04.25"	"Afghanistan"	"Kunduz"	6	0	6	3900	7134	11034	113883	187100	300983
"2013.04.25"	"Bangladesh"	"Satkania"	1	12	13	3901	7146	11047	113884	187112	300996
"2013.04.25"	"Iraq"	"Najaf"	4	22	26	3905	7168	11073	113888	187134	301022
"2013.04.25"	"Pakistan"	"Safora Goth"	1	0	1	3906	7168	11074	113889	187134	301023
"2013.04.25"	"Nigeria"	"Gashua"	11	17	28	3917	7185	11102	113900	187151	301051
"2013.04.25"	"Pakistan"	"Karachi"	6	13	19	3923	7198	11121	113906	187164	301070
"2013.04.25"	"Pakistan"	"Quetta"	1	1	2	3924	7199	11123	113907	187165	301072
"2013.04.25"	"Somalia"	"Mogadishu"	1	0	1	3925	7199	11124	113908	187165	301073
"2013.04.26"	"Iraq"	"Baghdad"	8	36	44	3933	7235	11168	113916	187201	301117
"2013.04.26"	"India"	"Haigam"	4	0	4	3937	7235	11172	113920	187201	301121
"2013.04.26"	"Afghanistan"	"Kandahar"	45	10	55	3982	7245	11227	113965	187211	301176
"2013.04.26"	"Pakistan"	"Karachi"	11	45	56	3993	7290	11283	113976	187256	301232
"2013.04.26"	"Syria"	"Damascus"	4	12	16	3997	7302	11299	113980	187268	301248
"2013.04.26"	"Iraq"	"Tikrit"	5	0	5	4002	7302	11304	113985	187268	301253
"2013.04.26"	"Iraq"	"Baghdad"	7	13	20	4009	7315	11324	113992	187281	301273
"2013.04.26"	"Iraq"	"Sadr City"	5	19	24	4014	7334	11348	113997	187300	301297
"2013.04.26"	"Iraq"	"Mahmoudiya"	3	4	7	4017	7338	11355	114000	187304	301304
"2013.04.27"	"Pakistan"	"Karachi"	2	10	12	4019	7348	11367	114002	187314	301316
"2013.04.27"	"Thailand"	"Pattani"	1	2	3	4020	7350	11370	114003	187316	301319
"2013.04.27"	"Pakistan"	"Karachi"	1	1	2	4021	7351	11372	114004	187317	301321
"2013.04.27"	"Yemen"	"Radda"	6	0	6	4027	7351	11378	114010	187317	301327
"2013.04.28"	"Philippines"	"Ubit"	2	0	2	4029	7351	11380	114012	187317	301329
"2013.04.28"	"Pakistan"	"Swabi"	2	16	18	4031	7367	11398	114014	187333	301347
"2013.04.28"	"Bangladesh"	"Umarpur"	3	50	53	4034	7417	11451	114017	187383	301400
"2013.04.28"	"Afghanistan"	"Ghazni"	3	2	5	4037	7419	11456	114020	187385	301405
"2013.04.28"	"Pakistan"	"Kohat"	6	10	16	4043	7429	11472	114026	187395	301421
"2013.04.28"	"Pakistan"	"Peshawar"	3	12	15	4046	7441	11487	114029	187407	301436
"2013.04.28"	"Pakistan"	"Parachinar"	1	3	4	4047	7444	11491	114030	187410	301440
"2013.04.28"	"Algeria"	"Tipaza"	3	0	3	4050	7444	11494	114033	187410	301443
"2013.04.28"	"Bangladesh"	"Bakhrabaj"	1	0	1	4051	7444	11495	114034	187410	301444
"2013.04.29"	"Pakistan"	"Adamkot"	3	0	3	4054	7444	11498	114037	187410	301447
"2013.04.29"	"Syria"	"Damascus"	6	0	6	4060	7444	11504	114043	187410	301453
"2013.04.29"	"Iraq"	"Amarah"	18	42	60	4078	7486	11564	114061	187452	301513
"2013.04.29"	"Iraq"	"Diwaniyah"	9	23	32	4087	7509	11596	114070	187475	301545
"2013.04.29"	"Iraq"	"Karbala"	3	14	17	4090	7523	11613	114073	187489	301562
"2013.04.29"	"Iraq"	"Mahmoudiya"	6	14	20	4096	7537	11633	114079	187503	301582
"2013.04.29"	"Pakistan"	"Peshawar"	9	60	69	4105	7597	11702	114088	187563	301651
"2013.04.29"	"Syria"	"Nubbol"	20	0	20	4125	7597	11722	114108	187563	301671
"2013.04.29"	"Pakistan"	"Charsadda"	1	15	16	4126	7612	11738	114109	187578	301687
"2013.04.29"	"Nigeria"	"Ringim"	5	0	5	4131	7612	11743	114114	187578	301692
"2013.04.30"	"Jordan"	"Amman"	1	0	1	4132	7612	11744	114115	187578	301693
"2013.04.30"	"Syria"	"Marjeh"	14	103	117	4146	7715	11861	114129	187681	301810
"2013.04.30"	"Israel"	"Tapuah"	1	0	1	4147	7715	11862	114130	187681	301811
"2013.04.30"	"Iraq"	"Baghdad"	4	20	24	4151	7735	11886	114134	187701	301835
"2013.04.30"	"Iraq"	"Sulaiman Beg"	2	5	7	4153	7740	11893	114136	187706	301842
"2013.04.30"	"Pakistan"	"Karachi"	2	0	2	4155	7740	11895	114138	187706	301844
"2013.04.30"	"Tunisia"	"Mount Chaambi"	0	6	6	4155	7746	11901	114138	187712	301850
"2013.05.01"	"Syria"	"Damascus"	1	15	16	4156	7761	11917	114139	187727	301866
"2013.05.01"	"Iraq"	"Hussainya"	4	12	16	4160	7773	11933	114143	187739	301882
"2013.05.01"	"Iraq"	"Garma"	6	15	21	4166	7788	11954	114149	187754	301903
"2013.05.01"	"Iraq"	"Baji"	5	0	5	4171	7788	11959	114154	187754	301908
"2013.05.01"	"Iraq"	"Ramadi"	2	10	12	4173	7798	11971	114156	187764	301920
"2013.05.01"	"Iraq"	"Baquba"	3	11	14	4176	7809	11985	114159	187775	301934
"2013.05.01"	"Pakistan"	"Karachi"	2	0	2	4178	7809	11987	114161	187775	301936
"2013.05.01"	"Afghanistan"	"Gereshk"	3	4	7	4181	7813	11994	114164	187779	301943
"2013.05.01"	"Nigeria"	"Gashua"	7	0	7	4188	7813	12001	114171	187779	301950
"2013.05.01"	"Dagestan"	"Makhachkala"	2	2	4	4190	7815	12005	114173	187781	301954
"2013.05.02"	"Syria"	"Bayda"	51	0	51	4241	7815	12056	114224	187781	302005
"2013.05.02"	"Egypt"	"Qattawiya"	1	0	1	4242	7815	12057	114225	187781	302006
"2013.05.02"	"Iraq"	"Albu Faraj"	1	4	5	4243	7819	12062	114226	187785	302011
"2013.05.02"	"Afghanistan"	"Pula-i- Alam"	8	0	8	4251	7819	12070	114234	187785	302019
"2013.05.02"	"Thailand"	"Pattani"	6	0	6	4257	7819	12076	114240	187785	302025
"2013.05.02"	"Pakistan"	"Manghopir"	2	2	4	4259	7821	12080	114242	187787	302029
"2013.05.02"	"Afghanistan"	"Barg-e-Matal"	1	0	1	4260	7821	12081	114243	187787	302030
"2013.05.03"	"Pakistan"	"Islamabad"	1	0	1	4261	7821	12082	114244	187787	302031
"2013.05.03"	"Iraq"	"Baghdad"	7	30	37	4268	7851	12119	114251	187817	302068
"2013.05.03"	"Pakistan"	"Karachi"	2	0	2	4270	7851	12121	114253	187817	302070
"2013.05.03"	"Syria"	"Banias"	145	0	145	4415	7851	12266	114398	187817	302215
"2013.05.04"	"Thailand"	"Pattani"	1	0	1	4416	7851	12267	114399	187817	302216
"2013.05.04"	"Thailand"	"Narathiwat"	1	0	1	4417	7851	12268	114400	187817	302217
"2013.05.04"	"Nigeria"	"Ngamdu"	4	0	4	4421	7851	12272	114404	187817	302221
"2013.05.04"	"Afghanistan"	"Farah"	2	0	2	4423	7851	12274	114406	187817	302223
"2013.05.04"	"Pakistan"	"Karachi"	3	40	43	4426	7891	12317	114409	187857	302266
"2013.05.04"	"Mali"	"Gao"	2	4	6	4428	7895	12323	114411	187861	302272
"2013.05.05"	"Egypt"	"al-Arish"	1	0	1	4429	7895	12324	114412	187861	302273
"2013.05.05"	"Afghanistan"	"Korghan"	4	5	9	4433	7900	12333	114416	187866	302282
"2013.05.05"	"Bangladesh"	"Dhaka"	4	24	28	4437	7924	12361	114420	187890	302310
"2013.05.05"	"Somalia"	"Buulo Sheekh"	2	0	2	4439	7924	12363	114422	187890	302312
"2013.05.05"	"Pakistan"	"Orangi"	5	0	5	4444	7924	12368	114427	187890	302317
"2013.05.05"	"Thailand"	"Narathiwat"	2	3	5	4446	7927	12373	114429	187893	302322
"2013.05.05"	"Iraq"	"Jamiyah"	3	13	16	4449	7940	12389	114432	187906	302338
"2013.05.05"	"Somalia"	"Mogadishu"	11	20	31	4460	7960	12420	114443	187926	302369
"2013.05.05"	"Tanzania"	"Arusha"	3	57	60	4463	8017	12480	114446	187983	302429
"2013.05.05"	"Nigeria"	"Njilan"	10	0	10	4473	8017	12490	114456	187983	302439
"2013.05.05"	"Iraq"	"Mahmoudiya"	2	0	2	4475	8017	12492	114458	187983	302441
"2013.05.05"	"Iraq"	"Baghdad"	1	6	7	4476	8023	12499	114459	187989	302448
"2013.05.05"	"Pakistan"	"Sibi"	4	7	11	4480	8030	12510	114463	187996	302459
"2013.05.06"	"Iraq"	"Baghdad"	6	13	19	4486	8043	12529	114469	188009	302478
"2013.05.06"	"Iraq"	"Mosul"	5	0	5	4491	8043	12534	114474	188009	302483
"2013.05.06"	"Bangladesh"	"Kanchpur"	4	0	4	4495	8043	12538	114478	188009	302487
"2013.05.06"	"Bangladesh"	"Motijheel"	1	0	1	4496	8043	12539	114479	188009	302488
"2013.05.06"	"Philippines"	"Basilan"	2	0	2	4498	8043	12541	114481	188009	302490
"2013.05.06"	"Pakistan"	"Peshawar"	25	64	89	4523	8107	12630	114506	188073	302579
"2013.05.06"	"Thailand"	"Narathiwat"	1	0	1	4524	8107	12631	114507	188073	302580
"2013.05.06"	"Iraq"	"Baghdad"	7	26	33	4531	8133	12664	114514	188099	302613
"2013.05.06"	"Syria"	"al-Quasair"	20	0	20	4551	8133	12684	114534	188099	302633
"2013.05.07"	"Algeria"	"Keddara"	2	0	2	4553	8133	12686	114536	188099	302635
"2013.05.07"	"Pakistan"	"Lower Dir"	5	0	5	4558	8133	12691	114541	188099	302640
"2013.05.07"	"Pakistan"	"Upper Dir"	1	3	4	4559	8136	12695	114542	188102	302644
"2013.05.07"	"Nigeria"	"Bama"	14	0	14	4573	8136	12709	114556	188102	302658
"2013.05.07"	"Nigeria"	"Bama"	26	0	26	4599	8136	12735	114582	188102	302684
"2013.05.07"	"Pakistan"	"Korangi"	2	0	2	4601	8136	12737	114584	188102	302686
"2013.05.07"	"Afghanistan"	"Ghazni"	4	1	5	4605	8137	12742	114588	188103	302691
"2013.05.07"	"France"	"Roussillon"	0	1	1	4605	8138	12743	114588	188104	302692
"2013.05.07"	"Pakistan"	"Hangu"	12	35	47	4617	8173	12790	114600	188139	302739
"2013.05.07"	"Thailand"	"Pattani"	1	0	1	4618	8173	12791	114601	188139	302740
"2013.05.07"	"Nigeria"	"Bale"	1	0	1	4619	8173	12792	114602	188139	302741
"2013.05.08"	"Pakistan"	"Hangu"	2	18	20	4621	8191	12812	114604	188157	302761
"2013.05.08"	"Thailand"	"Narathiwat"	1	1	2	4622	8192	12814	114605	188158	302763
"2013.05.08"	"Iraq"	"Mosul"	1	4	5	4623	8196	12819	114606	188162	302768
"2013.05.08"	"Iraq"	"Fallujah"	3	2	5	4626	8198	12824	114609	188164	302773
"2013.05.08"	"Afghanistan"	"Kandahar"	3	0	3	4629	8198	12827	114612	188164	302776
"2013.05.08"	"Yemen"	"Lahij"	3	0	3	4632	8198	12830	114615	188164	302779
"2013.05.08"	"Pakistan"	"Bannu"	2	23	25	4634	8221	12855	114617	188187	302804
"2013.05.08"	"Iraq"	"Salaheddin"	1	1	2	4635	8222	12857	114618	188188	302806
"2013.05.08"	"Iraq"	"Kirkuk"	2	49	51	4637	8271	12908	114620	188237	302857
"2013.05.08"	"Iraq"	"Abu Ghraib"	2	3	5	4639	8274	12913	114622	188240	302862
"2013.05.09"	"Iraq"	"Hawija"	1	11	12	4640	8285	12925	114623	188251	302874
"2013.05.09"	"Iraq"	"Baghdad"	3	2	5	4643	8287	12930	114626	188253	302879
"2013.05.09"	"Pakistan"	"Torghar"	6	10	16	4649	8297	12946	114632	188263	302895
"2013.05.09"	"Egypt"	"Cairo"	0	1	1	4649	8298	12947	114632	188264	302896
"2013.05.09"	"Yemen"	"Lahij"	1	0	1	4650	8298	12948	114633	188264	302897
"2013.05.09"	"Pakistan"	"Multan"	1	8	9	4651	8306	12957	114634	188272	302906
"2013.05.09"	"Pakistan"	"Karachi"	1	0	1	4652	8306	12958	114635	188272	302907
"2013.05.10"	"Pakistan"	"Karachi"	1	0	1	4653	8306	12959	114636	188272	302908
"2013.05.10"	"Iraq"	"al-Dhera"	1	5	6	4654	8311	12965	114637	188277	302914
"2013.05.10"	"India"	"Rajpora"	1	0	1	4655	8311	12966	114638	188277	302915
"2013.05.10"	"Pakistan"	"Kurram"	3	0	3	4658	8311	12969	114641	188277	302918
"2013.05.10"	"Iraq"	"Mahaweel"	3	7	10	4661	8318	12979	114644	188284	302928
"2013.05.10"	"India"	"Pulwama"	1	0	1	4662	8318	12980	114645	188284	302929
"2013.05.10"	"India"	"Lassipora"	1	0	1	4663	8318	12981	114646	188284	302930
"2013.05.10"	"Pakistan"	"Miranshah"	4	21	25	4667	8339	13006	114650	188305	302955
"2013.05.11"	"Kenya"	"Mandera"	2	4	6	4669	8343	13012	114652	188309	302961
"2013.05.11"	"Afghanistan"	"Nuristan"	1	0	1	4670	8343	13013	114653	188309	302962
"2013.05.11"	"Pakistan"	"Manghopir"	2	3	5	4672	8346	13018	114655	188312	302967
"2013.05.11"	"Pakistan"	"Karachi"	11	40	51	4683	8386	13069	114666	188352	303018
"2013.05.11"	"Pakistan"	"Peshawar"	1	10	11	4684	8396	13080	114667	188362	303029
"2013.05.11"	"Iraq"	"Nineveh"	3	21	24	4687	8417	13104	114670	188383	303053
"2013.05.11"	"Iraq"	"Shurqat"	3	19	22	4690	8436	13126	114673	188402	303075
"2013.05.11"	"Pakistan"	"Panj Khata"	1	35	36	4691	8471	13162	114674	188437	303111
"2013.05.12"	"Iraq"	"Mishahada"	3	0	3	4694	8471	13165	114677	188437	303114
"2013.05.12"	"Iraq"	"Baghdad"	4	0	4	4698	8471	13169	114681	188437	303118
"2013.05.12"	"Iraq"	"Mosul"	5	0	5	4703	8471	13174	114686	188437	303123
"2013.05.12"	"Pakistan"	"Quetta"	8	97	105	4711	8568	13279	114694	188534	303228
"2013.05.12"	"Iraq"	"Basra"	1	0	1	4712	8568	13280	114695	188534	303229
"2013.05.12"	"Pakistan"	"Muslim Colony"	1	0	1	4713	8568	13281	114696	188534	303230
"2013.05.13"	"Iraq"	"Ramadi"	3	7	10	4716	8575	13291	114699	188541	303240
"2013.05.13"	"Afghanistan"	"Paktika"	5	7	12	4721	8582	13303	114704	188548	303252
"2013.05.13"	"Afghanistan"	"Arghistan"	10	12	22	4731	8594	13325	114714	188560	303274
"2013.05.13"	"Libya"	"Benghazi"	15	41	56	4746	8635	13381	114729	188601	303330
"2013.05.13"	"Afghanistan"	"Helmand"	3	0	3	4749	8635	13384	114732	188601	303333
"2013.05.13"	"Pakistan"	"Bara"	1	8	9	4750	8643	13393	114733	188609	303342
"2013.05.14"	"Afghanistan"	"Garmsir"	3	7	10	4753	8650	13403	114736	188616	303352
"2013.05.14"	"Iraq"	"Baghdad"	12	0	12	4765	8650	13415	114748	188616	303364
"2013.05.14"	"Iraq"	"Mosul"	1	14	15	4766	8664	13430	114749	188630	303379
"2013.05.14"	"Iraq"	"Fallujah"	2	0	2	4768	8664	13432	114751	188630	303381
"2013.05.14"	"Syria"	"Deir al-Zor"	11	0	11	4779	8664	13443	114762	188630	303392
"2013.05.14"	"Syria"	"Raqqa"	3	0	3	4782	8664	13446	114765	188630	303395
"2013.05.15"	"Nigeria"	"Maiduguri"	1	0	1	4783	8664	13447	114766	188630	303396
"2013.05.15"	"Iraq"	"Kirkuk"	12	23	35	4795	8687	13482	114778	188653	303431
"2013.05.15"	"Iraq"	"Mosul"	2	0	2	4797	8687	13484	114780	188653	303433
"2013.05.15"	"Iraq"	"Abu Ghraib"	2	0	2	4799	8687	13486	114782	188653	303435
"2013.05.15"	"Iraq"	"Kadhimiya"	2	9	11	4801	8696	13497	114784	188662	303446
"2013.05.15"	"Iraq"	"Sadr City"	7	33	40	4808	8729	13537	114791	188695	303486
"2013.05.15"	"Iraq"	"Baghdad"	14	68	82	4822	8797	13619	114805	188763	303568
"2013.05.15"	"Thailand"	"Pattani"	1	0	1	4823	8797	13620	114806	188763	303569
"2013.05.16"	"Pakistan"	"Matani"	5	6	11	4828	8803	13631	114811	188769	303580
"2013.05.16"	"Pakistan"	"Mingora"	2	1	3	4830	8804	13634	114813	188770	303583
"2013.05.16"	"Iraq"	"Kirkuk"	12	18	30	4842	8822	13664	114825	188788	303613
"2013.05.16"	"Pakistan"	"Peshawar"	2	0	2	4844	8822	13666	114827	188788	303615
"2013.05.16"	"Iraq"	"Kamaliya"	3	14	17	4847	8836	13683	114830	188802	303632
"2013.05.16"	"Afghanistan"	"Kabul"	15	40	55	4862	8876	13738	114845	188842	303687
"2013.05.16"	"Iraq"	"Sadr City"	9	16	25	4871	8892	13763	114854	188858	303712
"2013.05.16"	"Somalia"	"Gof Gadud"	5	10	15	4876	8902	13778	114859	188868	303727
"2013.05.17"	"Pakistan"	"Mianwali"	2	0	2	4878	8902	13780	114861	188868	303729
"2013.05.17"	"Yemen"	"Mukalla"	1	0	1	4879	8902	13781	114862	188868	303730
"2013.05.17"	"Egypt"	"Alexandria"	1	3	4	4880	8905	13785	114863	188871	303734
"2013.05.17"	"Iraq"	"Fallujah"	2	8	10	4882	8913	13795	114865	188879	303744
"2013.05.17"	"Iraq"	"Madain"	8	25	33	4890	8938	13828	114873	188904	303777
"2013.05.17"	"Iraq"	"Baqubah"	43	57	100	4933	8995	13928	114916	188961	303877
"2013.05.17"	"Afghanistan"	"Kandahar"	9	70	79	4942	9065	14007	114925	189031	303956
"2013.05.17"	"Pakistan"	"Baz Darrah"	21	120	141	4963	9185	14148	114946	189151	304097
"2013.05.17"	"Iraq"	"Baghdad"	22	57	79	4985	9242	14227	114968	189208	304176
"2013.05.18"	"Syria"	"Damascus"	3	5	8	4988	9247	14235	114971	189213	304184
"2013.05.18"	"India"	"Kupwara"	1	0	1	4989	9247	14236	114972	189213	304185
"2013.05.18"	"Iraq"	"Latifiya"	5	10	15	4994	9257	14251	114977	189223	304200
"2013.05.18"	"Afghanistan"	"Bakwa"	4	0	4	4998	9257	14255	114981	189223	304204
"2013.05.18"	"Afghanistan"	"Khak-e-Safid"	1	0	1	4999	9257	14256	114982	189223	304205
"2013.05.18"	"Iraq"	"Garma"	4	0	4	5003	9257	14260	114986	189223	304209
"2013.05.18"	"Thailand"	"Narathiwat"	1	4	5	5004	9261	14265	114987	189227	304214
"2013.05.18"	"Iraq"	"Baghdad"	5	0	5	5009	9261	14270	114992	189227	304219
"2013.05.18"	"Iraq"	"Basra"	1	0	1	5010	9261	14271	114993	189227	304220
"2013.05.19"	"Iraq"	"Baqubah"	2	0	2	5012	9261	14273	114995	189227	304222
"2013.05.19"	"Iraq"	"Baghdad"	2	5	7	5014	9266	14280	114997	189232	304229
"2013.05.19"	"Iraq"	"Haditha"	8	0	8	5022	9266	14288	115005	189232	304237
"2013.05.19"	"Pakistan"	"Khushpur"	1	3	4	5023	9269	14292	115006	189235	304241
"2013.05.19"	"Lebanon"	"Tripoli"	2	6	8	5025	9275	14300	115008	189241	304249
"2013.05.19"	"Tunisia"	"Tunis"	0	11	11	5025	9286	14311	115008	189252	304260
"2013.05.19"	"Afghanistan"	"Moqor"	6	4	10	5031	9290	14321	115014	189256	304270
"2013.05.19"	"Iraq"	"Rawa"	3	2	5	5034	9292	14326	115017	189258	304275
"2013.05.19"	"Pakistan"	"Basya Khel"	1	5	6	5035	9297	14332	115018	189263	304281
"2013.05.19"	"Egypt"	"Cairo"	3	0	3	5038	9297	14335	115021	189263	304284
"2013.05.20"	"Pakistan"	"Tank"	1	0	1	5039	9297	14336	115022	189263	304285
"2013.05.20"	"Afghanistan"	"Baghlan"	14	11	25	5053	9308	14361	115036	189274	304310
"2013.05.20"	"Iraq"	"Anbar"	13	0	13	5066	9308	14374	115049	189274	304323
"2013.05.20"	"Pakistan"	"Bajour"	1	0	1	5067	9308	14375	115050	189274	304324
"2013.05.20"	"Iraq"	"Samarrah"	8	15	23	5075	9323	14398	115058	189289	304347
"2013.05.20"	"Iraq"	"Baghdad"	12	20	32	5087	9343	14430	115070	189309	304379
"2013.05.20"	"Dagestan"	"Makhachkala"	4	44	48	5091	9387	14478	115074	189353	304427
"2013.05.20"	"Iraq"	"Hillah"	9	26	35	5100	9413	14513	115083	189379	304462
"2013.05.20"	"Iraq"	"Basra"	13	40	53	5113	9453	14566	115096	189419	304515
"2013.05.20"	"Iraq"	"Balad"	14	13	27	5127	9466	14593	115110	189432	304542
"2013.05.20"	"Iraq"	"Tikrit"	2	1	3	5129	9467	14596	115112	189433	304545
"2013.05.20"	"Iraq"	"Baghdad"	34	126	160	5163	9593	14756	115146	189559	304705
"2013.05.21"	"Afghanistan"	"Kandahar"	2	5	7	5165	9598	14763	115148	189564	304712
"2013.05.21"	"Dagestan"	"Buinaksk"	1	1	2	5166	9599	14765	115149	189565	304714
"2013.05.21"	"Pakistan"	"Dargai"	2	7	9	5168	9606	14774	115151	189572	304723
"2013.05.21"	"Pakistan"	"Pirabad"	2	0	2	5170	9606	14776	115153	189572	304725
"2013.05.21"	"Pakistan"	"Quetta"	1	0	1	5171	9606	14777	115154	189572	304726
"2013.05.21"	"Iraq"	"Abu Ghraib"	11	21	32	5182	9627	14809	115165	189593	304758
"2013.05.21"	"Lebanon"	"Tripoli"	11	70	81	5193	9697	14890	115176	189663	304839
"2013.05.21"	"Pakistan"	"Dargai"	1	0	1	5194	9697	14891	115177	189663	304840
"2013.05.21"	"Iraq"	"Tarmiyah"	3	7	10	5197	9704	14901	115180	189670	304850
"2013.05.21"	"Iraq"	"Baghdad"	6	18	24	5203	9722	14925	115186	189688	304874
"2013.05.21"	"Iraq"	"Kirkuk"	5	46	51	5208	9768	14976	115191	189734	304925
"2013.05.21"	"Afghanistan"	"Herat"	7	0	7	5215	9768	14983	115198	189734	304932
"2013.05.22"	"Pakistan"	"Karachi"	1	0	1	5216	9768	14984	115199	189734	304933
"2013.05.22"	"Pakistan"	"Sheikh Nala"	1	3	4	5217	9771	14988	115200	189737	304937
"2013.05.22"	"Iraq"	"Baghdad"	12	0	12	5229	9771	15000	115212	189737	304949
"2013.05.22"	"England"	"London"	1	0	1	5230	9771	15001	115213	189737	304950
"2013.05.22"	"Afghanistan"	"Moqur"	4	14	18	5234	9785	15019	115217	189751	304968
"2013.05.22"	"Afghanistan"	"Helmand"	1	3	4	5235	9788	15023	115218	189754	304972
"2013.05.22"	"Thailand"	"Narathiwat"	1	0	1	5236	9788	15024	115219	189754	304973
"2013.05.22"	"Kenya"	"Garissa"	2	0	2	5238	9788	15026	115221	189754	304975
"2013.05.22"	"Pakistan"	"Golimar"	1	0	1	5239	9788	15027	115222	189754	304976
"2013.05.22"	"Afghanistan"	"Ghazni"	1	5	6	5240	9793	15033	115223	189759	304982
"2013.05.23"	"Dagestan"	"Karabudakhkent"	2	0	2	5242	9793	15035	115225	189759	304984
"2013.05.23"	"Pakistan"	"Sibi"	5	2	7	5247	9795	15042	115230	189761	304991
"2013.05.23"	"Somalia"	"Beledweyne"	3	0	3	5250	9795	15045	115233	189761	304994
"2013.05.23"	"Egypt"	"Luxor"	3	0	3	5253	9795	15048	115236	189761	304997
"2013.05.23"	"Pakistan"	"Karachi"	1	0	1	5254	9795	15049	115237	189761	304998
"2013.05.23"	"Iraq"	"Taji"	4	5	9	5258	9800	15058	115241	189766	305007
"2013.05.23"	"Niger"	"Agadez"	20	16	36	5278	9816	15094	115261	189782	305043
"2013.05.23"	"Niger"	"Arlit"	1	13	14	5279	9829	15108	115262	189795	305057
"2013.05.23"	"Pakistan"	"Quetta"	13	16	29	5292	9845	15137	115275	189811	305086
"2013.05.24"	"Afghanistan"	"Andar"	4	0	4	5296	9845	15141	115279	189811	305090
"2013.05.24"	"India"	"Tral"	3	0	3	5299	9845	15144	115282	189811	305093
"2013.05.24"	"Thailand"	"Pattani"	5	1	6	5304	9846	15150	115287	189812	305099
"2013.05.24"	"Pakistan"	"Peshawar"	2	3	5	5306	9849	15155	115289	189815	305104
"2013.05.24"	"Pakistan"	"Mattani"	6	4	10	5312	9853	15165	115295	189819	305114
"2013.05.24"	"Pakistan"	"Landi Kotal"	1	1	2	5313	9854	15167	115296	189820	305116
"2013.05.24"	"Yemen"	"al-Thalib"	2	0	2	5315	9854	15169	115298	189820	305118
"2013.05.24"	"Afghanistan"	"Kabul"	4	4	8	5319	9858	15177	115302	189824	305126
"2013.05.24"	"Pakistan"	"Quetta"	1	0	1	5320	9858	15178	115303	189824	305127
"2013.05.24"	"Saudi Arabia"	"Taif"	1	0	1	5321	9858	15179	115304	189824	305128
"2013.05.24"	"Nigeria"	"Gwoza"	2	0	2	5323	9858	15181	115306	189824	305130
"2013.05.24"	"Nigeria"	"Borno"	1	0	1	5324	9858	15182	115307	189824	305131
"2013.05.25"	"Somalia"	"Baidoa"	1	14	15	5325	9872	15197	115308	189838	305146
"2013.05.25"	"Iraq"	"Samarrah"	7	21	28	5332	9893	15225	115315	189859	305174
"2013.05.25"	"France"	"Paris"	0	1	1	5332	9894	15226	115315	189860	305175
"2013.05.25"	"Thailand"	"Pattani"	1	0	1	5333	9894	15227	115316	189860	305176
"2013.05.25"	"Pakistan"	"Orangi"	0	2	2	5333	9896	15229	115316	189862	305178
"2013.05.25"	"Yemen"	"Hadramawt"	2	2	4	5335	9898	15233	115318	189864	305182
"2013.05.25"	"Dagestan"	"Makhachkala"	1	14	15	5336	9912	15248	115319	189878	305197
"2013.05.26"	"Iraq"	"Baghdad"	1	0	1	5337	9912	15249	115320	189878	305198
"2013.05.26"	"Kenya"	"Abdisugow"	6	2	8	5343	9914	15257	115326	189880	305206
"2013.05.26"	"Iraq"	"Baghdad"	3	2	5	5346	9916	15262	115329	189882	305211
"2013.05.26"	"Afghanistan"	"Zherook"	2	0	2	5348	9916	15264	115331	189882	305213
"2013.05.26"	"Pakistan"	"Bannu"	6	6	12	5354	9922	15276	115337	189888	305225
"2013.05.26"	"Thailand"	"Pattani"	1	0	1	5355	9922	15277	115338	189888	305226
"2013.05.26"	"Thailand"	"Pattani"	1	0	1	5356	9922	15278	115339	189888	305227
"2013.05.26"	"Iraq"	"Mosul"	5	21	26	5361	9943	15304	115344	189909	305253
"2013.05.26"	"Syria"	"Damascus"	6	15	21	5367	9958	15325	115350	189924	305274
"2013.05.26"	"Turkey"	"Ankara"	0	1	1	5367	9959	15326	115350	189925	305275
"2013.05.26"	"Egypt"	"Cairo"	1	0	1	5368	9959	15327	115351	189925	305276
"2013.05.27"	"Pakistan"	"Bannu"	1	0	1	5369	9959	15328	115352	189925	305277
"2013.05.27"	"Pakistan"	"Shangla"	5	0	5	5374	9959	15333	115357	189925	305282
"2013.05.27"	"Iraq"	"Madain"	3	9	12	5377	9968	15345	115360	189934	305294
"2013.05.27"	"Iraq"	"Tikrit"	2	3	5	5379	9971	15350	115362	189937	305299
"2013.05.27"	"Iraq"	"Sadr City"	13	35	48	5392	10006	15398	115375	189972	305347
"2013.05.27"	"Iraq"	"al-Maalif"	6	12	18	5398	10018	15416	115381	189984	305365
"2013.05.27"	"Iraq"	"Baghdad"	5	14	19	5403	10032	15435	115386	189998	305384
"2013.05.27"	"Iraq"	"Sabi al-Boor"	8	26	34	5411	10058	15469	115394	190024	305418
"2013.05.27"	"Iraq"	"Kazimiyah"	4	11	15	5415	10069	15484	115398	190035	305433
"2013.05.27"	"Iraq"	"Shaab"	4	9	13	5419	10078	15497	115402	190044	305446
"2013.05.27"	"Iraq"	"Hurriyah"	5	14	19	5424	10092	15516	115407	190058	305465
"2013.05.27"	"Iraq"	"Bayaa"	6	16	22	5430	10108	15538	115413	190074	305487
"2013.05.27"	"Iraq"	"Sadria"	3	11	14	5433	10119	15552	115416	190085	305501
"2013.05.27"	"Iraq"	"Jisr Diyala"	5	12	17	5438	10131	15569	115421	190097	305518
"2013.05.27"	"Iraq"	"Baladiyat"	4	11	15	5442	10142	15584	115425	190108	305533
"2013.05.27"	"Iraq"	"Khalis"	1	2	3	5443	10144	15587	115426	190110	305536
"2013.05.27"	"Lebanon"	"Hermel"	3	1	4	5446	10145	15591	115429	190111	305540
"2013.05.27"	"Thailand"	"Pattani"	1	3	4	5447	10148	15595	115430	190114	305544
"2013.05.27"	"Pakistan"	"Karachi"	1	0	1	5448	10148	15596	115431	190114	305545
"2013.05.27"	"Pakistan"	"Orangi"	1	0	1	5449	10148	15597	115432	190114	305546
"2013.05.28"	"Afghanistan"	"Arghistan"	7	1	8	5456	10149	15605	115439	190115	305554
"2013.05.28"	"Afghanistan"	"Baghlan"	5	0	5	5461	10149	15610	115444	190115	305559
"2013.05.28"	"Iraq"	"Tarmiyah"	4	8	12	5465	10157	15622	115448	190123	305571
"2013.05.28"	"Iraq"	"Sadr City"	5	26	31	5470	10183	15653	115453	190149	305602
"2013.05.28"	"Libya"	"Benghazi"	1	3	4	5471	10186	15657	115454	190152	305606
"2013.05.28"	"Iraq"	"Tikrit"	3	2	5	5474	10188	15662	115457	190154	305611
"2013.05.28"	"Iraq"	"Mosul"	11	2	13	5485	10190	15675	115468	190156	305624
"2013.05.28"	"Pakistan"	"Peshawar"	2	17	19	5487	10207	15694	115470	190173	305643
"2013.05.28"	"Pakistan"	"Karachi"	1	0	1	5488	10207	15695	115471	190173	305644
"2013.05.28"	"Thailand"	"Pattani"	2	0	2	5490	10207	15697	115473	190173	305646
"2013.05.28"	"Thailand"	"Narathiwat"	1	0	1	5491	10207	15698	115474	190173	305647
"2013.05.28"	"Pakistan"	"Karachi"	3	0	3	5494	10207	15701	115477	190173	305650
"2013.05.28"	"Pakistan"	"Badbher"	1	1	2	5495	10208	15703	115478	190174	305652
"2013.05.28"	"Pakistan"	"Swat"	1	5	6	5496	10213	15709	115479	190179	305658
"2013.05.28"	"Bahrain"	"Bani Jamra"	0	7	7	5496	10220	15716	115479	190186	305665
"2013.05.29"	"Afghanistan"	"Panjshir"	1	0	1	5497	10220	15717	115480	190186	305666
"2013.05.29"	"Libya"	"Benghazi"	3	3	6	5500	10223	15723	115483	190189	305672
"2013.05.29"	"Afghanistan"	"Jalalabad"	1	1	2	5501	10224	15725	115484	190190	305674
"2013.05.29"	"Iraq"	"Baqubah"	7	11	18	5508	10235	15743	115491	190201	305692
"2013.05.29"	"Iraq"	"Baghdad"	16	42	58	5524	10277	15801	115507	190243	305750
"2013.05.29"	"Iraq"	"Baghdad"	9	15	24	5533	10292	15825	115516	190258	305774
"2013.05.29"	"Pakistan"	"Karachi"	2	0	2	5535	10292	15827	115518	190258	305776
"2013.05.29"	"Iraq"	"Baghdad"	12	31	43	5547	10323	15870	115530	190289	305819
"2013.05.30"	"Thailand"	"Narathiwat"	1	4	5	5548	10327	15875	115531	190293	305824
"2013.05.30"	"Pakistan"	"Turbat"	1	0	1	5549	10327	15876	115532	190293	305825
"2013.05.30"	"Iraq"	"Binouk"	5	20	25	5554	10347	15901	115537	190313	305850
"2013.05.30"	"Iraq"	"Shaab"	6	17	23	5560	10364	15924	115543	190330	305873
"2013.05.30"	"Iraq"	"Azamiyah"	4	14	18	5564	10378	15942	115547	190344	305891
"2013.05.30"	"Iraq"	"Karrada"	3	16	19	5567	10394	15961	115550	190360	305910
"2013.05.30"	"Iraq"	"Tal Afar"	4	8	12	5571	10402	15973	115554	190368	305922
"2013.05.30"	"Iraq"	"Baghdad"	3	8	11	5574	10410	15984	115557	190376	305933
"2013.05.30"	"Iraq"	"Baghdad"	3	6	9	5577	10416	15993	115560	190382	305942
"2013.05.30"	"Iraq"	"Mosul"	3	0	3	5580	10416	15996	115563	190382	305945
"2013.05.31"	"Pakistan"	"Karachi"	2	0	2	5582	10416	15998	115565	190382	305947
"2013.05.31"	"Pakistan"	"Nazimabad"	3	0	3	5585	10416	16001	115568	190382	305950
"2013.05.31"	"Pakistan"	"Peshawar"	1	0	1	5586	10416	16002	115569	190382	305951
"2013.05.31"	"Iraq"	"Baghdad"	4	11	15	5590	10427	16017	115573	190393	305966
"2013.05.31"	"Myanmar"	"Selayang"	2	0	2	5592	10427	16019	115575	190393	305968
"2013.05.31"	"Nigeria"	"Benue"	17	12	29	5609	10439	16048	115592	190405	305997
"2013.06.01"	"Afghanistan"	"Uruzgan"	4	0	4	5613	10439	16052	115596	190405	306001
"2013.06.01"	"Pakistan"	"Pastawana"	1	0	1	5614	10439	16053	115597	190405	306002
"2013.06.01"	"Afghanistan"	"Barkhol"	3	11	14	5617	10450	16067	115600	190416	306016
"2013.06.01"	"Pakistan"	"Karachi"	1	0	1	5618	10450	16068	115601	190416	306017
"2013.06.01"	"Thailand"	"Pattani"	1	0	1	5619	10450	16069	115602	190416	306018
"2013.06.01"	"Thailand"	"Narathiwat"	1	6	7	5620	10456	16076	115603	190422	306025
"2013.06.01"	"Yemen"	"Hadramawt"	1	0	1	5621	10456	16077	115604	190422	306026
"2013.06.01"	"Afghanistan"	"Khost"	3	3	6	5624	10459	16083	115607	190425	306032
"2013.06.01"	"Niger"	"Niamey"	4	10	14	5628	10469	16097	115611	190435	306046
"2013.06.02"	"Syria"	"Damascus"	9	0	9	5637	10469	16106	115620	190435	306055
"2013.06.02"	"Syria"	"Jouber"	3	3	6	5640	10472	16112	115623	190438	306061
"2013.06.02"	"Pakistan"	"Sanghar"	1	0	1	5641	10472	16113	115624	190438	306062
"2013.06.02"	"Pakistan"	"Sukkor"	1	0	1	5642	10472	16114	115625	190438	306063
"2013.06.02"	"Iraq"	"al-Rutba"	3	0	3	5645	10472	16117	115628	190438	306066
"2013.06.02"	"Afghanistan"	"Kamdesh"	4	4	8	5649	10476	16125	115632	190442	306074
"2013.06.02"	"Yemen"	"Shabwa"	9	5	14	5658	10481	16139	115641	190447	306088
"2013.06.02"	"Tanzania"	"Geita"	0	1	1	5658	10482	16140	115641	190448	306089
"2013.06.03"	"Kenya"	"Liboi"	2	0	2	5660	10482	16142	115643	190448	306091
"2013.06.03"	"Pakistan"	"Garhi Habib Ullah"	1	0	1	5661	10482	16143	115644	190448	306092
"2013.06.03"	"Afghanistan"	"Laghman"	7	0	7	5668	10482	16150	115651	190448	306099
"2013.06.03"	"Pakistan"	"Tank"	1	1	2	5669	10483	16152	115652	190449	306101
"2013.06.03"	"Thailand"	"Pattani"	1	0	1	5670	10483	16153	115653	190449	306102
"2013.06.03"	"Afghanistan"	"Samkani"	12	15	27	5682	10498	16180	115665	190464	306129
"2013.06.03"	"Lebanon"	"Tripoli"	4	21	25	5686	10519	16205	115669	190485	306154
"2013.06.04"	"Algeria"	"Djelfa"	5	0	5	5691	10519	16210	115674	190485	306159
"2013.06.04"	"Afghanistan"	"Helmand"	3	3	6	5694	10522	16216	115677	190488	306165
"2013.06.04"	"Iraq"	"Hillah"	1	0	1	5695	10522	16217	115678	190488	306166
"2013.06.04"	"Pakistan"	"Khairpur"	1	0	1	5696	10522	16218	115679	190488	306167
"2013.06.04"	"Afghanistan"	"Farah"	4	1	5	5700	10523	16223	115683	190489	306172
"2013.06.04"	"Pakistan"	"Islamabad"	1	0	1	5701	10523	16224	115684	190489	306173
"2013.06.05"	"Malaysia"	"Kuala Lumpur"	4	2	6	5705	10525	16230	115688	190491	306179
"2013.06.05"	"Iraq"	"Nukhaib"	14	0	14	5719	10525	16244	115702	190491	306193
"2013.06.06"	"Iraq"	"Taji"	7	12	19	5726	10537	16263	115709	190503	306212
"2013.06.06"	"Tunisia"	"Mount Chaambi"	2	2	4	5728	10539	16267	115711	190505	306216
"2013.06.06"	"Pakistan"	"Quetta"	2	0	2	5730	10539	16269	115713	190505	306218
"2013.06.06"	"Afghanistan"	"Sar-e Pol"	1	15	16	5731	10554	16285	115714	190520	306234
"2013.06.06"	"Iraq"	"Nahrawan"	4	22	26	5735	10576	16311	115718	190542	306260
"2013.06.06"	"Iraq"	"Bayaa"	3	11	14	5738	10587	16325	115721	190553	306274
"2013.06.06"	"Pakistan"	"Peshawar"	3	1	4	5741	10588	16329	115724	190554	306278
"2013.06.06"	"Afghanistan"	"Nawzad"	7	9	16	5748	10597	16345	115731	190563	306294
"2013.06.06"	"Bangladesh"	"Bolakipur"	0	5	5	5748	10602	16350	115731	190568	306299
"2013.06.07"	"Pakistan"	"Badhaber"	1	0	1	5749	10602	16351	115732	190568	306300
"2013.06.07"	"Pakistan"	"Karachi"	1	0	1	5750	10602	16352	115733	190568	306301
"2013.06.07"	"Thailand"	"Yala"	1	0	1	5751	10602	16353	115734	190568	306302
"2013.06.07"	"Iraq"	"Ramadi"	8	8	16	5759	10610	16369	115742	190576	306318
"2013.06.07"	"Iraq"	"Muqdadiyah"	12	45	57	5771	10655	16426	115754	190621	306375
"2013.06.07"	"Pakistan"	"Bahawal"	0	1	1	5771	10656	16427	115754	190622	306376
"2013.06.07"	"Somalia"	"Jamaame"	1	0	1	5772	10656	16428	115755	190622	306377
"2013.06.08"	"Afghanistan"	"Kunduz"	1	0	1	5773	10656	16429	115756	190622	306378
"2013.06.08"	"Nigeria"	"Maiduguri"	13	5	18	5786	10661	16447	115769	190627	306396
"2013.06.08"	"Syria"	"Homs"	8	10	18	5794	10671	16465	115777	190637	306414
"2013.06.08"	"Afghanistan"	"Paktika"	3	0	3	5797	10671	16468	115780	190637	306417
"2013.06.08"	"Iraq"	"Baghdad"	5	20	25	5802	10691	16493	115785	190657	306442
"2013.06.08"	"Somalia"	"Mogadishu"	2	2	4	5804	10693	16497	115787	190659	306446
"2013.06.09"	"Pakistan"	"Lyari"	2	0	2	5806	10693	16499	115789	190659	306448
"2013.06.09"	"Iraq"	"Baghdad"	7	22	29	5813	10715	16528	115796	190681	306477
"2013.06.09"	"Pakistan"	"Razmak"	3	4	7	5816	10719	16535	115799	190685	306484
"2013.06.09"	"Egypt"	"al-Arish"	1	0	1	5817	10719	16536	115800	190685	306485
"2013.06.09"	"Syria"	"Aleppo"	1	0	1	5818	10719	16537	115801	190685	306486
"2013.06.09"	"Kenya"	"Mombasa"	0	17	17	5818	10736	16554	115801	190702	306503
"2013.06.09"	"Lebanon"	"Beirut"	1	0	1	5819	10736	16555	115802	190702	306504
"2013.06.09"	"Afghanistan"	"Kandahar"	2	0	2	5821	10736	16557	115804	190702	306506
"2013.06.10"	"Iraq"	"Tuz Khromato"	3	38	41	5824	10774	16598	115807	190740	306547
"2013.06.10"	"Lebanon"	"Hermel"	1	0	1	5825	10774	16599	115808	190740	306548
"2013.06.10"	"Iraq"	"Mosul"	24	114	138	5849	10888	16737	115832	190854	306686
"2013.06.10"	"Iraq"	"Sadr City"	4	12	16	5853	10900	16753	115836	190866	306702
"2013.06.10"	"Iraq"	"Madaen"	3	10	13	5856	10910	16766	115839	190876	306715
"2013.06.10"	"Iraq"	"Kirkuk"	1	14	15	5857	10924	16781	115840	190890	306730
"2013.06.10"	"Iraq"	"Kirkuk"	3	12	15	5860	10936	16796	115843	190902	306745
"2013.06.10"	"Iraq"	"Taji"	7	25	32	5867	10961	16828	115850	190927	306777
"2013.06.10"	"Iraq"	"Jidaidat al-Shatt"	15	46	61	5882	11007	16889	115865	190973	306838
"2013.06.10"	"Pakistan"	"Orangi"	1	0	1	5883	11007	16890	115866	190973	306839
"2013.06.10"	"Pakistan"	"Nazimabad"	2	0	2	5885	11007	16892	115868	190973	306841
"2013.06.10"	"Iraq"	"Baqubah"	7	0	7	5892	11007	16899	115875	190973	306848
"2013.06.10"	"Thailand"	"Narathiwat"	1	0	1	5893	11007	16900	115876	190973	306849
"2013.06.10"	"Pakistan"	"Jamrud"	6	0	6	5899	11007	16906	115882	190973	306855
"2013.06.10"	"Afghanistan"	"Qalat"	2	18	20	5901	11025	16926	115884	190991	306875
"2013.06.11"	"Pakistan"	"Peshawar"	2	1	3	5903	11026	16929	115886	190992	306878
"2013.06.11"	"Afghanistan"	"Kabul"	17	39	56	5920	11065	16985	115903	191031	306934
"2013.06.11"	"Iraq"	"Diyala"	3	0	3	5923	11065	16988	115906	191031	306937
"2013.06.11"	"Iraq"	"Mosul"	6	0	6	5929	11065	16994	115912	191031	306943
"2013.06.11"	"Syria"	"Damascus"	14	31	45	5943	11096	17039	115926	191062	306988
"2013.06.11"	"Pakistan"	"Karachi"	1	2	3	5944	11098	17042	115927	191064	306991
"2013.06.11"	"Syria"	"Hatla"	30	0	30	5974	11098	17072	115957	191064	307021
"2013.06.11"	"Dagestan"	"Novolak"	2	2	4	5976	11100	17076	115959	191066	307025
"2013.06.11"	"Pakistan"	"Sheikhupura"	1	0	1	5977	11100	17077	115960	191066	307026
"2013.06.12"	"Afghanistan"	"Sangin"	2	15	17	5979	11115	17094	115962	191081	307043
"2013.06.12"	"Thailand"	"Pattani"	1	0	1	5980	11115	17095	115963	191081	307044
"2013.06.12"	"Thailand"	"Pattani"	1	0	1	5981	11115	17096	115964	191081	307045
"2013.06.12"	"Thailand"	"Narathiwat"	1	0	1	5982	11115	17097	115965	191081	307046
"2013.06.13"	"Pakistan"	"Karachi"	1	0	1	5983	11115	17098	115966	191081	307047
"2013.06.13"	"Afghanistan"	"Sar-i-pul"	1	0	1	5984	11115	17099	115967	191081	307048
"2013.06.13"	"Afghanistan"	"Jaghato"	2	2	4	5986	11117	17103	115969	191083	307052
"2013.06.13"	"Afghanistan"	"Helmand"	6	0	6	5992	11117	17109	115975	191083	307058
"2013.06.14"	"Iraq"	"Mosul"	1	0	1	5993	11117	17110	115976	191083	307059
"2013.06.14"	"Afghanistan"	"Khost"	8	0	8	6001	11117	17118	115984	191083	307067
"2013.06.15"	"Nigeria"	"Hwaa"	1	0	1	6002	11117	17119	115985	191083	307068
"2013.06.15"	"Libya"	"Benghazi"	6	11	17	6008	11128	17136	115991	191094	307085
"2013.06.15"	"Iraq"	"al-Ashraf"	2	40	42	6010	11168	17178	115993	191134	307127
"2013.06.15"	"Pakistan"	"Quetta"	25	19	44	6035	11187	17222	116018	191153	307171
"2013.06.16"	"Iraq"	"Basra"	6	9	15	6041	11196	17237	116024	191162	307186
"2013.06.16"	"Iraq"	"Mosul"	6	5	11	6047	11201	17248	116030	191167	307197
"2013.06.16"	"Iraq"	"Baghdad"	11	25	36	6058	11226	17284	116041	191192	307233
"2013.06.16"	"Iraq"	"Madaen"	5	10	15	6063	11236	17299	116046	191202	307248
"2013.06.16"	"Pakistan"	"Karachi"	3	0	3	6066	11236	17302	116049	191202	307251
"2013.06.16"	"Lebanon"	"Wadi Refeq"	4	0	4	6070	11236	17306	116053	191202	307255
"2013.06.16"	"Pakistan"	"Swabi"	2	0	2	6072	11236	17308	116055	191202	307257
"2013.06.16"	"Nigeria"	"Damaturu"	9	4	13	6081	11240	17321	116064	191206	307270
"2013.06.16"	"Iraq"	"Kut"	6	15	21	6087	11255	17342	116070	191221	307291
"2013.06.16"	"Iraq"	"Kut"	5	12	17	6092	11267	17359	116075	191233	307308
"2013.06.16"	"Iraq"	"Nasiriyah"	2	35	37	6094	11302	17396	116077	191268	307345
"2013.06.16"	"Iraq"	"Najaf"	8	28	36	6102	11330	17432	116085	191296	307381
"2013.06.17"	"Thailand"	"Yala"	1	0	1	6103	11330	17433	116086	191296	307382
"2013.06.17"	"Iraq"	"Jabla"	3	1	4	6106	11331	17437	116089	191297	307386
"2013.06.17"	"Syria"	"Damascus"	60	10	70	6166	11341	17507	116149	191307	307456
"2013.06.17"	"Afghanistan"	"Kabul"	3	2	5	6169	11343	17512	116152	191309	307461
"2013.06.17"	"Pakistan"	"Killa Saifullah"	3	0	3	6172	11343	17515	116155	191309	307464
"2013.06.17"	"Iraq"	"Taji"	2	11	13	6174	11354	17528	116157	191320	307477
"2013.06.17"	"Iraq"	"Fallujah"	3	21	24	6177	11375	17552	116160	191341	307501
"2013.06.17"	"Iraq"	"Taji"	7	25	32	6184	11400	17584	116167	191366	307533
"2013.06.18"	"Nigeria"	"Alau Dam"	13	0	13	6197	11400	17597	116180	191366	307546
"2013.06.18"	"Iraq"	"Baghdad"	37	57	94	6234	11457	17691	116217	191423	307640
"2013.06.18"	"Pakistan"	"Mardan"	35	61	96	6269	11518	17787	116252	191484	307736
"2013.06.18"	"Afghanistan"	"Kabul"	3	24	27	6272	11542	17814	116255	191508	307763
"2013.06.18"	"Pakistan"	"North Waziristan"	2	0	2	6274	11542	17816	116257	191508	307765
"2013.06.18"	"Egypt"	"Assiut"	2	16	18	6276	11558	17834	116259	191524	307783
"2013.06.18"	"Nigeria"	"Bakin Rijiya"	1	0	1	6277	11558	17835	116260	191524	307784
"2013.06.19"	"Pakistan"	"Karachi"	1	0	1	6278	11558	17836	116261	191524	307785
"2013.06.19"	"Yemen"	"Saada"	2	11	13	6280	11569	17849	116263	191535	307798
"2013.06.19"	"Pakistan"	"Green Town"	1	0	1	6281	11569	17850	116264	191535	307799
"2013.06.19"	"Somalia"	"Mogadishu"	22	20	42	6303	11589	17892	116286	191555	307841
"2013.06.19"	"Iraq"	"Ninevah"	5	6	11	6308	11595	17903	116291	191561	307852
"2013.06.20"	"Iraq"	"Ramadi"	7	7	14	6315	11602	17917	116298	191568	307866
"2013.06.20"	"Iraq"	"Tikrit"	2	0	2	6317	11602	17919	116300	191568	307868
"2013.06.20"	"Pakistan"	"Karachi"	2	0	2	6319	11602	17921	116302	191568	307870
"2013.06.21"	"Iraq"	"Baghdad"	2	9	11	6321	11611	17932	116304	191577	307881
"2013.06.21"	"Pakistan"	"Peshawar"	15	28	43	6336	11639	17975	116319	191605	307924
"2013.06.22"	"Iraq"	"Tikrit"	4	4	8	6340	11643	17983	116323	191609	307932
"2013.06.22"	"Iraq"	"Anbar"	5	0	5	6345	11643	17988	116328	191609	307937
"2013.06.22"	"Afghanistan"	"Kunduz"	2	0	2	6347	11643	17990	116330	191609	307939
"2013.06.22"	"Pakistan"	"Toba Tek Singh"	5	0	5	6352	11643	17995	116335	191609	307944
"2013.06.22"	"Pakistan"	"Chamarkand"	2	0	2	6354	11643	17997	116337	191609	307946
"2013.06.22"	"Thailand"	"Pattani"	2	2	4	6356	11645	18001	116339	191611	307950
"2013.06.22"	"India"	"Srinagar"	2	0	2	6358	11645	18003	116341	191611	307952
"2013.06.22"	"Iraq"	"Sab al-Bor"	14	32	46	6372	11677	18049	116355	191643	307998
"2013.06.22"	"Iraq"	"Tuz Khurmatu"	3	1	4	6375	11678	18053	116358	191644	308002
"2013.06.22"	"Iraq"	"Mosul"	4	15	19	6379	11693	18072	116362	191659	308021
"2013.06.23"	"Pakistan"	"Gilgit"	3	0	3	6382	11693	18075	116365	191659	308024
"2013.06.23"	"Pakistan"	"Karachi"	2	0	2	6384	11693	18077	116367	191659	308026
"2013.06.23"	"Egypt"	"Zawiyat"	4	0	4	6388	11693	18081	116371	191659	308030
"2013.06.23"	"Lebanon"	"Sidon"	6	0	6	6394	11693	18087	116377	191659	308036
"2013.06.23"	"Syria"	"Idlib"	1	0	1	6395	11693	18088	116378	191659	308037
"2013.06.23"	"Iraq"	"Baghdad"	3	9	12	6398	11702	18100	116381	191668	308049
"2013.06.23"	"Pakistan"	"Nanga Parbat"	11	0	11	6409	11702	18111	116392	191668	308060
"2013.06.23"	"Iraq"	"Riyadh"	3	14	17	6412	11716	18128	116395	191682	308077
"2013.06.23"	"Iraq"	"Tuz Khurmatu"	19	31	50	6431	11747	18178	116414	191713	308127
"2013.06.23"	"Syria"	"Damascus"	3	10	13	6434	11757	18191	116417	191723	308140
"2013.06.23"	"Dagestan"	"Kohabrosso"	0	3	3	6434	11760	18194	116417	191726	308143
"2013.06.24"	"Afghanistan"	"Deh-Sabz"	7	3	10	6441	11763	18204	116424	191729	308153
"2013.06.24"	"Iraq"	"Baghdad"	1	2	3	6442	11765	18207	116425	191731	308156
"2013.06.24"	"Iraq"	"Husseiniya"	10	30	40	6452	11795	18247	116435	191761	308196
"2013.06.24"	"Iraq"	"Jihad"	9	21	30	6461	11816	18277	116444	191782	308226
"2013.06.24"	"Iraq"	"Baghdad"	5	16	21	6466	11832	18298	116449	191798	308247
"2013.06.24"	"Iraq"	"Nahrawan"	4	15	19	6470	11847	18317	116453	191813	308266
"2013.06.24"	"Iraq"	"Baghdad"	11	37	48	6481	11884	18365	116464	191850	308314
"2013.06.24"	"Iraq"	"Mosul"	2	7	9	6483	11891	18374	116466	191857	308323
"2013.06.24"	"Iraq"	"Tikrit"	3	5	8	6486	11896	18382	116469	191862	308331
"2013.06.24"	"Pakistan"	"Khyber Pakhtunkhwa"	2	0	2	6488	11896	18384	116471	191862	308333
"2013.06.24"	"Pakistan"	"Karachi"	1	0	1	6489	11896	18385	116472	191862	308334
"2013.06.24"	"Pakistan"	"Karachi"	1	0	1	6490	11896	18386	116473	191862	308335
"2013.06.24"	"India"	"Srinagar"	8	11	19	6498	11907	18405	116481	191873	308354
"2013.06.24"	"Pakistan"	"Madurai"	1	0	1	6499	11907	18406	116482	191873	308355
"2013.06.25"	"Pakistan"	"Karachi"	1	0	1	6500	11907	18407	116483	191873	308356
"2013.06.25"	"Iraq"	"Tuz Khurmato"	27	80	107	6527	11987	18514	116510	191953	308463
"2013.06.25"	"Iraq"	"Iskandariya"	5	13	18	6532	12000	18532	116515	191966	308481
"2013.06.25"	"Iraq"	"Baqubah"	8	18	26	6540	12018	18558	116523	191984	308507
"2013.06.25"	"Iraq"	"Baghdad"	4	15	19	6544	12033	18577	116527	191999	308526
"2013.06.25"	"Pakistan"	"Peshawar"	1	0	1	6545	12033	18578	116528	191999	308527
"2013.06.25"	"Lebanon"	"Sirte"	6	0	6	6551	12033	18584	116534	191999	308533
"2013.06.25"	"Afghanistan"	"Kabul"	3	4	7	6554	12037	18591	116537	192003	308540
"2013.06.25"	"Afghanistan"	"Kandahar"	10	3	13	6564	12040	18604	116547	192006	308553
"2013.06.25"	"Iraq"	"Baghdad"	0	2	2	6564	12042	18606	116547	192008	308555
"2013.06.25"	"Iraq"	"Baghdad"	2	2	4	6566	12044	18610	116549	192010	308559
"2013.06.26"	"Iraq"	"Kirkuk"	3	0	3	6569	12044	18613	116552	192010	308562
"2013.06.26"	"Iraq"	"Kirkuk"	1	1	2	6570	12045	18615	116553	192011	308564
"2013.06.26"	"Iraq"	"Mosul"	4	3	7	6574	12048	18622	116557	192014	308571
"2013.06.26"	"Iraq"	"Baghdad"	10	16	26	6584	12064	18648	116567	192030	308597
"2013.06.26"	"India"	"Sopore"	1	0	1	6585	12064	18649	116568	192030	308598
"2013.06.26"	"Nigeria"	"Langtang"	33	0	33	6618	12064	18682	116601	192030	308631
"2013.06.26"	"Pakistan"	"Karachi"	12	14	26	6630	12078	18708	116613	192044	308657
"2013.06.26"	"Lebanon"	"Beirut"	0	20	20	6630	12098	18728	116613	192064	308677
"2013.06.26"	"Libya"	"Benghazi"	1	0	1	6631	12098	18729	116614	192064	308678
"2013.06.26"	"Thailand"	"Pattani"	1	5	6	6632	12103	18735	116615	192069	308684
"2013.06.26"	"Pakistan"	"Janaikhel"	3	0	3	6635	12103	18738	116618	192069	308687
"2013.06.26"	"Pakistan"	"Hayatabad"	1	4	5	6636	12107	18743	116619	192073	308692
"2013.06.26"	"Afghanistan"	"Herat"	5	0	5	6641	12107	18748	116624	192073	308697
"2013.06.26"	"China"	"Lukqun"	24	21	45	6665	12128	18793	116648	192094	308742
"2013.06.27"	"Iraq"	"Baghdad"	8	40	48	6673	12168	18841	116656	192134	308790
"2013.06.27"	"Iraq"	"Baghdad"	1	0	1	6674	12168	18842	116657	192134	308791
"2013.06.27"	"Iraq"	"Meseib"	6	12	18	6680	12180	18860	116663	192146	308809
"2013.06.27"	"Iraq"	"Madaen"	1	6	7	6681	12186	18867	116664	192152	308816
"2013.06.27"	"Iraq"	"Baqubah"	10	35	45	6691	12221	18912	116674	192187	308861
"2013.06.27"	"Pakistan"	"Karachi"	1	0	1	6692	12221	18913	116675	192187	308862
"2013.06.27"	"Syria"	"Idlib"	2	0	2	6694	12221	18915	116677	192187	308864
"2013.06.27"	"Syria"	"Damascus"	4	8	12	6698	12229	18927	116681	192195	308876
"2013.06.27"	"Syria"	"Qatana"	1	0	1	6699	12229	18928	116682	192195	308877
"2013.06.28"	"Thailand"	"Songkhla"	2	7	9	6701	12236	18937	116684	192202	308886
"2013.06.28"	"Thailand"	"Narathiwat"	1	0	1	6702	12236	18938	116685	192202	308887
"2013.06.28"	"Afghanistan"	"Laghman"	5	1	6	6707	12237	18944	116690	192203	308893
"2013.06.28"	"Thailand"	"Yala"	1	1	2	6708	12238	18946	116691	192204	308895
"2013.06.28"	"Iraq"	"Zangoura"	11	19	30	6719	12257	18976	116702	192223	308925
"2013.06.28"	"Iraq"	"Dujail"	4	12	16	6723	12269	18992	116706	192235	308941
"2013.06.28"	"Iraq"	"Madain"	4	15	19	6727	12284	19011	116710	192250	308960
"2013.06.28"	"Iraq"	"Baghdad"	3	0	3	6730	12284	19014	116713	192250	308963
"2013.06.28"	"Afghanistan"	"Farah"	2	2	4	6732	12286	19018	116715	192252	308967
"2013.06.29"	"Iraq"	"Qayara"	3	5	8	6735	12291	19026	116718	192257	308975
"2013.06.29"	"Afghanistan"	"Zabul"	3	2	5	6738	12293	19031	116721	192259	308980
"2013.06.29"	"Nigeria"	"Borno"	15	10	25	6753	12303	19056	116736	192269	309005
"2013.06.29"	"Nigeria"	"Potiskum"	1	3	4	6754	12306	19060	116737	192272	309009
"2013.06.29"	"Chechnya"	"Shatoi"	1	14	15	6755	12320	19075	116738	192286	309024
"2013.06.29"	"Egypt"	"Sinai"	1	0	1	6756	12320	19076	116739	192286	309025
"2013.06.29"	"Nigeria"	"Mugunu"	10	0	10	6766	12320	19086	116749	192286	309035
"2013.06.29"	"Thailand"	"Yala"	8	4	12	6774	12324	19098	116757	192290	309047
"2013.06.29"	"Iraq"	"Abu Ghraib"	4	12	16	6778	12336	19114	116761	192302	309063
"2013.06.29"	"Iraq"	"Garma"	3	0	3	6781	12336	19117	116764	192302	309066
"2013.06.30"	"Iraq"	"Dawr"	1	0	1	6782	12336	19118	116765	192302	309067
"2013.06.30"	"Iraq"	"Baghdad"	12	25	37	6794	12361	19155	116777	192327	309104
"2013.06.30"	"Pakistan"	"Peshawar"	17	47	64	6811	12408	19219	116794	192374	309168
"2013.06.30"	"Pakistan"	"Quetta"	30	60	90	6841	12468	19309	116824	192434	309258
"2013.06.30"	"Pakistan"	"Dera Islmail Khan"	4	15	19	6845	12483	19328	116828	192449	309277
"2013.06.30"	"Thailand"	"Pattani"	1	0	1	6846	12483	19329	116829	192449	309278
"2013.06.30"	"Pakistan"	"Miranshah"	7	16	23	6853	12499	19352	116836	192465	309301
"2013.06.30"	"Iraq"	"Hillah"	2	2	4	6855	12501	19356	116838	192467	309305
"2013.06.30"	"Pakistan"	"Karachi"	1	0	1	6856	12501	19357	116839	192467	309306
"2013.06.30"	"China"	"Atush"	1	0	1	6857	12501	19358	116840	192467	309307
"2013.07.01"	"Egypt"	"Muqattam"	8	0	8	6865	12501	19366	116848	192467	309315
"2013.07.01"	"Syria"	"Qamishli"	1	3	4	6866	12504	19370	116849	192470	309319
"2013.07.01"	"Pakistan"	"Pishtakhara"	2	0	2	6868	12504	19372	116851	192470	309321
"2013.07.01"	"Iraq"	"Muqdadiyah"	23	27	50	6891	12531	19422	116874	192497	309371
"2013.07.01"	"Iraq"	"Baqubah"	10	22	32	6901	12553	19454	116884	192519	309403
"2013.07.01"	"India"	"Pulwama"	1	0	1	6902	12553	19455	116885	192519	309404
"2013.07.01"	"Pakistan"	"Punjab"	1	0	1	6903	12553	19456	116886	192519	309405
"2013.07.01"	"Iraq"	"Mishahada"	8	0	8	6911	12553	19464	116894	192519	309413
"2013.07.01"	"Afghanistan"	"Nahrin"	4	0	4	6915	12553	19468	116898	192519	309417
"2013.07.01"	"Pakistan"	"Madurai"	1	0	1	6916	12553	19469	116899	192519	309418
"2013.07.02"	"Afghanistan"	"Kabul"	7	5	12	6923	12558	19481	116906	192524	309430
"2013.07.02"	"Nigeria"	"Borno"	1	0	1	6924	12558	19482	116907	192524	309431
"2013.07.02"	"Iraq"	"Baghdad"	9	24	33	6933	12582	19515	116916	192548	309464
"2013.07.02"	"Iraq"	"Baghdad"	12	38	50	6945	12620	19565	116928	192586	309514
"2013.07.02"	"Iraq"	"Kamaliya"	5	16	21	6950	12636	19586	116933	192602	309535
"2013.07.02"	"Iraq"	"Dora"	4	15	19	6954	12651	19605	116937	192617	309554
"2013.07.02"	"Iraq"	"Amiriyah"	2	12	14	6956	12663	19619	116939	192629	309568
"2013.07.02"	"Iraq"	"Hurriyah"	3	13	16	6959	12676	19635	116942	192642	309584
"2013.07.02"	"Iraq"	"Abu Ghraib"	3	6	9	6962	12682	19644	116945	192648	309593
"2013.07.02"	"Iraq"	"Baghdad"	1	0	1	6963	12682	19645	116946	192648	309594
"2013.07.02"	"Iraq"	"Baqubah"	4	17	21	6967	12699	19666	116950	192665	309615
"2013.07.02"	"Iraq"	"Baqubah"	4	0	4	6971	12699	19670	116954	192665	309619
"2013.07.03"	"Iraq"	"Mosul"	4	12	16	6975	12711	19686	116958	192677	309635
"2013.07.03"	"Iraq"	"Mosul"	1	12	13	6976	12723	19699	116959	192689	309648
"2013.07.03"	"Iraq"	"Mushahda"	2	5	7	6978	12728	19706	116961	192694	309655
"2013.07.04"	"Pakistan"	"Bowia"	5	3	8	6983	12731	19714	116966	192697	309663
"2013.07.04"	"Iraq"	"Zafaraniyah"	2	0	2	6985	12731	19716	116968	192697	309665
"2013.07.04"	"Iraq"	"Baghdad"	3	14	17	6988	12745	19733	116971	192711	309682
"2013.07.04"	"Iraq"	"Tuz Khormato"	2	19	21	6990	12764	19754	116973	192730	309703
"2013.07.04"	"Afghanistan"	"Helmand"	4	0	4	6994	12764	19758	116977	192730	309707
"2013.07.04"	"Thailand"	"Yala"	1	1	2	6995	12765	19760	116978	192731	309709
"2013.07.04"	"Afghanistan"	"Lashkar Gah"	1	1	2	6996	12766	19762	116979	192732	309711
"2013.07.04"	"Afghanistan"	"Pashtun Kot"	5	2	7	7001	12768	19769	116984	192734	309718
"2013.07.04"	"Pakistan"	"Dera Ismail Khan"	2	0	2	7003	12768	19771	116986	192734	309720
"2013.07.04"	"Afghanistan"	"Sarawza"	2	0	2	7005	12768	19773	116988	192734	309722
"2013.07.05"	"Afghanistan"	"Bab-e-Dosti"	4	10	14	7009	12778	19787	116992	192744	309736
"2013.07.05"	"Iraq"	"Samarrah"	7	10	17	7016	12788	19804	116999	192754	309753
"2013.07.05"	"Afghanistan"	"Uruzgan"	12	5	17	7028	12793	19821	117011	192759	309770
"2013.07.05"	"Pakistan"	"Islamabad"	1	0	1	7029	12793	19822	117012	192759	309771
"2013.07.05"	"Egypt"	"al-Arish"	5	0	5	7034	12793	19827	117017	192759	309776
"2013.07.05"	"Iraq"	"Kut"	1	20	21	7035	12813	19848	117018	192779	309797
"2013.07.05"	"Egypt"	"Nagaa Hassan"	4	4	8	7039	12817	19856	117022	192783	309805
"2013.07.05"	"Egypt"	"Alexandria"	1	2	3	7040	12819	19859	117023	192785	309808
"2013.07.05"	"Iraq"	"Baghdad"	15	32	47	7055	12851	19906	117038	192817	309855
"2013.07.06"	"Philippines"	"Datu Piang"	3	0	3	7058	12851	19909	117041	192817	309858
"2013.07.06"	"Philippines"	"Pikit"	2	7	9	7060	12858	19918	117043	192824	309867
"2013.07.06"	"Iraq"	"Rashad"	4	0	4	7064	12858	19922	117047	192824	309871
"2013.07.06"	"Iraq"	"Tikrit"	4	1	5	7068	12859	19927	117051	192825	309876
"2013.07.06"	"Iraq"	"Tikrit"	5	9	14	7073	12868	19941	117056	192834	309890
"2013.07.06"	"Yemen"	"Sanaa"	3	1	4	7076	12869	19945	117059	192835	309894
"2013.07.06"	"Egypt"	"al-Arish"	1	0	1	7077	12869	19946	117060	192835	309895
"2013.07.06"	"Nigeria"	"Potsikum"	42	6	48	7119	12875	19994	117102	192841	309943
"2013.07.06"	"Pakistan"	"Lahore"	5	40	45	7124	12915	20039	117107	192881	309988
"2013.07.06"	"Dagestan"	"Kizilyurt"	1	1	2	7125	12916	20041	117108	192882	309990
"2013.07.07"	"Iraq"	"Musayyib"	6	1	7	7131	12917	20048	117114	192883	309997
"2013.07.07"	"Bahrain"	"Sitra"	1	5	6	7132	12922	20054	117115	192888	310003
"2013.07.07"	"Thailand"	"Pattani"	1	0	1	7133	12922	20055	117116	192888	310004
"2013.07.07"	"Egypt"	"Cairo"	10	24	34	7143	12946	20089	117126	192912	310038
"2013.07.07"	"India"	"Bodh Gaya"	0	5	5	7143	12951	20094	117126	192917	310043
"2013.07.07"	"Afghanistan"	"Ghazni"	1	4	5	7144	12955	20099	117127	192921	310048
"2013.07.08"	"Pakistan"	"Karachi"	1	0	1	7145	12955	20100	117128	192921	310049
"2013.07.08"	"Pakistan"	"Swabi"	2	0	2	7147	12955	20102	117130	192921	310051
"2013.07.08"	"Yemen"	"Hadramawt"	1	0	1	7148	12955	20103	117131	192921	310052
"2013.07.08"	"Iraq"	"Mosul"	6	8	14	7154	12963	20117	117137	192929	310066
"2013.07.08"	"India"	"Sawjian"	1	3	4	7155	12966	20121	117138	192932	310070
"2013.07.08"	"Thailand"	"Pattani"	0	8	8	7155	12974	20129	117138	192940	310078
"2013.07.08"	"Iraq"	"Tikrit"	3	0	3	7158	12974	20132	117141	192940	310081
"2013.07.08"	"Pakistan"	"Hangu"	8	10	18	7166	12984	20150	117149	192950	310099
"2013.07.08"	"Iraq"	"Madain"	6	3	9	7172	12987	20159	117155	192953	310108
"2013.07.08"	"Iraq"	"Mosul"	2	0	2	7174	12987	20161	117157	192953	310110
"2013.07.08"	"Iraq"	"Mosul"	1	5	6	7175	12992	20167	117158	192958	310116
"2013.07.09"	"Iraq"	"al-Tarmiyah"	1	0	1	7176	12992	20168	117159	192958	310117
"2013.07.09"	"Philippines"	"Cotabato"	1	4	5	7177	12996	20173	117160	192962	310122
"2013.07.09"	"Afghanistan"	"Herat"	17	0	17	7194	12996	20190	117177	192962	310139
"2013.07.09"	"Afghanistan"	"Helmand"	3	2	5	7197	12998	20195	117180	192964	310144
"2013.07.09"	"Egypt"	"North Sinai"	2	6	8	7199	13004	20203	117182	192970	310152
"2013.07.09"	"Lebanon"	"Beirut"	0	38	38	7199	13042	20241	117182	193008	310190
"2013.07.09"	"Somalia"	"Mogadishu"	1	3	4	7200	13045	20245	117183	193011	310194
"2013.07.09"	"Pakistan"	"Karachi"	5	1	6	7205	13046	20251	117188	193012	310200
"2013.07.09"	"Afghanistan"	"Kandahar"	1	6	7	7206	13052	20258	117189	193018	310207
"2013.07.10"	"Iraq"	"Baghdad"	3	0	3	7209	13052	20261	117192	193018	310210
"2013.07.10"	"Egypt"	"Zuwayed"	1	0	1	7210	13052	20262	117193	193018	310211
"2013.07.10"	"Pakistan"	"Karachi"	3	12	15	7213	13064	20277	117196	193030	310226
"2013.07.11"	"Syria"	"Latakia"	1	0	1	7214	13064	20278	117197	193030	310227
"2013.07.11"	"Iraq"	"Fallujah"	7	17	24	7221	13081	20302	117204	193047	310251
"2013.07.11"	"Iraq"	"Tuz Khurmatu"	10	21	31	7231	13102	20333	117214	193068	310282
"2013.07.11"	"Iraq"	"Yathrib"	10	18	28	7241	13120	20361	117224	193086	310310
"2013.07.11"	"Afghanistan"	"Helmand"	5	1	6	7246	13121	20367	117229	193087	310316
"2013.07.11"	"Pakistan"	"Kohat"	2	7	9	7248	13128	20376	117231	193094	310325
"2013.07.11"	"Pakistan"	"Chaman"	7	10	17	7255	13138	20393	117238	193104	310342
"2013.07.11"	"Egypt"	"Zweid"	1	0	1	7256	13138	20394	117239	193104	310343
"2013.07.11"	"Iraq"	"Ramadi"	5	0	5	7261	13138	20399	117244	193104	310348
"2013.07.11"	"Iraq"	"Muqdadiyah"	13	24	37	7274	13162	20436	117257	193128	310385
"2013.07.11"	"Iraq"	"Barwana"	14	4	18	7288	13166	20454	117271	193132	310403
"2013.07.11"	"Iraq"	"Dujail"	11	25	36	7299	13191	20490	117282	193157	310439
"2013.07.11"	"Pakistan"	"Dera Ghazi Khan"	1	0	1	7300	13191	20491	117283	193157	310440
"2013.07.11"	"Thailand"	"Songkhla"	3	3	6	7303	13194	20497	117286	193160	310446
"2013.07.12"	"Somalia"	"Mogadishu"	2	10	12	7305	13204	20509	117288	193170	310458
"2013.07.12"	"Algeria"	"Khenchla"	2	2	4	7307	13206	20513	117290	193172	310462
"2013.07.12"	"Egypt"	"Dabaaya"	4	32	36	7311	13238	20549	117294	193204	310498
"2013.07.12"	"Egypt"	"Sinai"	1	1	2	7312	13239	20551	117295	193205	310500
"2013.07.12"	"Somalia"	"Mogadishu"	7	15	22	7319	13254	20573	117302	193220	310522
"2013.07.12"	"Iraq"	"Mosul"	4	2	6	7323	13256	20579	117306	193222	310528
"2013.07.12"	"Iraq"	"Kirkuk"	41	35	76	7364	13291	20655	117347	193257	310604
"2013.07.13"	"Iraq"	"Madaen"	2	7	9	7366	13298	20664	117349	193264	310613
"2013.07.13"	"Iraq"	"Muqdadiyah"	2	9	11	7368	13307	20675	117351	193273	310624
"2013.07.13"	"Iraq"	"Baqubah"	4	10	14	7372	13317	20689	117355	193283	310638
"2013.07.13"	"Iraq"	"Baghdad"	7	19	26	7379	13336	20715	117362	193302	310664
"2013.07.13"	"Iraq"	"Baghdad"	16	31	47	7395	13367	20762	117378	193333	310711
"2013.07.13"	"Philippines"	"Guindulungan"	2	0	2	7397	13367	20764	117380	193333	310713
"2013.07.14"	"Iraq"	"Basra"	8	15	23	7405	13382	20787	117388	193348	310736
"2013.07.14"	"Iraq"	"Kut"	11	68	79	7416	13450	20866	117399	193416	310815
"2013.07.14"	"Iraq"	"Karbala"	9	22	31	7425	13472	20897	117408	193438	310846
"2013.07.14"	"Iraq"	"Nasiriyah"	5	22	27	7430	13494	20924	117413	193460	310873
"2013.07.14"	"Iraq"	"Musayyib"	6	21	27	7436	13515	20951	117419	193481	310900
"2013.07.14"	"Iraq"	"Baghdad"	4	16	20	7440	13531	20971	117423	193497	310920
"2013.07.14"	"Dagestan"	"Burshi"	4	0	4	7444	13531	20975	117427	193497	310924
"2013.07.15"	"Pakistan"	"Quetta"	1	0	1	7445	13531	20976	117428	193497	310925
"2013.07.15"	"Pakistan"	"Quetta"	3	4	7	7448	13535	20983	117431	193501	310932
"2013.07.15"	"Iraq"	"Mosul"	2	6	8	7450	13541	20991	117433	193507	310940
"2013.07.15"	"Bangladesh"	"Satkhira"	1	0	1	7451	13541	20992	117434	193507	310941
"2013.07.15"	"Egypt"	"al-Arish"	3	17	20	7454	13558	21012	117437	193524	310961
"2013.07.15"	"Iraq"	"Samarrah"	4	11	15	7458	13569	21027	117441	193535	310976
"2013.07.15"	"Iraq"	"Kirkuk"	3	11	14	7461	13580	21041	117444	193546	310990
"2013.07.15"	"Syria"	"Damascus"	13	7	20	7474	13587	21061	117457	193553	311010
"2013.07.15"	"Pakistan"	"Quetta"	4	2	6	7478	13589	21067	117461	193555	311016
"2013.07.16"	"Pakistan"	"Quetta"	3	0	3	7481	13589	21070	117464	193555	311019
"2013.07.16"	"Iraq"	"Muqdadiyah"	6	17	23	7487	13606	21093	117470	193572	311042
"2013.07.16"	"Israel"	"Jerusalem"	0	1	1	7487	13607	21094	117470	193573	311043
"2013.07.16"	"Pakistan"	"Karachi"	2	0	2	7489	13607	21096	117472	193573	311045
"2013.07.16"	"Bangladesh"	"Dinajpur"	1	0	1	7490	13607	21097	117473	193573	311046
"2013.07.16"	"Afghanistan"	"Nangarhar"	2	3	5	7492	13610	21102	117475	193576	311051
"2013.07.16"	"Yemen"	"Huj"	1	0	1	7493	13610	21103	117476	193576	311052
"2013.07.16"	"Thailand"	"Yala"	1	0	1	7494	13610	21104	117477	193576	311053
"2013.07.16"	"Algeria"	"Tipaza"	4	3	7	7498	13613	21111	117481	193579	311060
"2013.07.17"	"India"	"Srinagar"	1	5	6	7499	13618	21117	117482	193584	311066
"2013.07.17"	"Somalia"	"Mogadishu"	1	0	1	7500	13618	21118	117483	193584	311067
"2013.07.17"	"Somalia"	"Kismayo"	2	3	5	7502	13621	21123	117485	193587	311072
"2013.07.17"	"Egypt"	"al-Arish"	1	0	1	7503	13621	21124	117486	193587	311073
"2013.07.17"	"Iraq"	"Muqdadiyah"	4	0	4	7507	13621	21128	117490	193587	311077
"2013.07.17"	"Lebanon"	"Sarafand"	1	0	1	7508	13621	21129	117491	193587	311078
"2013.07.17"	"Syria"	"Kanaker"	7	6	13	7515	13627	21142	117498	193593	311091
"2013.07.17"	"Afghanistan"	"Herat"	1	0	1	7516	13627	21143	117499	193593	311092
"2013.07.18"	"Pakistan"	"Karachi"	2	0	2	7518	13627	21145	117501	193593	311094
"2013.07.18"	"India"	"Dharam"	0	43	43	7518	13670	21188	117501	193636	311137
"2013.07.18"	"Pakistan"	"Bajaur"	2	4	6	7520	13674	21194	117503	193640	311143
"2013.07.18"	"Iraq"	"Mosul"	7	21	28	7527	13695	21222	117510	193661	311171
"2013.07.18"	"Afghanistan"	"Logar"	8	0	8	7535	13695	21230	117518	193661	311179
"2013.07.18"	"Egypt"	"Sheikh Zuweid"	1	2	3	7536	13697	21233	117519	193663	311182
"2013.07.18"	"Egypt"	"al-Arish"	1	0	1	7537	13697	21234	117520	193663	311183
"2013.07.18"	"India"	"Pampore"	2	1	3	7539	13698	21237	117522	193664	311186
"2013.07.18"	"Iraq"	"Dujail"	2	0	2	7541	13698	21239	117524	193664	311188
"2013.07.18"	"Iraq"	"Balad"	1	4	5	7542	13702	21244	117525	193668	311193
"2013.07.18"	"Iraq"	"Wajihiyah"	3	0	3	7545	13702	21247	117528	193668	311196
"2013.07.18"	"Iraq"	"Baghdad"	2	5	7	7547	13707	21254	117530	193673	311203
"2013.07.18"	"Iraq"	"Kirkuk"	1	0	1	7548	13707	21255	117531	193673	311204
"2013.07.18"	"Pakistan"	"Mamond"	2	3	5	7550	13710	21260	117533	193676	311209
"2013.07.18"	"Pakistan"	"Badan"	3	2	5	7553	13712	21265	117536	193678	311214
"2013.07.18"	"Iraq"	"Baghdad"	3	0	3	7556	13712	21268	117539	193678	311217
"2013.07.18"	"Sudan"	"Garsila"	1	1	2	7557	13713	21270	117540	193679	311219
"2013.07.18"	"Yemen"	"Saada"	2	4	6	7559	13717	21276	117542	193683	311225
"2013.07.18"	"Indonesia"	"Kendal"	1	3	4	7560	13720	21280	117543	193686	311229
"2013.07.19"	"Thailand"	"Narathiwat"	1	1	2	7561	13721	21282	117544	193687	311231
"2013.07.19"	"Afghanistan"	"Marjah"	4	11	15	7565	13732	21297	117548	193698	311246
"2013.07.19"	"Afghanistan"	"Helmand"	2	2	4	7567	13734	21301	117550	193700	311250
"2013.07.19"	"Somalia"	"Mogadishu"	1	0	1	7568	13734	21302	117551	193700	311251
"2013.07.19"	"Iraq"	"Samarrah"	1	11	12	7569	13745	21314	117552	193711	311263
"2013.07.19"	"Yemen"	"Mudia"	1	0	1	7570	13745	21315	117553	193711	311264
"2013.07.19"	"Libya"	"Benghazi"	1	0	1	7571	13745	21316	117554	193711	311265
"2013.07.19"	"Egypt"	"al-Arish"	2	1	3	7573	13746	21319	117556	193712	311268
"2013.07.19"	"Pakistan"	"Bara"	2	0	2	7575	13746	21321	117558	193712	311270
"2013.07.19"	"Iraq"	"Mosul"	2	2	4	7577	13748	21325	117560	193714	311274
"2013.07.19"	"Iraq"	"Hillah"	1	5	6	7578	13753	21331	117561	193719	311280
"2013.07.19"	"Pakistan"	"Karachi"	1	1	2	7579	13754	21333	117562	193720	311282
"2013.07.19"	"Syria"	"Damascus"	1	0	1	7580	13754	21334	117563	193720	311283
"2013.07.19"	"Yemen"	"Huta"	0	1	1	7580	13755	21335	117563	193721	311284
"2013.07.19"	"Iraq"	"Diyala"	26	69	95	7606	13824	21430	117589	193790	311379
"2013.07.19"	"India"	"Salem"	1	0	1	7607	13824	21431	117590	193790	311380
"2013.07.20"	"Iraq"	"Mosul"	8	35	43	7615	13859	21474	117598	193825	311423
"2013.07.20"	"Iraq"	"Baqubah"	3	0	3	7618	13859	21477	117601	193825	311426
"2013.07.20"	"Iraq"	"Baghdad"	9	17	26	7627	13876	21503	117610	193842	311452
"2013.07.20"	"Iraq"	"Tobchi"	8	29	37	7635	13905	21540	117618	193871	311489
"2013.07.20"	"Iraq"	"Zafaraniyah"	6	15	21	7641	13920	21561	117624	193886	311510
"2013.07.20"	"Iraq"	"Baghdad"	3	11	14	7644	13931	21575	117627	193897	311524
"2013.07.20"	"Iraq"	"Baghdad"	4	12	16	7648	13943	21591	117631	193909	311540
"2013.07.20"	"Nigeria"	"Maiduguri"	1	3	4	7649	13946	21595	117632	193912	311544
"2013.07.20"	"Iraq"	"Garma"	1	2	3	7650	13948	21598	117633	193914	311547
"2013.07.20"	"Iraq"	"Baghdad"	25	71	96	7675	14019	21694	117658	193985	311643
"2013.07.20"	"Pakistan"	"Karachi"	3	0	3	7678	14019	21697	117661	193985	311646
"2013.07.21"	"Egypt"	"al-Arish"	1	0	1	7679	14019	21698	117662	193985	311647
"2013.07.21"	"Egypt"	"Sinai"	5	11	16	7684	14030	21714	117667	193996	311663
"2013.07.21"	"Afghanistan"	"Khost"	6	0	6	7690	14030	21720	117673	193996	311669
"2013.07.21"	"Iraq"	"Basmaiya"	2	4	6	7692	14034	21726	117675	194000	311675
"2013.07.21"	"Iraq"	"Kirkuk"	7	0	7	7699	14034	21733	117682	194000	311682
"2013.07.21"	"Iraq"	"Hillah"	1	0	1	7700	14034	21734	117683	194000	311683
"2013.07.21"	"Pakistan"	"Karachi"	2	6	8	7702	14040	21742	117685	194006	311691
"2013.07.21"	"Thailand"	"Narathiwat"	2	0	2	7704	14040	21744	117687	194006	311693
"2013.07.21"	"Egypt"	"al-Arish"	3	2	5	7707	14042	21749	117690	194008	311698
"2013.07.21"	"Pakistan"	"Karachi"	4	7	11	7711	14049	21760	117694	194015	311709
"2013.07.21"	"Iraq"	"Taji"	4	15	19	7715	14064	21779	117698	194030	311728
"2013.07.22"	"Nigeria"	"Darazo"	2	2	4	7717	14066	21783	117700	194032	311732
"2013.07.22"	"Afghanistan"	"Zabul"	4	1	5	7721	14067	21788	117704	194033	311737
"2013.07.22"	"Iraq"	"Madain"	2	0	2	7723	14067	21790	117706	194033	311739
"2013.07.22"	"Iraq"	"Kirkuk"	3	0	3	7726	14067	21793	117709	194033	311742
"2013.07.22"	"Iraq"	"Mosul"	25	29	54	7751	14096	21847	117734	194062	311796
"2013.07.22"	"Pakistan"	"Chaman"	2	8	10	7753	14104	21857	117736	194070	311806
"2013.07.22"	"Iraq"	"Abu Ghraib"	41	65	106	7794	14169	21963	117777	194135	311912
"2013.07.22"	"Iraq"	"Taji"	16	13	29	7810	14182	21992	117793	194148	311941
"2013.07.22"	"Iraq"	"Fallujah"	3	1	4	7813	14183	21996	117796	194149	311945
"2013.07.22"	"Syria"	"Khan al-Assal"	51	0	51	7864	14183	22047	117847	194149	311996
"2013.07.22"	"Pakistan"	"Quetta"	2	0	2	7866	14183	22049	117849	194149	311998
"2013.07.23"	"Iraq"	"Nineveh"	4	0	4	7870	14183	22053	117853	194149	312002
"2013.07.23"	"Iraq"	"Kirkuk"	4	1	5	7874	14184	22058	117857	194150	312007
"2013.07.23"	"Iraq"	"Mosul"	3	0	3	7877	14184	22061	117860	194150	312010
"2013.07.23"	"Iraq"	"Kut"	2	9	11	7879	14193	22072	117862	194159	312021
"2013.07.23"	"Iraq"	"Kirkuk"	7	41	48	7886	14234	22120	117869	194200	312069
"2013.07.23"	"Iraq"	"Baghdad"	3	15	18	7889	14249	22138	117872	194215	312087
"2013.07.23"	"Iraq"	"Baghdad"	6	28	34	7895	14277	22172	117878	194243	312121
"2013.07.23"	"Thailand"	"Narathiwat"	2	1	3	7897	14278	22175	117880	194244	312124
"2013.07.23"	"Syria"	"Homs"	1	19	20	7898	14297	22195	117881	194263	312144
"2013.07.23"	"Thailand"	"Pattani"	1	1	2	7899	14298	22197	117882	194264	312146
"2013.07.23"	"Afghanistan"	"Wardak"	8	5	13	7907	14303	22210	117890	194269	312159
"2013.07.23"	"Thailand"	"Narathiwat"	2	0	2	7909	14303	22212	117892	194269	312161
"2013.07.23"	"Philippines"	"Maguindanao"	1	1	2	7910	14304	22214	117893	194270	312163
"2013.07.23"	"Algeria"	"Bouira"	2	0	2	7912	14304	22216	117895	194270	312165
"2013.07.24"	"Dagestan"	"Derbent"	0	1	1	7912	14305	22217	117895	194271	312166
"2013.07.24"	"Thailand"	"Narathiwat"	3	2	5	7915	14307	22222	117898	194273	312171
"2013.07.24"	"Somalia"	"Mogadishu"	1	7	8	7916	14314	22230	117899	194280	312179
"2013.07.24"	"Egypt"	"al-Arish"	2	0	2	7918	14314	22232	117901	194280	312181
"2013.07.24"	"Iraq"	"Shura"	9	2	11	7927	14316	22243	117910	194282	312192
"2013.07.24"	"Pakistan"	"Sukkur"	4	40	44	7931	14356	22287	117914	194322	312236
"2013.07.24"	"Iraq"	"Sulaiman Pek"	14	0	14	7945	14356	22301	117928	194322	312250
"2013.07.24"	"Egypt"	"Mansura"	1	28	29	7946	14384	22330	117929	194350	312279
"2013.07.24"	"Iraq"	"Tuz Khormato"	15	41	56	7961	14425	22386	117944	194391	312335
"2013.07.24"	"Iraq"	"Baghdad"	4	10	14	7965	14435	22400	117948	194401	312349
"2013.07.24"	"Iraq"	"Tikrit"	4	4	8	7969	14439	22408	117952	194405	312357
"2013.07.25"	"Tunisia"	"Tunis"	1	0	1	7970	14439	22409	117953	194405	312358
"2013.07.25"	"Syria"	"Damascus"	17	70	87	7987	14509	22496	117970	194475	312445
"2013.07.25"	"Israel"	"Jerusalem"	0	15	15	7987	14524	22511	117970	194490	312460
"2013.07.25"	"Afghanistan"	"Jowzjan"	2	10	12	7989	14534	22523	117972	194500	312472
"2013.07.25"	"Iraq"	"Baghdad"	4	0	4	7993	14534	22527	117976	194500	312476
"2013.07.25"	"Iraq"	"Baghdad"	3	16	19	7996	14550	22546	117979	194516	312495
"2013.07.25"	"Iraq"	"Baghdad"	2	6	8	7998	14556	22554	117981	194522	312503
"2013.07.25"	"Iraq"	"Baghdad"	16	20	36	8014	14576	22590	117997	194542	312539
"2013.07.25"	"Egypt"	"Sinai"	2	4	6	8016	14580	22596	117999	194546	312545
"2013.07.25"	"Pakistan"	"Upper Dir"	2	0	2	8018	14580	22598	118001	194546	312547
"2013.07.25"	"Iraq"	"Muqdadiya"	14	8	22	8032	14588	22620	118015	194554	312569
"2013.07.25"	"Iraq"	"Madaen"	8	18	26	8040	14606	22646	118023	194572	312595
"2013.07.25"	"Iraq"	"Samarrah"	2	2	4	8042	14608	22650	118025	194574	312599
"2013.07.25"	"Pakistan"	"Karachi"	1	0	1	8043	14608	22651	118026	194574	312600
"2013.07.25"	"Afghanistan"	"Kunduz"	3	4	7	8046	14612	22658	118029	194578	312607
"2013.07.25"	"Pakistan"	"Karachi"	1	0	1	8047	14612	22659	118030	194578	312608
"2013.07.26"	"Philippines"	"Cagayan de Oro"	8	47	55	8055	14659	22714	118038	194625	312663
"2013.07.26"	"Afghanistan"	"Qarabagh"	7	7	14	8062	14666	22728	118045	194632	312677
"2013.07.26"	"Afghanistan"	"Farah"	5	0	5	8067	14666	22733	118050	194632	312682
"2013.07.26"	"Nigeria"	"Mainok"	1	1	2	8068	14667	22735	118051	194633	312684
"2013.07.26"	"Yemen"	"Aden"	1	0	1	8069	14667	22736	118052	194633	312685
"2013.07.26"	"Pakistan"	"Orangi"	1	0	1	8070	14667	22737	118053	194633	312686
"2013.07.26"	"Pakistan"	"Karachi"	1	0	1	8071	14667	22738	118054	194633	312687
"2013.07.26"	"Pakistan"	"Parachinar"	2	6	8	8073	14673	22746	118056	194639	312695
"2013.07.26"	"Pakistan"	"Parachinar"	57	167	224	8130	14840	22970	118113	194806	312919
"2013.07.26"	"Thailand"	"Yala"	1	0	1	8131	14840	22971	118114	194806	312920
"2013.07.27"	"Iraq"	"Baaj"	1	0	1	8132	14840	22972	118115	194806	312921
"2013.07.27"	"Iraq"	"Diyala"	2	0	2	8134	14840	22974	118117	194806	312923
"2013.07.27"	"Iraq"	"Baghdad"	3	4	7	8137	14844	22981	118120	194810	312930
"2013.07.27"	"Somalia"	"Mogadishu"	3	9	12	8140	14853	22993	118123	194819	312942
"2013.07.27"	"Pakistan"	"Mattani"	1	4	5	8141	14857	22998	118124	194823	312947
"2013.07.27"	"Nigeria"	"Dawashe"	20	12	32	8161	14869	23030	118144	194835	312979
"2013.07.27"	"Pakistan"	"Okara"	1	0	1	8162	14869	23031	118145	194835	312980
"2013.07.28"	"Afghanistan"	"Shahjoy"	9	15	24	8171	14884	23055	118154	194850	313004
"2013.07.28"	"India"	"Sopore"	1	0	1	8172	14884	23056	118155	194850	313005
"2013.07.28"	"Iraq"	"Baghdad"	3	9	12	8175	14893	23068	118158	194859	313017
"2013.07.28"	"Syria"	"Homs"	3	3	6	8178	14896	23074	118161	194862	313023
"2013.07.28"	"Pakistan"	"Kurram"	2	2	4	8180	14898	23078	118163	194864	313027
"2013.07.28"	"Iraq"	"Tuz Khurmatu"	8	9	17	8188	14907	23095	118171	194873	313044
"2013.07.29"	"Egypt"	"al-Arish"	5	0	5	8193	14907	23100	118176	194873	313049
"2013.07.29"	"Libya"	"Benghazi"	1	3	4	8194	14910	23104	118177	194876	313053
"2013.07.29"	"Iraq"	"Khamsa Mile"	4	14	18	8198	14924	23122	118181	194890	313071
"2013.07.29"	"Iraq"	"Madaen"	3	9	12	8201	14933	23134	118184	194899	313083
"2013.07.29"	"Iraq"	"Tikrit"	7	7	14	8208	14940	23148	118191	194906	313097
"2013.07.29"	"Iraq"	"Kut"	10	40	50	8218	14980	23198	118201	194946	313147
"2013.07.29"	"Iraq"	"Samawa"	6	19	25	8224	14999	23223	118207	194965	313172
"2013.07.29"	"Afghanistan"	"Spin Boldak"	3	0	3	8227	14999	23226	118210	194965	313175
"2013.07.29"	"Iraq"	"Sadr City"	9	33	42	8236	15032	23268	118219	194998	313217
"2013.07.29"	"Pakistan"	"Dera Ismail Khan"	14	30	44	8250	15062	23312	118233	195028	313261
"2013.07.29"	"Iraq"	"Baghdad"	32	129	161	8282	15191	23473	118265	195157	313422
"2013.07.29"	"Nigeria"	"Kano"	45	15	60	8327	15206	23533	118310	195172	313482
"2013.07.29"	"Tunisia"	"Jebel Chaambi"	8	0	8	8335	15206	23541	118318	195172	313490
"2013.07.29"	"Syria"	"Raqqa"	1	0	1	8336	15206	23542	118319	195172	313491
"2013.07.30"	"Pakistan"	"Punjab"	1	0	1	8337	15206	23543	118320	195172	313492
"2013.07.30"	"Pakistan"	"Karachi"	2	0	2	8339	15206	23545	118322	195172	313494
"2013.07.30"	"Syria"	"Qamishli"	1	0	1	8340	15206	23546	118323	195172	313495
"2013.07.30"	"Pakistan"	"Pishin"	2	0	2	8342	15206	23548	118325	195172	313497
"2013.07.30"	"Pakistan"	"Darra Adamkhel"	2	4	6	8344	15210	23554	118327	195176	313503
"2013.07.30"	"Iraq"	"Baqubah"	8	20	28	8352	15230	23582	118335	195196	313531
"2013.07.30"	"Iraq"	"Tuz Khormato"	4	14	18	8356	15244	23600	118339	195210	313549
"2013.07.30"	"Iraq"	"Baghdad"	7	19	26	8363	15263	23626	118346	195229	313575
"2013.07.30"	"Iraq"	"Tikrit"	3	10	13	8366	15273	23639	118349	195239	313588
"2013.07.30"	"Syria"	"Homs"	11	26	37	8377	15299	23676	118360	195265	313625
"2013.07.30"	"Iraq"	"Baghdad"	7	20	27	8384	15319	23703	118367	195285	313652
"2013.07.31"	"Iraq"	"Ur"	5	9	14	8389	15328	23717	118372	195294	313666
"2013.07.31"	"Iraq"	"Mosul"	5	4	9	8394	15332	23726	118377	195298	313675
"2013.07.31"	"Iraq"	"Hawija"	3	0	3	8397	15332	23729	118380	195298	313678
"2013.07.31"	"Iraq"	"Nahrawan"	2	3	5	8399	15335	23734	118382	195301	313683
"2013.07.31"	"Iraq"	"Tuz Khormato"	4	4	8	8403	15339	23742	118386	195305	313691
"2013.07.31"	"Iraq"	"Mosul"	2	25	27	8405	15364	23769	118388	195330	313718
"2013.07.31"	"Afghanistan"	"Almar"	3	2	5	8408	15366	23774	118391	195332	313723
"2013.07.31"	"Syria"	"Damascus"	6	19	25	8414	15385	23799	118397	195351	313748
"2013.08.01"	"Pakistan"	"Lahore"	1	0	1	8415	15385	23800	118398	195351	313749
"2013.08.01"	"Afghanistan"	"Badghis"	1	2	3	8416	15387	23803	118399	195353	313752
"2013.08.01"	"Syria"	"Homs"	40	120	160	8456	15507	23963	118439	195473	313912
"2013.08.01"	"Nigeria"	"Biu"	8	0	8	8464	15507	23971	118447	195473	313920
"2013.08.01"	"Thailand"	"Yala"	2	5	7	8466	15512	23978	118449	195478	313927
"2013.08.01"	"Pakistan"	"Benazirabad"	1	0	1	8467	15512	23979	118450	195478	313928
"2013.08.01"	"Pakistan"	"Karachi"	3	1	4	8470	15513	23983	118453	195479	313932
"2013.08.01"	"Iraq"	"Mosul"	21	30	51	8491	15543	24034	118474	195509	313983
"2013.08.01"	"Pakistan"	"Peshawar"	2	0	2	8493	15543	24036	118476	195509	313985
"2013.08.01"	"Afghanistan"	"Maiwand"	7	3	10	8500	15546	24046	118483	195512	313995
"2013.08.02"	"Pakistan"	"Bahawalpur"	2	0	2	8502	15546	24048	118485	195512	313997
"2013.08.02"	"Afghanistan"	"Sherzad"	22	12	34	8524	15558	24082	118507	195524	314031
"2013.08.02"	"Iraq"	"Shora"	4	0	4	8528	15558	24086	118511	195524	314035
"2013.08.02"	"Syria"	"Tal Abyad"	450	0	450	8978	15558	24536	118961	195524	314485
"2013.08.03"	"Iraq"	"Baqubah"	9	11	20	8987	15569	24556	118970	195535	314505
"2013.08.03"	"Iraq"	"Muqdadiya"	2	0	2	8989	15569	24558	118972	195535	314507
"2013.08.03"	"India"	"Kupwara"	1	0	1	8990	15569	24559	118973	195535	314508
"2013.08.03"	"Pakistan"	"Karachi"	1	0	1	8991	15569	24560	118974	195535	314509
"2013.08.03"	"Afghanistan"	"Jalalabad"	9	24	33	9000	15593	24593	118983	195559	314542
"2013.08.03"	"Iraq"	"Baqubah"	3	0	3	9003	15593	24596	118986	195559	314545
"2013.08.03"	"Iraq"	"Baqubah"	4	5	9	9007	15598	24605	118990	195564	314554
"2013.08.03"	"Iraq"	"Tikrit"	2	0	2	9009	15598	24607	118992	195564	314556
"2013.08.03"	"Iraq"	"Baghdad"	3	10	13	9012	15608	24620	118995	195574	314569
"2013.08.03"	"Dagestan"	"Makhachkala"	1	0	1	9013	15608	24621	118996	195574	314570
"2013.08.03"	"CAR"	"Bozoum"	15	24	39	9028	15632	24660	119011	195598	314609
"2013.08.04"	"Tunisia"	"Mount Chaambi"	1	7	8	9029	15639	24668	119012	195605	314617
"2013.08.04"	"Germany"	"Brandenburg"	1	2	3	9030	15641	24671	119013	195607	314620
"2013.08.04"	"Afghanistan"	"Jalalabad"	0	16	16	9030	15657	24687	119013	195623	314636
"2013.08.04"	"Syria"	"Damascus"	5	1	6	9035	15658	24693	119018	195624	314642
"2013.08.04"	"Iraq"	"Baghdad"	19	28	47	9054	15686	24740	119037	195652	314689
"2013.08.04"	"Nigeria"	"Malumfatori"	19	2	21	9073	15688	24761	119056	195654	314710
"2013.08.04"	"Afghanistan"	"Logar"	2	2	4	9075	15690	24765	119058	195656	314714
"2013.08.04"	"Syria"	"Latakia"	56	0	56	9131	15690	24821	119114	195656	314770
"2013.08.04"	"Syria"	"Barouda"	18	0	18	9149	15690	24839	119132	195656	314788
"2013.08.04"	"Syria"	"Nbeiteh"	25	0	25	9174	15690	24864	119157	195656	314813
"2013.08.04"	"Syria"	"al-Hamboushieh"	18	0	18	9192	15690	24882	119175	195656	314831
"2013.08.04"	"Syria"	"Sleibeh"	28	0	28	9220	15690	24910	119203	195656	314859
"2013.08.04"	"Syria"	"Blouta"	12	0	12	9232	15690	24922	119215	195656	314871
"2013.08.04"	"Syria"	"Abu Makkeh"	4	1	5	9236	15691	24927	119219	195657	314876
"2013.08.04"	"Syria"	"Aramo"	6	1	7	9242	15692	24934	119225	195658	314883
"2013.08.04"	"Syria"	"Bremseh"	15	1	16	9257	15693	24950	119240	195659	314899
"2013.08.04"	"Syria"	"Latakia"	8	1	9	9265	15694	24959	119248	195660	314908
"2013.08.05"	"Syria"	"Latakia"	32	10	42	9297	15704	25001	119280	195670	314950
"2013.08.05"	"Pakistan"	"Punjab"	1	14	15	9298	15718	25016	119281	195684	314965
"2013.08.05"	"Iraq"	"Tal Afar"	4	19	23	9302	15737	25039	119285	195703	314988
"2013.08.05"	"Iraq"	"Baghdad"	4	21	25	9306	15758	25064	119289	195724	315013
"2013.08.05"	"Nigeria"	"Gamboru Ngala"	20	0	20	9326	15758	25084	119309	195724	315033
"2013.08.05"	"Iraq"	"Mosul"	10	8	18	9336	15766	25102	119319	195732	315051
"2013.08.05"	"Iraq"	"Hawija"	2	0	2	9338	15766	25104	119321	195732	315053
"2013.08.05"	"Iraq"	"Maqdadiyah"	2	0	2	9340	15766	25106	119323	195732	315055
"2013.08.05"	"Thailand"	"Narathiwat"	11	0	11	9351	15766	25117	119334	195732	315066
"2013.08.05"	"Philippines"	"Cotabato"	8	27	35	9359	15793	25152	119342	195759	315101
"2013.08.05"	"Egypt"	"al-Arish"	1	2	3	9360	15795	25155	119343	195761	315104
"2013.08.05"	"Indonesia"	"Jakarta"	0	3	3	9360	15798	25158	119343	195764	315107
"2013.08.05"	"Afghanistan"	"Kandahar"	4	10	14	9364	15808	25172	119347	195774	315121
"2013.08.05"	"Thailand"	"Pattani"	1	0	1	9365	15808	25173	119348	195774	315122
"2013.08.06"	"Egypt"	"Ain Shams"	1	0	1	9366	15808	25174	119349	195774	315123
"2013.08.06"	"USA"	"Richmond"	1	0	1	9367	15808	25175	119350	195774	315124
"2013.08.06"	"Egypt"	"Souhag"	1	3	4	9368	15811	25179	119351	195777	315128
"2013.08.06"	"Iraq"	"Baghdad"	5	21	26	9373	15832	25205	119356	195798	315154
"2013.08.06"	"Iraq"	"Nahrawan"	8	21	29	9381	15853	25234	119364	195819	315183
"2013.08.06"	"Iraq"	"Baghdad"	9	30	39	9390	15883	25273	119373	195849	315222
"2013.08.06"	"Iraq"	"Baghdad"	5	16	21	9395	15899	25294	119378	195865	315243
"2013.08.06"	"Iraq"	"Anbakiya"	10	15	25	9405	15914	25319	119388	195880	315268
"2013.08.06"	"Pakistan"	"Kashmore"	3	1	4	9408	15915	25323	119391	195881	315272
"2013.08.06"	"Pakistan"	"Diamer"	3	0	3	9411	15915	25326	119394	195881	315275
"2013.08.06"	"Algeria"	"Azeffoun"	3	0	3	9414	15915	25329	119397	195881	315278
"2013.08.06"	"India"	"Poonch"	5	1	6	9419	15916	25335	119402	195882	315284
"2013.08.06"	"Syria"	"Tal Abyad"	3	0	3	9422	15916	25338	119405	195882	315287
"2013.08.06"	"Syria"	"Jaramana"	18	56	74	9440	15972	25412	119423	195938	315361
"2013.08.07"	"Iraq"	"Tikrit"	1	0	1	9441	15972	25413	119424	195938	315362
"2013.08.07"	"Dagestan"	"Makhachkala"	0	16	16	9441	15988	25429	119424	195954	315378
"2013.08.07"	"Iraq"	"Tikrit"	13	30	43	9454	16018	25472	119437	195984	315421
"2013.08.07"	"Iraq"	"Ramadi"	2	0	2	9456	16018	25474	119439	195984	315423
"2013.08.07"	"Iraq"	"Mosul"	5	8	13	9461	16026	25487	119444	195992	315436
"2013.08.07"	"Tanzania"	"Zanzibar"	0	2	2	9461	16028	25489	119444	195994	315438
"2013.08.07"	"Pakistan"	"Karachi"	11	24	35	9472	16052	25524	119455	196018	315473
"2013.08.07"	"Indonesia"	"Ciputat"	1	0	1	9473	16052	25525	119456	196018	315474
"2013.08.07"	"Egypt"	"al-Arish"	1	0	1	9474	16052	25526	119457	196018	315475
"2013.08.07"	"Afghanistan"	"Ghazni"	2	1	3	9476	16053	25529	119459	196019	315478
"2013.08.07"	"Pakistan"	"Mastung"	3	11	14	9479	16064	25543	119462	196030	315492
"2013.08.08"	"Iraq"	"Ramaid"	1	1	2	9480	16065	25545	119463	196031	315494
"2013.08.08"	"Dagestan"	"Khasavyurt"	1	0	1	9481	16065	25546	119464	196031	315495
"2013.08.08"	"Afghanistan"	"Nangarhar"	14	4	18	9495	16069	25564	119478	196035	315513
"2013.08.08"	"Pakistan"	"Quetta"	38	60	98	9533	16129	25662	119516	196095	315611
"2013.08.09"	"Afghanistan"	"Kabul"	3	2	5	9536	16131	25667	119519	196097	315616
"2013.08.09"	"Pakistan"	"Islamabad"	1	3	4	9537	16134	25671	119520	196100	315620
"2013.08.09"	"Iraq"	"Baji"	2	2	4	9539	16136	25675	119522	196102	315624
"2013.08.10"	"Iraq"	"Baghdad"	7	20	27	9546	16156	25702	119529	196122	315651
"2013.08.10"	"Iraq"	"Hussainiya"	7	15	22	9553	16171	25724	119536	196137	315673
"2013.08.10"	"Iraq"	"Baghdad"	6	15	21	9559	16186	25745	119542	196152	315694
"2013.08.10"	"Iraq"	"Baghdad"	3	16	19	9562	16202	25764	119545	196168	315713
"2013.08.10"	"Iraq"	"Doura"	5	15	20	9567	16217	25784	119550	196183	315733
"2013.08.10"	"Iraq"	"Baghdad"	5	14	19	9572	16231	25803	119555	196197	315752
"2013.08.10"	"Iraq"	"Baghdad"	12	64	76	9584	16295	25879	119567	196261	315828
"2013.08.10"	"Iraq"	"Nasariya"	4	67	71	9588	16362	25950	119571	196328	315899
"2013.08.10"	"Iraq"	"Karbala"	5	11	16	9593	16373	25966	119576	196339	315915
"2013.08.10"	"Iraq"	"Dhi Qar"	4	18	22	9597	16391	25988	119580	196357	315937
"2013.08.10"	"Iraq"	"Madaen"	1	3	4	9598	16394	25992	119581	196360	315941
"2013.08.10"	"Iraq"	"Fallujah"	2	4	6	9600	16398	25998	119583	196364	315947
"2013.08.10"	"Pakistan"	"Jarwar"	2	0	2	9602	16398	26000	119585	196364	315949
"2013.08.10"	"Iraq"	"Tuz Khurmato"	10	45	55	9612	16443	26055	119595	196409	316004
"2013.08.10"	"Afghanistan"	"Dawlat Abad"	4	0	4	9616	16443	26059	119599	196409	316008
"2013.08.10"	"Iraq"	"Baghdad"	4	16	20	9620	16459	26079	119603	196425	316028
"2013.08.11"	"Afghanistan"	"Uruzgan"	5	2	7	9625	16461	26086	119608	196427	316035
"2013.08.11"	"Pakistan"	"Karachi"	3	1	4	9628	16462	26090	119611	196428	316039
"2013.08.11"	"Nigeria"	"Konduga"	44	26	70	9672	16488	26160	119655	196454	316109
"2013.08.11"	"Nigeria"	"Ngom"	12	0	12	9684	16488	26172	119667	196454	316121
"2013.08.11"	"Yemen"	"Balhaf"	5	0	5	9689	16488	26177	119672	196454	316126
"2013.08.12"	"Iraq"	"Muqdadiyah"	6	24	30	9695	16512	26207	119678	196478	316156
"2013.08.12"	"Iraq"	"Baqubah"	4	20	24	9699	16532	26231	119682	196498	316180
"2013.08.12"	"Iraq"	"Balad"	24	18	42	9723	16550	26273	119706	196516	316222
"2013.08.12"	"Syria"	"Qusayr"	1	0	1	9724	16550	26274	119707	196516	316223
"2013.08.13"	"Iraq"	"Nineveh"	2	0	2	9726	16550	26276	119709	196516	316225
"2013.08.13"	"Israel"	"Jerusalem"	1	0	1	9727	16550	26277	119710	196516	316226
"2013.08.13"	"Iraq"	"Mosul"	24	27	51	9751	16577	26328	119734	196543	316277
"2013.08.13"	"Thailand"	"Narathiwat"	1	15	16	9752	16592	26344	119735	196558	316293
"2013.08.13"	"Pakistan"	"Karachi"	2	28	30	9754	16620	26374	119737	196586	316323
"2013.08.13"	"Iraq"	"Madain"	5	13	18	9759	16633	26392	119742	196599	316341
"2013.08.14"	"Syria"	"Raqqa"	1	0	1	9760	16633	26393	119743	196599	316342
"2013.08.14"	"Iraq"	"Baqubah"	14	26	40	9774	16659	26433	119757	196625	316382
"2013.08.14"	"Afghanistan"	"Ghazni"	8	0	8	9782	16659	26441	119765	196625	316390
"2013.08.14"	"Pakistan"	"Jaranwala"	2	0	2	9784	16659	26443	119767	196625	316392
"2013.08.14"	"Syria"	"Aleppo"	2	0	2	9786	16659	26445	119769	196625	316394
"2013.08.14"	"Egypt"	"Kerdasa"	15	0	15	9801	16659	26460	119784	196625	316409
"2013.08.15"	"Nigeria"	"Damboa"	11	0	11	9812	16659	26471	119795	196625	316420
"2013.08.15"	"Egypt"	"al-Arish"	7	0	7	9819	16659	26478	119802	196625	316427
"2013.08.15"	"Lebanon"	"Beirut"	27	336	363	9846	16995	26841	119829	196961	316790
"2013.08.15"	"Iraq"	"Kadhimiya"	8	18	26	9854	17013	26867	119837	196979	316816
"2013.08.15"	"Iraq"	"Baladiyat"	7	15	22	9861	17028	26889	119844	196994	316838
"2013.08.15"	"Iraq"	"Baghdad"	6	13	19	9867	17041	26908	119850	197007	316857
"2013.08.15"	"Iraq"	"Baghdad"	5	13	18	9872	17054	26926	119855	197020	316875
"2013.08.15"	"Iraq"	"Dujail"	2	4	6	9874	17058	26932	119857	197024	316881
"2013.08.15"	"Iraq"	"Baghdad"	8	43	51	9882	17101	26983	119865	197067	316932
"2013.08.15"	"Egypt"	"Minya"	2	48	50	9884	17149	27033	119867	197115	316982
"2013.08.16"	"China"	"Turpan"	1	0	1	9885	17149	27034	119868	197115	316983
"2013.08.16"	"Afghanistan"	"Herat"	10	0	10	9895	17149	27044	119878	197115	316993
"2013.08.16"	"Iraq"	"Baghdad"	4	14	18	9899	17163	27062	119882	197129	317011
"2013.08.16"	"Iraq"	"Muqdadiyah"	1	0	1	9900	17163	27063	119883	197129	317012
"2013.08.16"	"Iraq"	"Buhruz"	2	7	9	9902	17170	27072	119885	197136	317021
"2013.08.16"	"Afghanistan"	"Kandahar"	0	16	16	9902	17186	27088	119885	197152	317037
"2013.08.16"	"Afghanistan"	"Sangin"	3	0	3	9905	17186	27091	119888	197152	317040
"2013.08.16"	"Pakistan"	"Swabi"	2	4	6	9907	17190	27097	119890	197156	317046
"2013.08.16"	"Thailand"	"Narathiwat"	4	0	4	9911	17190	27101	119894	197156	317050
"2013.08.16"	"Pakistan"	"Peshawar"	1	0	1	9912	17190	27102	119895	197156	317051
"2013.08.16"	"Pakistan"	"Shujabad"	1	0	1	9913	17190	27103	119896	197156	317052
"2013.08.16"	"Egypt"	"Alexandria"	1	0	1	9914	17190	27104	119897	197156	317053
"2013.08.16"	"Indonesia"	"Tangerang"	1	0	1	9915	17190	27105	119898	197156	317054
"2013.08.17"	"Somalia"	"Mogadishu"	1	0	1	9916	17190	27106	119899	197156	317055
"2013.08.17"	"Syria"	"al-Hasn"	15	24	39	9931	17214	27145	119914	197180	317094
"2013.08.17"	"Pakistan"	"Karachi"	1	0	1	9932	17214	27146	119915	197180	317095
"2013.08.17"	"Egypt"	"Minya"	0	1	1	9932	17215	27147	119915	197181	317096
"2013.08.17"	"Egypt"	"Sohag"	1	0	1	9933	17215	27148	119916	197181	317097
"2013.08.17"	"Afghanistan"	"Marjah"	5	0	5	9938	17215	27153	119921	197181	317102
"2013.08.17"	"Afghanistan"	"Farah"	2	3	5	9940	17218	27158	119923	197184	317107
"2013.08.17"	"Kenya"	"Garissa"	4	0	4	9944	17218	27162	119927	197184	317111
"2013.08.17"	"Syria"	"Ras al-Ain"	2	0	2	9946	17218	27164	119929	197184	317113
"2013.08.17"	"Syria"	"Homs"	6	0	6	9952	17218	27170	119935	197184	317119
"2013.08.18"	"Iraq"	"Baghdad"	4	13	17	9956	17231	27187	119939	197197	317136
"2013.08.18"	"Iraq"	"Kirkuk"	1	0	1	9957	17231	27188	119940	197197	317137
"2013.08.18"	"Iraq"	"Muqdadiyah"	1	0	1	9958	17231	27189	119941	197197	317138
"2013.08.18"	"Afghanistan"	"Ghazni"	2	3	5	9960	17234	27194	119943	197200	317143
"2013.08.18"	"Egypt"	"Sharquiya"	1	10	11	9961	17244	27205	119944	197210	317154
"2013.08.18"	"Egypt"	"Minya"	2	0	2	9963	17244	27207	119946	197210	317156
"2013.08.19"	"Pakistan"	"Karachi"	2	0	2	9965	17244	27209	119948	197210	317158
"2013.08.19"	"Iraq"	"Mosul"	6	0	6	9971	17244	27215	119954	197210	317164
"2013.08.19"	"Egypt"	"Rafah"	24	3	27	9995	17247	27242	119978	197213	317191
"2013.08.20"	"Syria"	"Damascus"	1	0	1	9996	17247	27243	119979	197213	317192
"2013.08.20"	"Iraq"	"Baghdad"	5	15	20	10001	17262	27263	119984	197228	317212
"2013.08.20"	"Iraq"	"Nasariya"	3	21	24	10004	17283	27287	119987	197249	317236
"2013.08.20"	"Iraq"	"Hillah"	6	15	21	10010	17298	27308	119993	197264	317257
"2013.08.20"	"Iraq"	"Amara"	4	42	46	10014	17340	27354	119997	197306	317303
"2013.08.20"	"Iraq"	"Iskanadariyah"	3	18	21	10017	17358	27375	120000	197324	317324
"2013.08.20"	"Iraq"	"Baghdad"	3	9	12	10020	17367	27387	120003	197333	317336
"2013.08.20"	"Nigeria"	"Gwoza"	2	0	2	10022	17367	27389	120005	197333	317338
"2013.08.20"	"Thailand"	"Pattani"	1	0	1	10023	17367	27390	120006	197333	317339
"2013.08.20"	"Afghanistan"	"Gulistan"	11	17	28	10034	17384	27418	120017	197350	317367
"2013.08.20"	"Afghanistan"	"Logar"	3	8	11	10037	17392	27429	120020	197358	317378
"2013.08.20"	"Nigeria"	"Dumba"	44	12	56	10081	17404	27485	120064	197370	317434
"2013.08.21"	"Algeria"	"Tlemcen"	3	0	3	10084	17404	27488	120067	197370	317437
"2013.08.21"	"Pakistan"	"Karachi"	2	0	2	10086	17404	27490	120069	197370	317439
"2013.08.21"	"Pakistan"	"Multan"	1	0	1	10087	17404	27491	120070	197370	317440
"2013.08.21"	"Thailand"	"Pattani"	1	0	1	10088	17404	27492	120071	197370	317441
"2013.08.21"	"Libya"	"Tripoli"	3	0	3	10091	17404	27495	120074	197370	317444
"2013.08.21"	"Pakistan"	"Karachi"	1	0	1	10092	17404	27496	120075	197370	317445
"2013.08.21"	"Nigeria"	"Gamboru Ngala"	4	0	4	10096	17404	27500	120079	197370	317449
"2013.08.21"	"Iraq"	"Baghdad"	16	36	52	10112	17440	27552	120095	197406	317501
"2013.08.21"	"Yemen"	"Aden"	2	0	2	10114	17440	27554	120097	197406	317503
"2013.08.22"	"Iraq"	"Ramadi"	14	10	24	10128	17450	27578	120111	197416	317527
"2013.08.22"	"Pakistan"	"Wana"	5	0	5	10133	17450	27583	120116	197416	317532
"2013.08.22"	"Afghanistan"	"Farah"	1	15	16	10134	17465	27599	120117	197431	317548
"2013.08.22"	"Iraq"	"Dujail"	9	27	36	10143	17492	27635	120126	197458	317584
"2013.08.22"	"Pakistan"	"Karachi"	2	9	11	10145	17501	27646	120128	197467	317595
"2013.08.22"	"Syria"	"Aleppo"	6	19	25	10151	17520	27671	120134	197486	317620
"2013.08.23"	"Pakistan"	"Bhakkar"	9	7	16	10160	17527	27687	120143	197493	317636
"2013.08.23"	"Pakistan"	"Islamabad"	2	1	3	10162	17528	27690	120145	197494	317639
"2013.08.23"	"Iraq"	"Adhamiyah"	4	0	4	10166	17528	27694	120149	197494	317643
"2013.08.23"	"Iraq"	"Mosul"	2	12	14	10168	17540	27708	120151	197506	317657
"2013.08.23"	"Iraq"	"Baghdad"	28	58	86	10196	17598	27794	120179	197564	317743
"2013.08.23"	"Yemen"	"Shibam"	2	6	8	10198	17604	27802	120181	197570	317751
"2013.08.23"	"Iraq"	"Dujail"	3	0	3	10201	17604	27805	120184	197570	317754
"2013.08.23"	"Iraq"	"Baghdad"	3	18	21	10204	17622	27826	120187	197588	317775
"2013.08.23"	"Lebanon"	"Tripoli"	50	358	408	10254	17980	28234	120237	197946	318183
"2013.08.24"	"Thailand"	"Yala"	3	1	4	10257	17981	28238	120240	197947	318187
"2013.08.25"	"Iraq"	"Madaen"	7	30	37	10264	18011	28275	120247	197977	318224
"2013.08.25"	"Iraq"	"Baqubah"	13	36	49	10277	18047	28324	120260	198013	318273
"2013.08.25"	"Iraq"	"Baqubah"	2	11	13	10279	18058	28337	120262	198024	318286
"2013.08.25"	"Iraq"	"Baqubah"	5	8	13	10284	18066	28350	120267	198032	318299
"2013.08.25"	"Iraq"	"Balad"	5	21	26	10289	18087	28376	120272	198053	318325
"2013.08.25"	"Iraq"	"Baghdad"	10	25	35	10299	18112	28411	120282	198078	318360
"2013.08.25"	"Iraq"	"Baghdad"	13	69	82	10312	18181	28493	120295	198147	318442
"2013.08.25"	"Nigeria"	"Bama"	14	9	23	10326	18190	28516	120309	198156	318465
"2013.08.25"	"Yemen"	"Sanaa"	12	11	23	10338	18201	28539	120321	198167	318488
"2013.08.25"	"Iraq"	"Ramadi"	3	0	3	10341	18201	28542	120324	198167	318491
"2013.08.25"	"Iraq"	"Nineveh"	2	0	2	10343	18201	28544	120326	198167	318493
"2013.08.25"	"Iraq"	"Baqubah"	4	21	25	10347	18222	28569	120330	198188	318518
"2013.08.25"	"Syria"	"Hama"	2	8	10	10349	18230	28579	120332	198196	318528
"2013.08.25"	"Iraq"	"Qaiyara"	5	0	5	10354	18230	28584	120337	198196	318533
"2013.08.25"	"Pakistan"	"Karachi"	3	0	3	10357	18230	28587	120340	198196	318536
"2013.08.25"	"Nigeria"	"Nasarawa"	0	7	7	10357	18237	28594	120340	198203	318543
"2013.08.25"	"Pakistan"	"Khairpur"	2	0	2	10359	18237	28596	120342	198203	318545
"2013.08.26"	"Pakistan"	"Sakwar"	2	0	2	10361	18237	28598	120344	198203	318547
"2013.08.26"	"Nigeria"	"Damasak"	6	6	12	10367	18243	28610	120350	198209	318559
"2013.08.26"	"India"	"Shopian"	2	1	3	10369	18244	28613	120352	198210	318562
"2013.08.26"	"Syria"	"Latakia"	1	0	1	10370	18244	28614	120353	198210	318563
"2013.08.26"	"Afghanistan"	"Kapisa"	1	10	11	10371	18254	28625	120354	198220	318574
"2013.08.26"	"Iraq"	"Tarmiyah"	6	0	6	10377	18254	28631	120360	198220	318580
"2013.08.27"	"Iraq"	"Baghdad"	5	11	16	10382	18265	28647	120365	198231	318596
"2013.08.27"	"Pakistan"	"Multan"	1	0	1	10383	18265	28648	120366	198231	318597
"2013.08.27"	"Pakistan"	"Madaripur"	0	30	30	10383	18295	28678	120366	198261	318627
"2013.08.27"	"Pakistan"	"Karachi"	1	0	1	10384	18295	28679	120367	198261	318628
"2013.08.27"	"Ingushetia"	"Nizhnie Achaluki"	2	0	2	10386	18295	28681	120369	198261	318630
"2013.08.27"	"Afghanistan"	"Herat"	6	0	6	10392	18295	28687	120375	198261	318636
"2013.08.27"	"Afghanistan"	"Paktia"	6	0	6	10398	18295	28693	120381	198261	318642
"2013.08.28"	"Iraq"	"Baghdad"	7	23	30	10405	18318	28723	120388	198284	318672
"2013.08.28"	"Iraq"	"Sadr City"	19	24	43	10424	18342	28766	120407	198308	318715
"2013.08.28"	"Iraq"	"Mahmoudiya"	5	15	20	10429	18357	28786	120412	198323	318735
"2013.08.28"	"Iraq"	"Kazimiyah"	10	27	37	10439	18384	28823	120422	198350	318772
"2013.08.28"	"Iraq"	"Shaab"	9	9	18	10448	18393	28841	120431	198359	318790
"2013.08.28"	"Iraq"	"Baghdad"	12	133	145	10460	18526	28986	120443	198492	318935
"2013.08.28"	"Iraq"	"Latifiya"	12	0	12	10472	18526	28998	120455	198492	318947
"2013.08.28"	"Iraq"	"Kadhimiya"	5	30	35	10477	18556	29033	120460	198522	318982
"2013.08.28"	"Afghanistan"	"Laskar Gah"	4	15	19	10481	18571	29052	120464	198537	319001
"2013.08.28"	"Iraq"	"Madaen"	4	5	9	10485	18576	29061	120468	198542	319010
"2013.08.28"	"Afghanistan"	"Farah"	6	10	16	10491	18586	29077	120474	198552	319026
"2013.08.28"	"Afghanistan"	"Helmand"	3	4	7	10494	18590	29084	120477	198556	319033
"2013.08.28"	"Afghanistan"	"Ghanzi"	7	62	69	10501	18652	29153	120484	198618	319102
"2013.08.28"	"Afghanistan"	"Farah"	15	10	25	10516	18662	29178	120499	198628	319127
"2013.08.28"	"Pakistan"	"Peshawar"	1	0	1	10517	18662	29179	120500	198628	319128
"2013.08.29"	"Nigeria"	"Jos"	5	0	5	10522	18662	29184	120505	198628	319133
"2013.08.29"	"Afghanistan"	"Wardak"	11	0	11	10533	18662	29195	120516	198628	319144
"2013.08.29"	"Pakistan"	"Punjab"	1	1	2	10534	18663	29197	120517	198629	319146
"2013.08.29"	"Somalia"	"El-Barde"	2	7	9	10536	18670	29206	120519	198636	319155
"2013.08.29"	"Iraq"	"Samarrah"	18	32	50	10554	18702	29256	120537	198668	319205
"2013.08.29"	"Thailand"	"Narathiwat"	1	0	1	10555	18702	29257	120538	198668	319206
"2013.08.29"	"Yemen"	"Huta"	1	0	1	10556	18702	29258	120539	198668	319207
"2013.08.29"	"Iraq"	"Abu Grhaib"	5	8	13	10561	18710	29271	120544	198676	319220
"2013.08.30"	"Nigeria"	"Barkin Ladi"	6	0	6	10567	18710	29277	120550	198676	319226
"2013.08.30"	"Afghanistan"	"Dashi Archi"	8	16	24	10575	18726	29301	120558	198692	319250
"2013.08.30"	"Iraq"	"Tuz Khurmatu"	13	18	31	10588	18744	29332	120571	198710	319281
"2013.08.30"	"Nigeria"	"Monguno"	24	0	24	10612	18744	29356	120595	198710	319305
"2013.08.31"	"Pakistan"	"Karachi"	4	6	10	10616	18750	29366	120599	198716	319315
"2013.08.31"	"Pakistan"	"Karachi"	1	0	1	10617	18750	29367	120600	198716	319316
"2013.08.31"	"Yemen"	"Lahj"	1	0	1	10618	18750	29368	120601	198716	319317
"2013.08.31"	"Iraq"	"Baghdad"	5	4	9	10623	18754	29377	120606	198720	319326
"2013.08.31"	"Iraq"	"Ramadi"	12	20	32	10635	18774	29409	120618	198740	319358
"2013.08.31"	"Iraq"	"Dijail"	3	3	6	10638	18777	29415	120621	198743	319364
"2013.08.31"	"Nigeria"	"Borno"	14	0	14	10652	18777	29429	120635	198743	319378
"2013.08.31"	"Afghanistan"	"Kabul"	6	24	30	10658	18801	29459	120641	198767	319408
"2013.08.31"	"Afghanistan"	"Sangin"	12	0	12	10670	18801	29471	120653	198767	319420
"2013.09.01"	"Nigeria"	"Adu"	9	3	12	10679	18804	29483	120662	198770	319432
"2013.09.01"	"Afghanistan"	"Andar"	7	0	7	10686	18804	29490	120669	198770	319439
"2013.09.01"	"Pakistan"	"Miranshah"	9	21	30	10695	18825	29520	120678	198791	319469
"2013.09.01"	"Pakistan"	"Matta"	1	0	1	10696	18825	29521	120679	198791	319470
"2013.09.01"	"Somalia"	"Beledweyne"	1	1	2	10697	18826	29523	120680	198792	319472
"2013.09.01"	"Iraq"	"Camp Ashraf"	52	0	52	10749	18826	29575	120732	198792	319524
"2013.09.02"	"Iraq"	"Baghdad"	8	14	22	10757	18840	29597	120740	198806	319546
"2013.09.02"	"Iraq"	"Baqubah"	4	12	16	10761	18852	29613	120744	198818	319562
"2013.09.03"	"Nigeria"	"Gura Dabwam"	3	1	4	10764	18853	29617	120747	198819	319566
"2013.09.03"	"Nigeria"	"Kunte-Kuru"	6	0	6	10770	18853	29623	120753	198819	319572
"2013.09.03"	"Nigeria"	"Jos"	3	1	4	10773	18854	29627	120756	198820	319576
"2013.09.03"	"Iraq"	"Tarmiya"	12	39	51	10785	18893	29678	120768	198859	319627
"2013.09.03"	"Iraq"	"Arab Jubour"	5	0	5	10790	18893	29683	120773	198859	319632
"2013.09.03"	"Iraq"	"Baghdad"	29	180	209	10819	19073	29892	120802	199039	319841
"2013.09.03"	"Afghanistan"	"Khairabad"	4	1	5	10823	19074	29897	120806	199040	319846
"2013.09.03"	"Dagestan"	"Makhachkala"	3	0	3	10826	19074	29900	120809	199040	319849
"2013.09.03"	"Iraq"	"Husseiniyah"	9	32	41	10835	19106	29941	120818	199072	319890
"2013.09.03"	"Iraq"	"Talibiyah"	7	28	35	10842	19134	29976	120825	199100	319925
"2013.09.03"	"Iraq"	"Sadr City"	3	8	11	10845	19142	29987	120828	199108	319936
"2013.09.03"	"Iraq"	"Sadiyah"	6	15	21	10851	19157	30008	120834	199123	319957
"2013.09.03"	"Iraq"	"Karradah"	6	14	20	10857	19171	30028	120840	199137	319977
"2013.09.03"	"Iraq"	"Maamil"	3	41	44	10860	19212	30072	120843	199178	320021
"2013.09.03"	"Nigeria"	"Kaduna"	10	0	10	10870	19212	30082	120853	199178	320031
"2013.09.03"	"Pakistan"	"Karachi"	1	0	1	10871	19212	30083	120854	199178	320032
"2013.09.03"	"Pakistan"	"Karachi"	3	0	3	10874	19212	30086	120857	199178	320035
"2013.09.03"	"Afghanistan"	"Herat"	1	0	1	10875	19212	30087	120858	199178	320036
"2013.09.03"	"Iraq"	"Jabla"	5	6	11	10880	19218	30098	120863	199184	320047
"2013.09.03"	"Syria"	"Talkalakh"	24	0	24	10904	19218	30122	120887	199184	320071
"2013.09.04"	"Iraq"	"Baji"	3	4	7	10907	19222	30129	120890	199188	320078
"2013.09.04"	"Iraq"	"Mosul"	5	11	16	10912	19233	30145	120895	199199	320094
"2013.09.04"	"Afghanistan"	"Shindand"	4	0	4	10916	19233	30149	120899	199199	320098
"2013.09.04"	"Afghanistan"	"Paktiya"	1	0	1	10917	19233	30150	120900	199199	320099
"2013.09.04"	"Syria"	"Maaloula"	8	27	35	10925	19260	30185	120908	199226	320134
"2013.09.04"	"Iraq"	"Latifiyah"	18	9	27	10943	19269	30212	120926	199235	320161
"2013.09.04"	"Afghanistan"	"Ghazni"	3	0	3	10946	19269	30215	120929	199235	320164
"2013.09.04"	"Syria"	"Maalula"	1	0	1	10947	19269	30216	120930	199235	320165
"2013.09.05"	"Syria"	"Damascus"	4	6	10	10951	19275	30226	120934	199241	320175
"2013.09.05"	"Egypt"	"al-Arish"	2	8	10	10953	19283	30236	120936	199249	320185
"2013.09.05"	"Iraq"	"Kirkuk"	2	25	27	10955	19308	30263	120938	199274	320212
"2013.09.05"	"Iraq"	"Haswa"	3	2	5	10958	19310	30268	120941	199276	320217
"2013.09.05"	"Nigeria"	"Gajiram"	15	12	27	10973	19322	30295	120956	199288	320244
"2013.09.05"	"Afghanistan"	"Kabul"	0	3	3	10973	19325	30298	120956	199291	320247
"2013.09.05"	"Afghanistan"	"Paktika"	1	0	1	10974	19325	30299	120957	199291	320248
"2013.09.05"	"Egypt"	"Nasr City"	2	10	12	10976	19335	30311	120959	199301	320260
"2013.09.05"	"Pakistan"	"Jamrud"	0	16	16	10976	19351	30327	120959	199317	320276
"2013.09.06"	"Pakistan"	"Peshawar"	6	1	7	10982	19352	30334	120965	199318	320283
"2013.09.06"	"Pakistan"	"Orangi Town"	1	0	1	10983	19352	30335	120966	199318	320284
"2013.09.06"	"Egypt"	"Minya"	1	3	4	10984	19355	30339	120967	199321	320288
"2013.09.06"	"Pakistan"	"Gujrat"	7	2	9	10991	19357	30348	120974	199323	320297
"2013.09.07"	"Egypt"	"Sheikh Zuwayed"	2	0	2	10993	19357	30350	120976	199323	320299
"2013.09.07"	"Syria"	"Maaloula"	3	0	3	10996	19357	30353	120979	199323	320302
"2013.09.07"	"Iraq"	"Taji"	2	5	7	10998	19362	30360	120981	199328	320309
"2013.09.07"	"Iraq"	"Tikrit"	3	5	8	11001	19367	30368	120984	199333	320317
"2013.09.07"	"Dagestan"	"Derbent"	1	0	1	11002	19367	30369	120985	199333	320318
"2013.09.07"	"India"	"Muzaffarnagar"	3	0	3	11005	19367	30372	120988	199333	320321
"2013.09.07"	"Somalia"	"Hamarweyne"	18	31	49	11023	19398	30421	121006	199364	320370
"2013.09.08"	"Syria"	"Maaloula"	3	6	9	11026	19404	30430	121009	199370	320379
"2013.09.08"	"Iraq"	"Samarrah"	3	0	3	11029	19404	30433	121012	199370	320382
"2013.09.08"	"Iraq"	"Basra"	6	0	6	11035	19404	30439	121018	199370	320388
"2013.09.08"	"Pakistan"	"Khyber"	5	2	7	11040	19406	30446	121023	199372	320395
"2013.09.08"	"Iraq"	"Jalula"	3	10	13	11043	19416	30459	121026	199382	320408
"2013.09.08"	"Nigeria"	"Benisheik"	12	18	30	11055	19434	30489	121038	199400	320438
"2013.09.08"	"Afghanistan"	"Wardak"	4	120	124	11059	19554	30613	121042	199520	320562
"2013.09.09"	"Pakistan"	"Landi Kotal"	3	4	7	11062	19558	30620	121045	199524	320569
"2013.09.09"	"Philippines"	"Zamboanga"	6	24	30	11068	19582	30650	121051	199548	320599
"2013.09.10"	"Syria"	"Maksar al-Hesan"	30	0	30	11098	19582	30680	121081	199548	320629
"2013.09.10"	"Iraq"	"Yusufiyah"	6	0	6	11104	19582	30686	121087	199548	320635
"2013.09.10"	"Iraq"	"Latifiya"	4	14	18	11108	19596	30704	121091	199562	320653
"2013.09.10"	"Iraq"	"Baqubah"	10	34	44	11118	19630	30748	121101	199596	320697
"2013.09.10"	"Iraq"	"Baghdad"	3	14	17	11121	19644	30765	121104	199610	320714
"2013.09.10"	"Pakistan"	"Karachi"	4	0	4	11125	19644	30769	121108	199610	320718
"2013.09.10"	"Thailand"	"Yala"	2	2	4	11127	19646	30773	121110	199612	320722
"2013.09.10"	"Yemen"	"Amran"	42	0	42	11169	19646	30815	121152	199612	320764
"2013.09.10"	"Afghanistan"	"Ghazni"	7	17	24	11176	19663	30839	121159	199629	320788
"2013.09.10"	"Afghanistan"	"Musa Qala"	5	0	5	11181	19663	30844	121164	199629	320793
"2013.09.10"	"Egypt"	"Dalga"	1	0	1	11182	19663	30845	121165	199629	320794
"2013.09.11"	"Egypt"	"Rafah"	11	17	28	11193	19680	30873	121176	199646	320822
"2013.09.11"	"Iraq"	"Baghdad"	31	57	88	11224	19737	30961	121207	199703	320910
"2013.09.11"	"Thailand"	"Pattani"	5	0	5	11229	19737	30966	121212	199703	320915
"2013.09.11"	"Iraq"	"Baghdad"	15	8	23	11244	19745	30989	121227	199711	320938
"2013.09.11"	"Nigeria"	"Adamawa"	2	1	3	11246	19746	30992	121229	199712	320941
"2013.09.11"	"Pakistan"	"Nazimabad"	1	0	1	11247	19746	30993	121230	199712	320942
"2013.09.11"	"Syria"	"Deir al-Zour"	35	0	35	11282	19746	31028	121265	199712	320977
"2013.09.12"	"Philippines"	"Basilan"	1	4	5	11283	19750	31033	121266	199716	320982
"2013.09.12"	"Iraq"	"Kirkuk"	3	31	34	11286	19781	31067	121269	199747	321016
"2013.09.12"	"Iraq"	"Basra"	4	0	4	11290	19781	31071	121273	199747	321020
"2013.09.12"	"Indonesia"	"Jember"	1	0	1	11291	19781	31072	121274	199747	321021
"2013.09.12"	"Thailand"	"Pattani"	3	1	4	11294	19782	31076	121277	199748	321025
"2013.09.12"	"Egypt"	"Sahel Selim"	2	0	2	11296	19782	31078	121279	199748	321027
"2013.09.13"	"Syria"	"Damascus"	2	5	7	11298	19787	31085	121281	199753	321034
"2013.09.13"	"Tanzania"	"Zanzibar"	0	1	1	11298	19788	31086	121281	199754	321035
"2013.09.13"	"Iraq"	"Mosul"	6	0	6	11304	19788	31092	121287	199754	321041
"2013.09.13"	"Iraq"	"Baqubah"	32	43	75	11336	19831	31167	121319	199797	321116
"2013.09.13"	"Iraq"	"Samarrah"	3	0	3	11339	19831	31170	121322	199797	321119
"2013.09.13"	"Israel"	"Yata"	1	0	1	11340	19831	31171	121323	199797	321120
"2013.09.13"	"Afghanistan"	"Herat"	3	17	20	11343	19848	31191	121326	199814	321140
"2013.09.13"	"Philippines"	"Zamboanga"	16	28	44	11359	19876	31235	121342	199842	321184
"2013.09.14"	"Pakistan"	"Karachi"	1	0	1	11360	19876	31236	121343	199842	321185
"2013.09.14"	"Iraq"	"Mosul"	3	1	4	11363	19877	31240	121346	199843	321189
"2013.09.14"	"Iraq"	"Dujail"	5	0	5	11368	19877	31245	121351	199843	321194
"2013.09.14"	"Thailand"	"Pattani"	2	4	6	11370	19881	31251	121353	199847	321200
"2013.09.14"	"Yemen"	"al-Qatn"	2	8	10	11372	19889	31261	121355	199855	321210
"2013.09.14"	"Afghanistan"	"Kandahar"	3	3	6	11375	19892	31267	121358	199858	321216
"2013.09.14"	"Pakistan"	"Karachi"	1	0	1	11376	19892	31268	121359	199858	321217
"2013.09.14"	"Iraq"	"Mosul"	27	36	63	11403	19928	31331	121386	199894	321280
"2013.09.14"	"Iraq"	"Abu Ghraib"	3	5	8	11406	19933	31339	121389	199899	321288
"2013.09.14"	"Iraq"	"Ramadi"	2	3	5	11408	19936	31344	121391	199902	321293
"2013.09.14"	"Pakistan"	"Darra"	2	4	6	11410	19940	31350	121393	199906	321299
"2013.09.15"	"Pakistan"	"Jawaki"	3	0	3	11413	19940	31353	121396	199906	321302
"2013.09.15"	"Pakistan"	"Upper Dir"	3	0	3	11416	19940	31356	121399	199906	321305
"2013.09.15"	"Iraq"	"Hillah"	15	29	44	11431	19969	31400	121414	199935	321349
"2013.09.15"	"Iraq"	"Iskandariyah"	4	9	13	11435	19978	31413	121418	199944	321362
"2013.09.15"	"Iraq"	"Karbalah"	5	25	30	11440	20003	31443	121423	199969	321392
"2013.09.15"	"Iraq"	"Kut"	9	45	54	11449	20048	31497	121432	200014	321446
"2013.09.15"	"Iraq"	"Abu Sayda"	3	0	3	11452	20048	31500	121435	200014	321449
"2013.09.15"	"Iraq"	"Basra"	8	26	34	11460	20074	31534	121443	200040	321483
"2013.09.15"	"Iraq"	"Baghdad"	12	22	34	11472	20096	31568	121455	200062	321517
"2013.09.15"	"Iraq"	"Rashid"	4	0	4	11476	20096	31572	121459	200062	321521
"2013.09.15"	"Pakistan"	"Karachi"	1	0	1	11477	20096	31573	121460	200062	321522
"2013.09.15"	"Dagestan"	"Kizlyar"	1	0	1	11478	20096	31574	121461	200062	321523
"2013.09.16"	"Iraq"	"Mosul"	1	10	11	11479	20106	31585	121462	200072	321534
"2013.09.16"	"Iraq"	"Tarmiya"	2	5	7	11481	20111	31592	121464	200077	321541
"2013.09.16"	"Chechnya"	"Sernovodsk"	3	6	9	11484	20117	31601	121467	200083	321550
"2013.09.16"	"Afghanistan"	"Helmand"	1	0	1	11485	20117	31602	121468	200083	321551
"2013.09.16"	"Egypt"	"Arish"	1	8	9	11486	20125	31611	121469	200091	321560
"2013.09.17"	"Egypt"	"Cairo"	2	0	2	11488	20125	31613	121471	200091	321562
"2013.09.17"	"Iraq"	"Sadr City"	6	18	24	11494	20143	31637	121477	200109	321586
"2013.09.17"	"Iraq"	"Madaen"	5	0	5	11499	20143	31642	121482	200109	321591
"2013.09.17"	"Iraq"	"Husseiniya"	8	20	28	11507	20163	31670	121490	200129	321619
"2013.09.17"	"Iraq"	"Fallujah"	8	12	20	11515	20175	31690	121498	200141	321639
"2013.09.17"	"Iraq"	"Baghdad"	17	85	102	11532	20260	31792	121515	200226	321741
"2013.09.17"	"Pakistan"	"Karachi"	4	0	4	11536	20260	31796	121519	200226	321745
"2013.09.18"	"Afghanistan"	"Badakhshan"	18	13	31	11554	20273	31827	121537	200239	321776
"2013.09.18"	"Afghanistan"	"Kunduz"	1	0	1	11555	20273	31828	121538	200239	321777
"2013.09.18"	"Pakistan"	"Quetta"	2	0	2	11557	20273	31830	121540	200239	321779
"2013.09.18"	"Bangladesh"	"Noakhali"	1	0	1	11558	20273	31831	121541	200239	321780
"2013.09.18"	"Nigeria"	"Benisheik"	161	0	161	11719	20273	31992	121702	200239	321941
"2013.09.18"	"Thailand"	"Narathiwat"	1	0	1	11720	20273	31993	121703	200239	321942
"2013.09.18"	"Thailand"	"Pattani"	2	0	2	11722	20273	31995	121705	200239	321944
"2013.09.19"	"Iraq"	"Baghdad"	10	0	10	11732	20273	32005	121715	200239	321954
"2013.09.19"	"Iraq"	"Haswa"	9	30	39	11741	20303	32044	121724	200269	321993
"2013.09.19"	"Iraq"	"Ishaqi"	6	18	24	11747	20321	32068	121730	200287	322017
"2013.09.19"	"Pakistan"	"Peshawar"	3	20	23	11750	20341	32091	121733	200307	322040
"2013.09.19"	"Bangladesh"	"Sirajganj"	1	1	2	11751	20342	32093	121734	200308	322042
"2013.09.19"	"Pakistan"	"Landhi"	1	9	10	11752	20351	32103	121735	200317	322052
"2013.09.19"	"Pakistan"	"Karachi"	3	18	21	11755	20369	32124	121738	200335	322073
"2013.09.19"	"Afghanistan"	"Badakhshan"	10	16	26	11765	20385	32150	121748	200351	322099
"2013.09.19"	"Syria"	"Jbourin"	19	4	23	11784	20389	32173	121767	200355	322122
"2013.09.19"	"Pakistan"	"Quetta"	2	0	2	11786	20389	32175	121769	200355	322124
"2013.09.20"	"Israel"	"Qalqiliya"	1	0	1	11787	20389	32176	121770	200355	322125
"2013.09.20"	"Pakistan"	"Bahawalpur"	1	0	1	11788	20389	32177	121771	200355	322126
"2013.09.20"	"Philippines"	"Zamboanga"	3	1	4	11791	20390	32181	121774	200356	322130
"2013.09.20"	"Iraq"	"Samarra"	18	21	39	11809	20411	32220	121792	200377	322169
"2013.09.20"	"Yemen"	"Shabwa"	65	38	103	11874	20449	32323	121857	200415	322272
"2013.09.21"	"Syria"	"Aleppo"	40	0	40	11914	20449	32363	121897	200415	322312
"2013.09.21"	"Iraq"	"Azamiyah"	4	0	4	11918	20449	32367	121901	200415	322316
"2013.09.21"	"Iraq"	"Ur"	9	14	23	11927	20463	32390	121910	200429	322339
"2013.09.21"	"Kenya"	"Nairobi"	68	175	243	11995	20638	32633	121978	200604	322582
"2013.09.21"	"Somalia"	"Bakaro"	2	6	8	11997	20644	32641	121980	200610	322590
"2013.09.21"	"Iraq"	"Sadr City"	72	120	192	12069	20764	32833	122052	200730	322782
"2013.09.21"	"Iraq"	"Beiji"	7	21	28	12076	20785	32861	122059	200751	322810
"2013.09.21"	"Afghanistan"	"Paktia"	3	0	3	12079	20785	32864	122062	200751	322813
"2013.09.21"	"Pal. Auth."	"Gaza"	1	0	1	12080	20785	32865	122063	200751	322814
"2013.09.22"	"Afghanistan"	"Shorabak"	11	0	11	12091	20785	32876	122074	200751	322825
"2013.09.22"	"Iraq"	"Kirkuk"	0	51	51	12091	20836	32927	122074	200802	322876
"2013.09.22"	"Iraq"	"Baghdad"	6	0	6	12097	20836	32933	122080	200802	322882
"2013.09.22"	"Iraq"	"Baghdad"	12	35	47	12109	20871	32980	122092	200837	322929
"2013.09.22"	"Israel"	"Hebron"	1	0	1	12110	20871	32981	122093	200837	322930
"2013.09.22"	"Pakistan"	"Peshawar"	105	150	255	12215	21021	33236	122198	200987	323185
"2013.09.22"	"Yemen"	"Maarib"	4	2	6	12219	21023	33242	122202	200989	323191
"2013.09.23"	"Iraq"	"Sadr City"	2	10	12	12221	21033	33254	122204	200999	323203
"2013.09.23"	"Iraq"	"Ramadi"	3	4	7	12224	21037	33261	122207	201003	323210
"2013.09.23"	"Iraq"	"Yusufiya"	3	2	5	12227	21039	33266	122210	201005	323215
"2013.09.23"	"Pakistan"	"Pishin"	5	5	10	12232	21044	33276	122215	201010	323225
"2013.09.23"	"Pakistan"	"Gilgit"	1	0	1	12233	21044	33277	122216	201010	323226
"2013.09.23"	"Afghanistan"	"Chardara"	1	0	1	12234	21044	33278	122217	201010	323227
"2013.09.23"	"Egypt"	"Ismailiya"	1	0	1	12235	21044	33279	122218	201010	323228
"2013.09.23"	"India"	"Srinagar"	1	1	2	12236	21045	33281	122219	201011	323230
"2013.09.23"	"Iraq"	"Adhamiyah"	16	34	50	12252	21079	33331	122235	201045	323280
"2013.09.23"	"Dagestan"	"Tabasaransky"	2	16	18	12254	21095	33349	122237	201061	323298
"2013.09.23"	"Philippines"	"North Cotabato"	8	15	23	12262	21110	33372	122245	201076	323321
"2013.09.23"	"Iraq"	"Mosul"	2	2	4	12264	21112	33376	122247	201078	323325
"2013.09.23"	"Syria"	"al-Thawra"	1	0	1	12265	21112	33377	122248	201078	323326
"2013.09.23"	"DRC"	"Watalinga"	3	30	33	12268	21142	33410	122251	201108	323359
"2013.09.24"	"Iraq"	"Haditha"	9	0	9	12277	21142	33419	122260	201108	323368
"2013.09.24"	"Syria"	"Damascus"	7	15	22	12284	21157	33441	122267	201123	323390
"2013.09.25"	"Libya"	"Derna"	2	0	2	12286	21157	33443	122269	201123	323392
"2013.09.25"	"Yemen"	"Ataq"	1	0	1	12287	21157	33444	122270	201123	323393
"2013.09.25"	"Iraq"	"Hawijah"	10	22	32	12297	21179	33476	122280	201145	323425
"2013.09.25"	"Iraq"	"Baghdad"	6	0	6	12303	21179	33482	122286	201145	323431
"2013.09.25"	"Iraq"	"Balad"	5	3	8	12308	21182	33490	122291	201148	323439
"2013.09.25"	"Pakistan"	"Mohmand"	3	7	10	12311	21189	33500	122294	201155	323449
"2013.09.25"	"Dagestan"	"Makhachkala"	2	0	2	12313	21189	33502	122296	201155	323451
"2013.09.25"	"Kenya"	"Wajir"	1	3	4	12314	21192	33506	122297	201158	323455
"2013.09.26"	"Iraq"	"Baghdad"	19	50	69	12333	21242	33575	122316	201208	323524
"2013.09.26"	"Thailand"	"Yala"	1	0	1	12334	21242	33576	122317	201208	323525
"2013.09.26"	"India"	"Kashmir"	10	4	14	12344	21246	33590	122327	201212	323539
"2013.09.26"	"Kenya"	"Mandera"	2	3	5	12346	21249	33595	122329	201215	323544
"2013.09.26"	"Nigeria"	"Dorawa"	3	0	3	12349	21249	33598	122332	201215	323547
"2013.09.26"	"Iraq"	"Tikrit"	4	0	4	12353	21249	33602	122336	201215	323551
"2013.09.26"	"Iraq"	"Baghdad"	20	71	91	12373	21320	33693	122356	201286	323642
"2013.09.26"	"Iraq"	"Baghdad"	8	14	22	12381	21334	33715	122364	201300	323664
"2013.09.26"	"Pakistan"	"Rahim Yar Khan"	2	0	2	12383	21334	33717	122366	201300	323666
"2013.09.26"	"Nigeria"	"Gamboru"	27	0	27	12410	21334	33744	122393	201300	323693
"2013.09.26"	"Yemen"	"Huta"	1	0	1	12411	21334	33745	122394	201300	323694
"2013.09.27"	"Pakistan"	"Peshawar"	19	46	65	12430	21380	33810	122413	201346	323759
"2013.09.27"	"Syria"	"Rankus"	37	100	137	12467	21480	33947	122450	201446	323896
"2013.09.27"	"Egypt"	"al-Arish"	1	0	1	12468	21480	33948	122451	201446	323897
"2013.09.27"	"Thailand"	"Narathiwat"	1	0	1	12469	21480	33949	122452	201446	323898
"2013.09.27"	"Iraq"	"Mosul"	2	11	13	12471	21491	33962	122454	201457	323911
"2013.09.27"	"Iraq"	"Baghdad"	9	33	42	12480	21524	34004	122463	201490	323953
"2013.09.27"	"Nigeria"	"Saminaka"	3	0	3	12483	21524	34007	122466	201490	323956
"2013.09.28"	"Afghanistan"	"Uruzgan"	2	0	2	12485	21524	34009	122468	201490	323958
"2013.09.28"	"Afghanistan"	"Ghazni"	3	8	11	12488	21532	34020	122471	201498	323969
"2013.09.28"	"Mali"	"Timbuktu"	2	6	8	12490	21538	34028	122473	201504	323977
"2013.09.28"	"Iraq"	"Tarmiyah"	4	15	19	12494	21553	34047	122477	201519	323996
"2013.09.28"	"Nigeria"	"Zangang"	15	12	27	12509	21565	34074	122492	201531	324023
"2013.09.29"	"Yemen"	"Taez"	1	0	1	12510	21565	34075	122493	201531	324024
"2013.09.29"	"Iraq"	"Hussainya"	5	14	19	12515	21579	34094	122498	201545	324043
"2013.09.29"	"Iraq"	"Shurqat"	4	6	10	12519	21585	34104	122502	201551	324053
"2013.09.29"	"Iraq"	"Tarmiyah"	1	0	1	12520	21585	34105	122503	201551	324054
"2013.09.29"	"Iraq"	"Mussayab"	40	50	90	12560	21635	34195	122543	201601	324144
"2013.09.29"	"Nigeria"	"Gujba"	64	16	80	12624	21651	34275	122607	201617	324224
"2013.09.29"	"Pakistan"	"Peshawar"	42	107	149	12666	21758	34424	122649	201724	324373
"2013.09.29"	"Iraq"	"Irbil"	6	40	46	12672	21798	34470	122655	201764	324419
"2013.09.29"	"Afghanistan"	"Herat"	5	0	5	12677	21798	34475	122660	201764	324424
"2013.09.30"	"Iraq"	"Sadr City"	7	16	23	12684	21814	34498	122667	201780	324447
"2013.09.30"	"Iraq"	"Kadhimiya"	9	25	34	12693	21839	34532	122676	201805	324481
"2013.09.30"	"Iraq"	"Shaab"	5	30	35	12698	21869	34567	122681	201835	324516
"2013.09.30"	"Iraq"	"Mosul"	3	3	6	12701	21872	34573	122684	201838	324522
"2013.09.30"	"Iraq"	"Baghdad"	24	78	102	12725	21950	34675	122708	201916	324624
"2013.09.30"	"Pakistan"	"Karachi"	2	0	2	12727	21950	34677	122710	201916	324626
"2013.09.30"	"Afghanistan"	"Takhar"	2	0	2	12729	21950	34679	122712	201916	324628
"2013.09.30"	"Egypt"	"Ismailia"	4	0	4	12733	21950	34683	122716	201916	324632
"2013.09.30"	"Yemen"	"Mukalla"	2	0	2	12735	21950	34685	122718	201916	324634
"2013.09.30"	"Pakistan"	"Karachi"	1	0	1	12736	21950	34686	122719	201916	324635
"2013.09.30"	"Pakistan"	"Gilgit"	1	0	1	12737	21950	34687	122720	201916	324636
"2013.10.01"	"Pakistan"	"Rawalpindi"	4	0	4	12741	21950	34691	122724	201916	324640
"2013.10.01"	"Dagestan"	"Khasavyurt"	2	0	2	12743	21950	34693	122726	201916	324642
"2013.10.01"	"Iraq"	"Tikrit"	5	0	5	12748	21950	34698	122731	201916	324647
"2013.10.01"	"Pakistan"	"Lahore"	1	0	1	12749	21950	34699	122732	201916	324648
"2013.10.02"	"Pakistan"	"Parachinar"	1	2	3	12750	21952	34702	122733	201918	324651
"2013.10.02"	"Thailand"	"Yala"	2	5	7	12752	21957	34709	122735	201923	324658
"2013.10.02"	"Yemen"	"Hadramout"	5	0	5	12757	21957	34714	122740	201923	324663
"2013.10.02"	"Afghanistan"	"Chaman"	8	16	24	12765	21973	34738	122748	201939	324687
"2013.10.02"	"Thailand"	"Yala"	4	3	7	12769	21976	34745	122752	201942	324694
"2013.10.02"	"Iraq"	"Baghdad"	4	17	21	12773	21993	34766	122756	201959	324715
"2013.10.02"	"Iraq"	"Baghdad"	2	6	8	12775	21999	34774	122758	201965	324723
"2013.10.03"	"Iraq"	"Fallujah"	2	3	5	12777	22002	34779	122760	201968	324728
"2013.10.03"	"Pakistan"	"Spin Tall"	17	22	39	12794	22024	34818	122777	201990	324767
"2013.10.03"	"Iraq"	"Madain"	5	13	18	12799	22037	34836	122782	202003	324785
"2013.10.03"	"Afghanistan"	"Nawa"	4	2	6	12803	22039	34842	122786	202005	324791
"2013.10.04"	"Pakistan"	"Islamabad"	0	3	3	12803	22042	34845	122786	202008	324794
"2013.10.04"	"Kenya"	"Mombasa"	5	0	5	12808	22042	34850	122791	202008	324799
"2013.10.04"	"Afghanistan"	"Qaisar"	2	9	11	12810	22051	34861	122793	202017	324810
"2013.10.04"	"Pakistan"	"Karachi"	1	1	2	12811	22052	34863	122794	202018	324812
"2013.10.04"	"Egypt"	"Ismailiya"	2	1	3	12813	22053	34866	122796	202019	324815
"2013.10.04"	"Iraq"	"Anbar"	3	5	8	12816	22058	34874	122799	202024	324823
"2013.10.04"	"Iraq"	"Salaheddin"	3	7	10	12819	22065	34884	122802	202031	324833
"2013.10.04"	"Lebanon"	"Tripoli"	27	358	385	12846	22423	35269	122829	202389	325218
"2013.10.05"	"Pakistan"	"Karachi"	2	0	2	12848	22423	35271	122831	202389	325220
"2013.10.05"	"Iraq"	"Baghdad"	51	109	160	12899	22532	35431	122882	202498	325380
"2013.10.05"	"Iraq"	"Baghdad"	3	15	18	12902	22547	35449	122885	202513	325398
"2013.10.05"	"Iraq"	"Yusufiya"	3	5	8	12905	22552	35457	122888	202518	325406
"2013.10.05"	"Iraq"	"Mosul"	2	0	2	12907	22552	35459	122890	202518	325408
"2013.10.05"	"Iraq"	"Balad"	16	32	48	12923	22584	35507	122906	202550	325456
"2013.10.05"	"Nigeria"	"Damboa"	5	0	5	12928	22584	35512	122911	202550	325461
"2013.10.05"	"CAR"	"Bangassou"	9	0	9	12937	22584	35521	122920	202550	325470
"2013.10.05"	"Pakistan"	"Charbagh"	2	0	2	12939	22584	35523	122922	202550	325472
"2013.10.05"	"Israel"	"Pesagot"	0	1	1	12939	22585	35524	122922	202551	325473
"2013.10.05"	"India"	"Andhra Pradesh"	1	0	1	12940	22585	35525	122923	202551	325474
"2013.10.06"	"Iraq"	"Tal Afar"	15	90	105	12955	22675	35630	122938	202641	325579
"2013.10.06"	"Iraq"	"Baghdad"	14	30	44	12969	22705	35674	122952	202671	325623
"2013.10.06"	"Nigeria"	"Gwoza"	2	0	2	12971	22705	35676	122954	202671	325625
"2013.10.06"	"Pakistan"	"Bannu"	3	8	11	12974	22713	35687	122957	202679	325636
"2013.10.07"	"Pakistan"	"Mardan"	4	0	4	12978	22713	35691	122961	202679	325640
"2013.10.07"	"Thailand"	"Narathiwat"	2	0	2	12980	22713	35693	122963	202679	325642
"2013.10.07"	"Pakistan"	"Karachi"	1	0	1	12981	22713	35694	122964	202679	325643
"2013.10.07"	"Pakistan"	"Peshawar"	6	12	18	12987	22725	35712	122970	202691	325661
"2013.10.07"	"Egypt"	"Ismailiya"	5	0	5	12992	22725	35717	122975	202691	325666
"2013.10.07"	"Egypt"	"al-Tour"	5	48	53	12997	22773	35770	122980	202739	325719
"2013.10.07"	"Iraq"	"Baghdad"	4	11	15	13001	22784	35785	122984	202750	325734
"2013.10.07"	"Iraq"	"Husseiniya"	7	21	28	13008	22805	35813	122991	202771	325762
"2013.10.07"	"Iraq"	"Zafaraniyah"	6	21	27	13014	22826	35840	122997	202792	325789
"2013.10.07"	"Iraq"	"Obeidi"	5	8	13	13019	22834	35853	123002	202800	325802
"2013.10.07"	"Iraq"	"Baghdad"	3	10	13	13022	22844	35866	123005	202810	325815
"2013.10.07"	"Iraq"	"Baghdad"	8	22	30	13030	22866	35896	123013	202832	325845
"2013.10.07"	"Iraq"	"Dora"	4	8	12	13034	22874	35908	123017	202840	325857
"2013.10.07"	"Iraq"	"Sadiyah"	3	10	13	13037	22884	35921	123020	202850	325870
"2013.10.07"	"Iraq"	"Baghdad"	5	10	15	13042	22894	35936	123025	202860	325885
"2013.10.07"	"Yemen"	"Sanaa"	1	0	1	13043	22894	35937	123026	202860	325886
"2013.10.08"	"Iraq"	"Zafaraniyah"	9	16	25	13052	22910	35962	123035	202876	325911
"2013.10.08"	"CAR"	"Gaga"	40	50	90	13092	22960	36052	123075	202926	326001
"2013.10.09"	"Afghanistan"	"Helmand"	3	4	7	13095	22964	36059	123078	202930	326008
"2013.10.09"	"Iraq"	"Baiji"	4	6	10	13099	22970	36069	123082	202936	326018
"2013.10.09"	"Iraq"	"Kut"	8	7	15	13107	22977	36084	123090	202943	326033
"2013.10.09"	"Thailand"	"Pattani"	1	1	2	13108	22978	36086	123091	202944	326035
"2013.10.09"	"Thailand"	"Yala"	7	22	29	13115	23000	36115	123098	202966	326064
"2013.10.09"	"Syria"	"Aleppo"	10	6	16	13125	23006	36131	123108	202972	326080
"2013.10.10"	"Syria"	"Jaramana"	11	23	34	13136	23029	36165	123119	202995	326114
"2013.10.10"	"Egypt"	"al-Reesa"	4	3	7	13140	23032	36172	123123	202998	326121
"2013.10.10"	"Pakistan"	"Lahore"	1	13	14	13141	23045	36186	123124	203011	326135
"2013.10.10"	"Yemen"	"Mukalla"	1	0	1	13142	23045	36187	123125	203011	326136
"2013.10.10"	"Syria"	"al-Qusayr"	6	0	6	13148	23045	36193	123131	203011	326142
"2013.10.10"	"Iraq"	"Baghdad"	3	8	11	13151	23053	36204	123134	203019	326153
"2013.10.10"	"Israel"	"Mshadmot Mehola"	1	1	2	13152	23054	36206	123135	203020	326155
"2013.10.11"	"Yemen"	"Lahj"	1	4	5	13153	23058	36211	123136	203024	326160
"2013.10.11"	"Pakistan"	"Machi Goth"	1	0	1	13154	23058	36212	123137	203024	326161
"2013.10.11"	"Thailand"	"Pattani"	1	0	1	13155	23058	36213	123138	203024	326162
"2013.10.12"	"Iraq"	"Tuz Khormato"	4	7	11	13159	23065	36224	123142	203031	326173
"2013.10.12"	"Pakistan"	"Wana"	2	2	4	13161	23067	36228	123144	203033	326177
"2013.10.12"	"Iraq"	"Samarrah"	24	32	56	13185	23099	36284	123168	203065	326233
"2013.10.12"	"Afghanistan"	"Jalalabad"	4	8	12	13189	23107	36296	123172	203073	326245
"2013.10.12"	"Scotland"	"Stirling"	1	0	1	13190	23107	36297	123173	203073	326246
"2013.10.13"	"Afghanistan"	"Nuristan"	7	9	16	13197	23116	36313	123180	203082	326262
"2013.10.13"	"Afghanistan"	"Kunar"	2	0	2	13199	23116	36315	123182	203082	326264
"2013.10.13"	"Iraq"	"Hillah"	8	27	35	13207	23143	36350	123190	203109	326299
"2013.10.13"	"Iraq"	"Kut"	4	31	35	13211	23174	36385	123194	203140	326334
"2013.10.13"	"Pakistan"	"Karachi"	1	1	2	13212	23175	36387	123195	203141	326336
"2013.10.13"	"Iraq"	"Baghdad"	14	17	31	13226	23192	36418	123209	203158	326367
"2013.10.13"	"Iraq"	"Samarrah"	9	22	31	13235	23214	36449	123218	203180	326398
"2013.10.13"	"Iraq"	"Samarrah"	4	10	14	13239	23224	36463	123222	203190	326412
"2013.10.13"	"Iraq"	"Diwaniya"	9	56	65	13248	23280	36528	123231	203246	326477
"2013.10.13"	"Syria"	"Darkush"	39	27	66	13287	23307	36594	123270	203273	326543
"2013.10.14"	"Iraq"	"Yathrib"	3	6	9	13290	23313	36603	123273	203279	326552
"2013.10.14"	"Ethiopia"	"Addis Ababa"	0	0	0	13290	23313	36603	123273	203279	326552
"2013.10.15"	"Iraq"	"Mosul"	2	0	2	13292	23313	36605	123275	203279	326554
"2013.10.15"	"Yemen"	"Hadramawt"	1	0	1	13293	23313	36606	123276	203279	326555
"2013.10.15"	"Iraq"	"Kirkuk"	12	24	36	13305	23337	36642	123288	203303	326591
"2013.10.15"	"Afghanistan"	"Logar"	2	18	20	13307	23355	36662	123290	203321	326611
"2013.10.15"	"Yemen"	"Lahj"	2	4	6	13309	23359	36668	123292	203325	326617
"2013.10.16"	"Iraq"	"Abu Saida"	2	3	5	13311	23362	36673	123294	203328	326622
"2013.10.16"	"Iraq"	"Abu Ghraib"	5	16	21	13316	23378	36694	123299	203344	326643
"2013.10.16"	"Syria"	"Daraa"	21	12	33	13337	23390	36727	123320	203356	326676
"2013.10.16"	"Pakistan"	"Kulachi"	9	30	39	13346	23420	36766	123329	203386	326715
"2013.10.16"	"Pakistan"	"Swat"	3	10	13	13349	23430	36779	123332	203396	326728
"2013.10.17"	"Iraq"	"Baghdad"	11	22	33	13360	23452	36812	123343	203418	326761
"2013.10.17"	"Iraq"	"Baghdad"	8	15	23	13368	23467	36835	123351	203433	326784
"2013.10.17"	"Iraq"	"Baghdad"	7	14	21	13375	23481	36856	123358	203447	326805
"2013.10.17"	"Iraq"	"Baghdad"	11	54	65	13386	23535	36921	123369	203501	326870
"2013.10.17"	"Tunisia"	"Beja"	2	1	3	13388	23536	36924	123371	203502	326873
"2013.10.17"	"Iraq"	"al-Muwaffaqiyah"	15	60	75	13403	23596	36999	123386	203562	326948
"2013.10.17"	"Iraq"	"Mosul"	1	3	4	13404	23599	37003	123387	203565	326952
"2013.10.17"	"Iraq"	"Tuz Khurmatu"	4	27	31	13408	23626	37034	123391	203592	326983
"2013.10.18"	"Iraq"	"Baghdad"	12	23	35	13420	23649	37069	123403	203615	327018
"2013.10.18"	"Dagestan"	"Khasavyurt"	1	0	1	13421	23649	37070	123404	203615	327019
"2013.10.18"	"Yemen"	"Ahwar"	12	6	18	13433	23655	37088	123416	203621	327037
"2013.10.18"	"Egypt"	"al-Arish"	1	0	1	13434	23655	37089	123417	203621	327038
"2013.10.18"	"Afghanistan"	"Kabul"	6	0	6	13440	23655	37095	123423	203621	327044
"2013.10.18"	"Iraq"	"Mashtal"	3	12	15	13443	23667	37110	123426	203633	327059
"2013.10.18"	"Iraq"	"Baqubah"	4	5	9	13447	23672	37119	123430	203638	327068
"2013.10.18"	"Iraq"	"Sinjar"	4	0	4	13451	23672	37123	123434	203638	327072
"2013.10.18"	"Syria"	"Deir Ezzor"	10	0	10	13461	23672	37133	123444	203638	327082
"2013.10.19"	"Syria"	"Jaramana"	16	12	28	13477	23684	37161	123460	203650	327110
"2013.10.19"	"Somalia"	"Beledweyne"	16	40	56	13493	23724	37217	123476	203690	327166
"2013.10.19"	"Iraq"	"Baghdad"	3	11	14	13496	23735	37231	123479	203701	327180
"2013.10.20"	"Syria"	"Hama"	43	36	79	13539	23771	37310	123522	203737	327259
"2013.10.20"	"Kenya"	"Kilifi"	1	0	1	13540	23771	37311	123523	203737	327260
"2013.10.20"	"Kenya"	"Mombasa"	1	0	1	13541	23771	37312	123524	203737	327261
"2013.10.20"	"Nigeria"	"Logumani"	19	0	19	13560	23771	37331	123543	203737	327280
"2013.10.20"	"Iraq"	"Samarrah"	6	0	6	13566	23771	37337	123549	203737	327286
"2013.10.20"	"Iraq"	"Narathiwat"	5	13	18	13571	23784	37355	123554	203750	327304
"2013.10.20"	"Egypt"	"Warraq"	4	18	22	13575	23802	37377	123558	203768	327326
"2013.10.20"	"Pakistan"	"Peshawar"	4	0	4	13579	23802	37381	123562	203768	327330
"2013.10.20"	"Iraq"	"Abu Disher"	1	0	1	13580	23802	37382	123563	203768	327331
"2013.10.20"	"Iraq"	"Rawa"	8	28	36	13588	23830	37418	123571	203796	327367
"2013.10.20"	"Iraq"	"Baaj"	8	5	13	13596	23835	37431	123579	203801	327380
"2013.10.20"	"Iraq"	"Baghdad"	54	70	124	13650	23905	37555	123633	203871	327504
"2013.10.20"	"Somalia"	"Mogadishu"	1	0	1	13651	23905	37556	123634	203871	327505
"2013.10.21"	"Iraq"	"Fallujah"	7	20	27	13658	23925	37583	123641	203891	327532
"2013.10.21"	"Nigeria"	"Borno"	10	0	10	13668	23925	37593	123651	203891	327542
"2013.10.21"	"Russia"	"Volgograd"	6	37	43	13674	23962	37636	123657	203928	327585
"2013.10.21"	"Pakistan"	"Rawalpindi"	5	16	21	13679	23978	37657	123662	203944	327606
"2013.10.21"	"Afghanistan"	"Lashkar Gah"	2	0	2	13681	23978	37659	123664	203944	327608
"2013.10.21"	"Thailand"	"Narathiwat"	1	1	2	13682	23979	37661	123665	203945	327610
"2013.10.22"	"Iraq"	"Hit"	3	4	7	13685	23983	37668	123668	203949	327617
"2013.10.22"	"Iraq"	"Mosul"	2	1	3	13687	23984	37671	123670	203950	327620
"2013.10.22"	"Iraq"	"Jurf al-Sakhar"	7	9	16	13694	23993	37687	123677	203959	327636
"2013.10.22"	"Iraq"	"Rutba"	10	6	16	13704	23999	37703	123687	203965	327652
"2013.10.22"	"Iraq"	"Ramadi"	7	43	50	13711	24042	37753	123694	204008	327702
"2013.10.22"	"Egypt"	"Sinai"	2	5	7	13713	24047	37760	123696	204013	327709
"2013.10.23"	"Pakistan"	"Karachi"	2	1	3	13715	24048	37763	123698	204014	327712
"2013.10.23"	"Tunisia"	"Sidi Bouzidi"	8	4	12	13723	24052	37775	123706	204018	327724
"2013.10.23"	"Iraq"	"Ramadi"	14	0	14	13737	24052	37789	123720	204018	327738
"2013.10.23"	"Iraq"	"Mosul"	7	12	19	13744	24064	37808	123727	204030	327757
"2013.10.23"	"Iraq"	"Abu Ghraib"	2	8	10	13746	24072	37818	123729	204038	327767
"2013.10.23"	"Iraq"	"Musayyab"	4	2	6	13750	24074	37824	123733	204040	327773
"2013.10.23"	"Egypt"	"Tamada"	1	0	1	13751	24074	37825	123734	204040	327774
"2013.10.23"	"Mali"	"Tessalit"	3	0	3	13754	24074	37828	123737	204040	327777
"2013.10.23"	"Syria"	"Deir al-Zor"	1	0	1	13755	24074	37829	123738	204040	327778
"2013.10.23"	"Iraq"	"Ghazaliyah"	3	11	14	13758	24085	37843	123741	204051	327792
"2013.10.23"	"Iraq"	"Madain"	4	9	13	13762	24094	37856	123745	204060	327805
"2013.10.23"	"Iraq"	"Mosul"	8	0	8	13770	24094	37864	123753	204060	327813
"2013.10.24"	"Pakistan"	"Karachi"	1	3	4	13771	24097	37868	123754	204063	327817
"2013.10.24"	"Iraq"	"Baghdad"	4	7	11	13775	24104	37879	123758	204070	327828
"2013.10.24"	"Iraq"	"Madain"	2	7	9	13777	24111	37888	123760	204077	327837
"2013.10.24"	"Iraq"	"Yusifiyah"	4	11	15	13781	24122	37903	123764	204088	327852
"2013.10.24"	"Iraq"	"Mosul"	3	30	33	13784	24152	37936	123767	204118	327885
"2013.10.24"	"Afghanistan"	"Herat"	6	0	6	13790	24152	37942	123773	204118	327891
"2013.10.24"	"Iraq"	"Anbar"	1	1	2	13791	24153	37944	123774	204119	327893
"2013.10.24"	"Egypt"	"al-Arish"	1	0	1	13792	24153	37945	123775	204119	327894
"2013.10.24"	"Afghanistan"	"Bla Murghab"	4	3	7	13796	24156	37952	123779	204122	327901
"2013.10.24"	"Dagestan"	"Makhachkala"	1	0	1	13797	24156	37953	123780	204122	327902
"2013.10.24"	"Yemen"	"Sanaa"	1	0	1	13798	24156	37954	123781	204122	327903
"2013.10.24"	"Nigeria"	"Damaturu"	35	0	35	13833	24156	37989	123816	204122	327938
"2013.10.24"	"Pakistan"	"Bannu"	1	0	1	13834	24156	37990	123817	204122	327939
"2013.10.25"	"Iran"	"Sistan"	14	7	21	13848	24163	38011	123831	204129	327960
"2013.10.25"	"Pakistan"	"Karachi"	1	0	1	13849	24163	38012	123832	204129	327961
"2013.10.25"	"Iraq"	"Baghdad"	4	15	19	13853	24178	38031	123836	204144	327980
"2013.10.25"	"Iraq"	"Baqubah"	7	8	15	13860	24186	38046	123843	204152	327995
"2013.10.25"	"Iraq"	"Mosul"	3	7	10	13863	24193	38056	123846	204159	328005
"2013.10.25"	"Iraq"	"Yusufiya"	5	15	20	13868	24208	38076	123851	204174	328025
"2013.10.25"	"Syria"	"Suq Wadi Barada"	40	36	76	13908	24244	38152	123891	204210	328101
"2013.10.25"	"Iraq"	"Buhriz"	2	0	2	13910	24244	38154	123893	204210	328103
"2013.10.26"	"Iraq"	"Baghdad"	7	0	7	13917	24244	38161	123900	204210	328110
"2013.10.26"	"Lebanon"	"Tripoli"	13	56	69	13930	24300	38230	123913	204266	328179
"2013.10.26"	"Somalia"	"Mogadishu"	1	0	1	13931	24300	38231	123914	204266	328180
"2013.10.26"	"Pakistan"	"Mastung"	2	3	5	13933	24303	38236	123916	204269	328185
"2013.10.26"	"Pakistan"	"Malam Jabba"	1	0	1	13934	24303	38237	123917	204269	328186
"2013.10.27"	"Nigeria"	"Banki"	4	0	4	13938	24303	38241	123921	204269	328190
"2013.10.27"	"Afghanistan"	"Kabul"	1	5	6	13939	24308	38247	123922	204274	328196
"2013.10.27"	"Afghanistan"	"Ghazni"	18	5	23	13957	24313	38270	123940	204279	328219
"2013.10.27"	"Iraq"	"Muqdadiya"	2	0	2	13959	24313	38272	123942	204279	328221
"2013.10.27"	"Iraq"	"Dour"	3	0	3	13962	24313	38275	123945	204279	328224
"2013.10.27"	"Iraq"	"Shaab"	8	18	26	13970	24331	38301	123953	204297	328250
"2013.10.27"	"Iraq"	"Mosul"	14	55	69	13984	24386	38370	123967	204352	328319
"2013.10.27"	"Iraq"	"Mosul"	9	10	19	13993	24396	38389	123976	204362	328338
"2013.10.27"	"Iraq"	"Tarmiya"	4	11	15	13997	24407	38404	123980	204373	328353
"2013.10.27"	"Iraq"	"Baghdad"	7	15	22	14004	24422	38426	123987	204388	328375
"2013.10.27"	"Iraq"	"Hurriya"	5	12	17	14009	24434	38443	123992	204400	328392
"2013.10.27"	"Iraq"	"Baghdad"	6	14	20	14015	24448	38463	123998	204414	328412
"2013.10.27"	"Bangladesh"	"Jhenidah"	2	0	2	14017	24448	38465	124000	204414	328414
"2013.10.27"	"Iraq"	"Baghdad"	5	11	16	14022	24459	38481	124005	204425	328430
"2013.10.27"	"Iraq"	"Sabaa al-Bour"	6	18	24	14028	24477	38505	124011	204443	328454
"2013.10.27"	"Iraq"	"Baghdad"	4	7	11	14032	24484	38516	124015	204450	328465
"2013.10.27"	"Pakistan"	"North Waziristan"	3	7	10	14035	24491	38526	124018	204457	328475
"2013.10.28"	"Syria"	"Haffar"	13	40	53	14048	24531	38579	124031	204497	328528
"2013.10.28"	"China"	"Beijing"	2	38	40	14050	24569	38619	124033	204535	328568
"2013.10.28"	"Nigeria"	"Kaduna"	3	0	3	14053	24569	38622	124036	204535	328571
"2013.10.28"	"Thailand"	"Narathiwat"	3	1	4	14056	24570	38626	124039	204536	328575
"2013.10.28"	"Egypt"	"Mansura"	3	0	3	14059	24570	38629	124042	204536	328578
"2013.10.28"	"Turkey"	"Sanliurfa"	1	0	1	14060	24570	38630	124043	204536	328579
"2013.10.28"	"Iraq"	"Abu Ghraib"	2	5	7	14062	24575	38637	124045	204541	328586
"2013.10.28"	"Iraq"	"Baghdad"	6	14	20	14068	24589	38657	124051	204555	328606
"2013.10.28"	"England"	"Essex"	1	0	1	14069	24589	38658	124052	204555	328607
"2013.10.29"	"Iraq"	"Mosul"	1	0	1	14070	24589	38659	124053	204555	328608
"2013.10.29"	"Iraq"	"Mosul"	2	0	2	14072	24589	38661	124055	204555	328610
"2013.10.29"	"Iraq"	"Baghdad"	24	15	39	14096	24604	38700	124079	204570	328649
"2013.10.29"	"Pakistan"	"Quetta"	2	0	2	14098	24604	38702	124081	204570	328651
"2013.10.30"	"Yemen"	"Saada"	10	3	13	14108	24607	38715	124091	204573	328664
"2013.10.30"	"Pakistan"	"Waziristan"	10	18	28	14118	24625	38743	124101	204591	328692
"2013.10.30"	"Thailand"	"Pattani"	1	1	2	14119	24626	38745	124102	204592	328694
"2013.10.30"	"Thailand"	"Pattani"	1	0	1	14120	24626	38746	124103	204592	328695
"2013.10.30"	"Dagestan"	"Makhachkala"	2	15	17	14122	24641	38763	124105	204607	328712
"2013.10.30"	"Iraq"	"Mosul"	8	25	33	14130	24666	38796	124113	204632	328745
"2013.10.30"	"Iraq"	"Abu Ghraib"	3	7	10	14133	24673	38806	124116	204639	328755
"2013.10.30"	"Pakistan"	"Jamrud"	1	0	1	14134	24673	38807	124117	204639	328756
"2013.10.31"	"Yemen"	"Abyan"	3	0	3	14137	24673	38810	124120	204639	328759
"2013.10.31"	"Iraq"	"Tuz Khurmatu"	6	42	48	14143	24715	38858	124126	204681	328807
"2013.10.31"	"Iraq"	"Baqubah"	5	11	16	14148	24726	38874	124131	204692	328823
"2013.10.31"	"Iraq"	"Muqdadiya"	4	6	10	14152	24732	38884	124135	204698	328833
"2013.10.31"	"Iraq"	"Mosul"	12	15	27	14164	24747	38911	124147	204713	328860
"2013.10.31"	"Iraq"	"Tuz Khurmatu"	4	0	4	14168	24747	38915	124151	204713	328864
"2013.10.31"	"Iraq"	"Baiji"	2	1	3	14170	24748	38918	124153	204714	328867
"2013.10.31"	"Nigeria"	"Bama"	27	12	39	14197	24760	38957	124180	204726	328906
"2013.11.01"	"Yemen"	"Saada"	18	50	68	14215	24810	39025	124198	204776	328974
"2013.11.01"	"Pakistan"	"Karachi"	1	4	5	14216	24814	39030	124199	204780	328979
"2013.11.01"	"Iraq"	"Mosul"	4	0	4	14220	24814	39034	124203	204780	328983
"2013.11.01"	"Pakistan"	"Mach"	6	1	7	14226	24815	39041	124209	204781	328990
"2013.11.02"	"Pakistan"	"Charsadda"	2	0	2	14228	24815	39043	124211	204781	328992
"2013.11.02"	"Nigeria"	"Borno"	30	0	30	14258	24815	39073	124241	204781	329022
"2013.11.02"	"Iraq"	"Tikrit"	7	36	43	14265	24851	39116	124248	204817	329065
"2013.11.02"	"Iraq"	"Samarrah"	2	4	6	14267	24855	39122	124250	204821	329071
"2013.11.02"	"Thailand"	"Yala"	1	0	1	14268	24855	39123	124251	204821	329072
"2013.11.02"	"Mali"	"Kidal"	2	0	2	14270	24855	39125	124253	204821	329074
"2013.11.02"	"Yemen"	"Damaj"	27	147	174	14297	25002	39299	124280	204968	329248
"2013.11.02"	"Nigeria"	"T-Junction"	13	0	13	14310	25002	39312	124293	204968	329261
"2013.11.03"	"Yemen"	"Saada"	3	12	15	14313	25014	39327	124296	204980	329276
"2013.11.03"	"Egypt"	"Ismaila"	2	1	3	14315	25015	39330	124298	204981	329279
"2013.11.03"	"Thailand"	"Pattani"	1	0	1	14316	25015	39331	124299	204981	329280
"2013.11.03"	"Iraq"	"Tal Afar"	6	9	15	14322	25024	39346	124305	204990	329295
"2013.11.04"	"Pakistan"	"Karachi"	2	0	2	14324	25024	39348	124307	204990	329297
"2013.11.04"	"Thailand"	"Pattani"	1	0	1	14325	25024	39349	124308	204990	329298
"2013.11.04"	"Syria"	"Thabitiyeh"	6	37	43	14331	25061	39392	124314	205027	329341
"2013.11.04"	"Iraq"	"Tikrit"	12	23	35	14343	25084	39427	124326	205050	329376
"2013.11.04"	"Dagestan"	"Makhachkala"	1	0	1	14344	25084	39428	124327	205050	329377
"2013.11.04"	"Pakistan"	"Karachi"	2	3	5	14346	25087	39433	124329	205053	329382
"2013.11.04"	"Yemen"	"Damaj"	4	0	4	14350	25087	39437	124333	205053	329386
"2013.11.04"	"Iraq"	"Mosul"	11	4	15	14361	25091	39452	124344	205057	329401
"2013.11.04"	"Syria"	"Sabtiyeh"	6	40	46	14367	25131	39498	124350	205097	329447
"2013.11.04"	"Iraq"	"Baqubah"	12	20	32	14379	25151	39530	124362	205117	329479
"2013.11.04"	"Iraq"	"Kirkuk"	4	7	11	14383	25158	39541	124366	205124	329490
"2013.11.04"	"Pakistan"	"Peshawar"	1	6	7	14384	25164	39548	124367	205130	329497
"2013.11.05"	"Tanzania"	"Gilgal"	1	2	3	14385	25166	39551	124368	205132	329500
"2013.11.05"	"Iraq"	"Tikrit"	4	0	4	14389	25166	39555	124372	205132	329504
"2013.11.05"	"Iraq"	"Fallujah"	2	3	5	14391	25169	39560	124374	205135	329509
"2013.11.05"	"Iraq"	"Baiji"	2	0	2	14393	25169	39562	124376	205135	329511
"2013.11.05"	"Ethiopia"	"Benishangul"	4	10	14	14397	25179	39576	124380	205145	329525
"2013.11.05"	"Iraq"	"Baghdad"	2	0	2	14399	25179	39578	124382	205145	329527
"2013.11.05"	"Syria"	"Sadad"	30	0	30	14429	25179	39608	124412	205145	329557
"2013.11.05"	"Afghanistan"	"Kamparack"	1	0	1	14430	25179	39609	124413	205145	329558
"2013.11.05"	"Pakistan"	"Karachi"	1	0	1	14431	25179	39610	124414	205145	329559
"2013.11.05"	"Pakistan"	"Karachi"	6	0	6	14437	25179	39616	124420	205145	329565
"2013.11.05"	"Nigeria"	"Rantis"	4	2	6	14441	25181	39622	124424	205147	329571
"2013.11.06"	"Iran"	"Zabol"	1	0	1	14442	25181	39623	124425	205147	329572
"2013.11.06"	"Thailand"	"Narathiwat"	1	7	8	14443	25188	39631	124426	205154	329580
"2013.11.06"	"Pakistan"	"Karachi"	1	0	1	14444	25188	39632	124427	205154	329581
"2013.11.06"	"Egypt"	"Sheikh Zuwayed"	1	0	1	14445	25188	39633	124428	205154	329582
"2013.11.06"	"Syria"	"Damascus"	8	50	58	14453	25238	39691	124436	205204	329640
"2013.11.06"	"Iraq"	"al-Salam"	7	14	21	14460	25252	39712	124443	205218	329661
"2013.11.06"	"Syria"	"Sweida"	8	41	49	14468	25293	39761	124451	205259	329710
"2013.11.07"	"Iraq"	"Tarmiya"	22	45	67	14490	25338	39828	124473	205304	329777
"2013.11.07"	"Iraq"	"Baghdad"	5	12	17	14495	25350	39845	124478	205316	329794
"2013.11.07"	"Iraq"	"Anbar"	3	10	13	14498	25360	39858	124481	205326	329807
"2013.11.07"	"Thailand"	"Narathiwat"	1	0	1	14499	25360	39859	124482	205326	329808
"2013.11.07"	"Syria"	"Sadad"	6	0	6	14505	25360	39865	124488	205326	329814
"2013.11.07"	"Iraq"	"Tikrit"	6	0	6	14511	25360	39871	124494	205326	329820
"2013.11.07"	"Afghanistan"	"Khost"	3	6	9	14514	25366	39880	124497	205332	329829
"2013.11.08"	"Iraq"	"Baghdad"	5	15	20	14519	25381	39900	124502	205347	329849
"2013.11.08"	"Iraq"	"Mosul"	12	58	70	14531	25439	39970	124514	205405	329919
"2013.11.08"	"Somalia"	"Mogadishu"	11	15	26	14542	25454	39996	124525	205420	329945
"2013.11.08"	"Israel"	"Tekoa"	0	2	2	14542	25456	39998	124525	205422	329947
"2013.11.08"	"Afghanistan"	"Qalat"	8	3	11	14550	25459	40009	124533	205425	329958
"2013.11.09"	"Yemen"	"Damaj"	2	12	14	14552	25471	40023	124535	205437	329972
"2013.11.09"	"Syria"	"Ashrafieh"	6	6	12	14558	25477	40035	124541	205443	329984
"2013.11.09"	"Thailand"	"Narathiwat"	1	2	3	14559	25479	40038	124542	205445	329987
"2013.11.09"	"Pakistan"	"Gujranwala"	1	0	1	14560	25479	40039	124543	205445	329988
"2013.11.09"	"Pakistan"	"Mominpur"	2	0	2	14562	25479	40041	124545	205445	329990
"2013.11.09"	"Thailand"	"Narathiwat"	1	0	1	14563	25479	40042	124546	205445	329991
"2013.11.10"	"Thailand"	"Pattani"	1	0	1	14564	25479	40043	124547	205445	329992
"2013.11.10"	"Iraq"	"Baghdad"	7	50	57	14571	25529	40100	124554	205495	330049
"2013.11.10"	"Syria"	"Damascus"	1	0	1	14572	25529	40101	124555	205495	330050
"2013.11.11"	"Pakistan"	"Nazimabad"	1	1	2	14573	25530	40103	124556	205496	330052
"2013.11.11"	"Syria"	"Damascus"	9	27	36	14582	25557	40139	124565	205523	330088
"2013.11.11"	"Nigeria"	"Lokoja"	4	0	4	14586	25557	40143	124569	205523	330092
"2013.11.12"	"Iraq"	"Tikrit"	1	0	1	14587	25557	40144	124570	205523	330093
"2013.11.12"	"Lebanon"	"Tripoli"	1	0	1	14588	25557	40145	124571	205523	330094
"2013.11.13"	"Syria"	"Aleppo"	1	0	1	14589	25557	40146	124572	205523	330095
"2013.11.13"	"Israel"	"Afula"	1	0	1	14590	25557	40147	124573	205523	330096
"2013.11.13"	"Thailand"	"Narathiwat"	1	0	1	14591	25557	40148	124574	205523	330097
"2013.11.13"	"Syria"	"Damascus"	2	7	9	14593	25564	40157	124576	205530	330106
"2013.11.13"	"Afghanistan"	"Farah"	2	3	5	14595	25567	40162	124578	205533	330111
"2013.11.13"	"Afghanistan"	"Uruzgan"	1	0	1	14596	25567	40163	124579	205533	330112
"2013.11.13"	"Iraq"	"Baqubah"	8	35	43	14604	25602	40206	124587	205568	330155
"2013.11.13"	"Iraq"	"Salahudin"	10	2	12	14614	25604	40218	124597	205570	330167
"2013.11.13"	"Iraq"	"Garma"	4	24	28	14618	25628	40246	124601	205594	330195
"2013.11.13"	"Afghanistan"	"Chaman"	2	0	2	14620	25628	40248	124603	205594	330197
"2013.11.13"	"Cameroon"	"Ashigashia"	1	0	1	14621	25628	40249	124604	205594	330198
"2013.11.14"	"Bangladesh"	"Gaibandha"	1	0	1	14622	25628	40250	124605	205594	330199
"2013.11.14"	"Iraq"	"Baqubah"	1	0	1	14623	25628	40251	124606	205594	330200
"2013.11.14"	"Nigeria"	"Yazza"	26	41	67	14649	25669	40318	124632	205635	330267
"2013.11.14"	"Iraq"	"Kut"	9	28	37	14658	25697	40355	124641	205663	330304
"2013.11.14"	"Iraq"	"Baqubah"	48	107	155	14706	25804	40510	124689	205770	330459
"2013.11.15"	"Pakistan"	"Rawalpindi"	8	65	73	14714	25869	40583	124697	205835	330532
"2013.11.15"	"Thailand"	"Narathiwat"	3	0	3	14717	25869	40586	124700	205835	330535
"2013.11.15"	"Libya"	"Tripoli"	14	62	76	14731	25931	40662	124714	205897	330611
"2013.11.15"	"Malaysia"	"Borneo"	1	1	2	14732	25932	40664	124715	205898	330613
"2013.11.15"	"Afghanistan"	"Kandahar"	1	0	1	14733	25932	40665	124716	205898	330614
"2013.11.15"	"Pakistan"	"Rawalpindi"	3	15	18	14736	25947	40683	124719	205913	330632
"2013.11.15"	"Chechnya"	"Grozny"	1	0	1	14737	25947	40684	124720	205913	330633
"2013.11.16"	"China"	"Serik Buya"	2	2	4	14739	25949	40688	124722	205915	330637
"2013.11.16"	"Iraq"	"Baghdad"	7	15	22	14746	25964	40710	124729	205930	330659
"2013.11.16"	"Pakistan"	"Bannu"	1	11	12	14747	25975	40722	124730	205941	330671
"2013.11.16"	"Afghanistan"	"Kabul"	12	22	34	14759	25997	40756	124742	205963	330705
"2013.11.17"	"Iraq"	"Baghdad"	4	11	15	14763	26008	40771	124746	205974	330720
"2013.11.17"	"Iraq"	"Baghdad"	3	10	13	14766	26018	40784	124749	205984	330733
"2013.11.17"	"Iraq"	"Tuz Khormato"	21	40	61	14787	26058	40845	124770	206024	330794
"2013.11.17"	"Iraq"	"Baghdad"	3	12	15	14790	26070	40860	124773	206036	330809
"2013.11.17"	"Pakistan"	"Swabi"	2	0	2	14792	26070	40862	124775	206036	330811
"2013.11.17"	"Afghanistan"	"Kandahar"	6	0	6	14798	26070	40868	124781	206036	330817
"2013.11.17"	"Afghanistan"	"Balkh"	1	4	5	14799	26074	40873	124782	206040	330822
"2013.11.17"	"Myanmar"	"Paut Taw"	1	0	1	14800	26074	40874	124783	206040	330823
"2013.11.17"	"Egypt"	"Cairo"	1	0	1	14801	26074	40875	124784	206040	330824
"2013.11.17"	"Syria"	"Damascus"	31	0	31	14832	26074	40906	124815	206040	330855
"2013.11.18"	"Iraq"	"Abu Ghraib"	1	3	4	14833	26077	40910	124816	206043	330859
"2013.11.18"	"Iraq"	"Baqubah"	2	0	2	14835	26077	40912	124818	206043	330861
"2013.11.18"	"Pakistan"	"Kohat"	2	0	2	14837	26077	40914	124820	206043	330863
"2013.11.18"	"Pakistan"	"Nazimabad"	2	0	2	14839	26077	40916	124822	206043	330865
"2013.11.18"	"Pakistan"	"Rawalpindi"	69	45	114	14908	26122	41030	124891	206088	330979
"2013.11.18"	"Yemen"	"Belhaf"	8	0	8	14916	26122	41038	124899	206088	330987
"2013.11.18"	"Pakistan"	"Naseerabad"	1	0	1	14917	26122	41039	124900	206088	330988
"2013.11.18"	"Afghanistan"	"Zabul"	2	2	4	14919	26124	41043	124902	206090	330992
"2013.11.18"	"Afghanistan"	"Paktika"	7	3	10	14926	26127	41053	124909	206093	331002
"2013.11.19"	"Pakistan"	"Gujrat"	2	0	2	14928	26127	41055	124911	206093	331004
"2013.11.19"	"Somalia"	"Beledweyne"	20	12	32	14948	26139	41087	124931	206105	331036
"2013.11.19"	"Nigeria"	"Gombe"	1	0	1	14949	26139	41088	124932	206105	331037
"2013.11.19"	"Pakistan"	"Quetta"	1	0	1	14950	26139	41089	124933	206105	331038
"2013.11.19"	"Thailand"	"Pattani"	1	2	3	14951	26141	41092	124934	206107	331041
"2013.11.19"	"Lebanon"	"Beirut"	26	150	176	14977	26291	41268	124960	206257	331217
"2013.11.20"	"Iraq"	"Baghdad"	7	19	26	14984	26310	41294	124967	206276	331243
"2013.11.20"	"Iraq"	"Baghdad"	5	13	18	14989	26323	41312	124972	206289	331261
"2013.11.20"	"Iraq"	"Baghdad"	5	10	15	14994	26333	41327	124977	206299	331276
"2013.11.20"	"Iraq"	"Bayaa"	15	22	37	15009	26355	41364	124992	206321	331313
"2013.11.20"	"Iraq"	"Hurriya"	4	9	13	15013	26364	41377	124996	206330	331326
"2013.11.20"	"Iraq"	"Shaab"	4	11	15	15017	26375	41392	125000	206341	331341
"2013.11.20"	"Pakistan"	"Karachi"	1	2	3	15018	26377	41395	125001	206343	331344
"2013.11.20"	"Afghanistan"	"Kandahar"	3	22	25	15021	26399	41420	125004	206365	331369
"2013.11.20"	"Egypt"	"al-Arish"	11	35	46	15032	26434	41466	125015	206400	331415
"2013.11.20"	"Pakistan"	"North Waziristan"	3	8	11	15035	26442	41477	125018	206408	331426
"2013.11.20"	"Pakistan"	"Miranshah"	7	1	8	15042	26443	41485	125025	206409	331434
"2013.11.20"	"Yemen"	"Hadramawt"	3	0	3	15045	26443	41488	125028	206409	331437
"2013.11.20"	"Iraq"	"Najaf"	2	9	11	15047	26452	41499	125030	206418	331448
"2013.11.20"	"Afghanistan"	"Helmand"	1	1	2	15048	26453	41501	125031	206419	331450
"2013.11.20"	"Syria"	"Qalamoun"	7	5	12	15055	26458	41513	125038	206424	331462
"2013.11.21"	"Iraq"	"Baghdad"	11	22	33	15066	26480	41546	125049	206446	331495
"2013.11.21"	"Iraq"	"Taji"	6	12	18	15072	26492	41564	125055	206458	331513
"2013.11.21"	"Iraq"	"Salahuddin"	1	2	3	15073	26494	41567	125056	206460	331516
"2013.11.21"	"Pakistan"	"Torkham"	0	26	26	15073	26520	41593	125056	206486	331542
"2013.11.21"	"Pakistan"	"Khanewal"	0	1	1	15073	26521	41594	125056	206487	331543
"2013.11.21"	"Egypt"	"Qulubiya"	1	0	1	15074	26521	41595	125057	206487	331544
"2013.11.21"	"Iraq"	"Saadiyah"	48	50	98	15122	26571	41693	125105	206537	331642
"2013.11.21"	"Nigeria"	"Sandiya"	12	12	24	15134	26583	41717	125117	206549	331666
"2013.11.21"	"Nigeria"	"Adamawa"	6	3	9	15140	26586	41726	125123	206552	331675
"2013.11.22"	"Thailand"	"Pattani"	1	0	1	15141	26586	41727	125124	206552	331676
"2013.11.22"	"Pakistan"	"Malakand"	2	0	2	15143	26586	41729	125126	206552	331678
"2013.11.22"	"Iraq"	"Baghdad"	8	17	25	15151	26603	41754	125134	206569	331703
"2013.11.22"	"Iraq"	"Baghdad"	4	15	19	15155	26618	41773	125138	206584	331722
"2013.11.22"	"Iraq"	"Khalis"	2	0	2	15157	26618	41775	125140	206584	331724
"2013.11.22"	"Pakistan"	"Rawalpindi"	1	0	1	15158	26618	41776	125141	206584	331725
"2013.11.22"	"Pakistan"	"Mohmand"	3	4	7	15161	26622	41783	125144	206588	331732
"2013.11.22"	"Pakistan"	"Karachi"	7	48	55	15168	26670	41838	125151	206636	331787
"2013.11.22"	"Yemen"	"Sanaa"	1	0	1	15169	26670	41839	125152	206636	331788
"2013.11.23"	"Iraq"	"Tuz Khurmatu"	10	45	55	15179	26715	41894	125162	206681	331843
"2013.11.23"	"Pakistan"	"Karachi"	1	2	3	15180	26717	41897	125163	206683	331846
"2013.11.23"	"Pakistan"	"Baghlan"	2	0	2	15182	26717	41899	125165	206683	331848
"2013.11.24"	"Pakistan"	"Quetta"	1	0	1	15183	26717	41900	125166	206683	331849
"2013.11.24"	"Nigeria"	"Kuka"	5	30	35	15188	26747	41935	125171	206713	331884
"2013.11.24"	"Yemen"	"Seyoun"	3	2	5	15191	26749	41940	125174	206715	331889
"2013.11.24"	"Iraq"	"Mosul"	1	0	1	15192	26749	41941	125175	206715	331890
"2013.11.24"	"Nigeria"	"Borno"	8	0	8	15200	26749	41949	125183	206715	331898
"2013.11.24"	"Pakistan"	"Karimkot"	2	5	7	15202	26754	41956	125185	206720	331905
"2013.11.24"	"Afghanistan"	"Takhar"	1	3	4	15203	26757	41960	125186	206723	331909
"2013.11.25"	"Iraq"	"Mosul"	4	30	34	15207	26787	41994	125190	206753	331943
"2013.11.25"	"Iraq"	"Mosul"	2	4	6	15209	26791	42000	125192	206757	331949
"2013.11.25"	"Pakistan"	"Karachi"	2	0	2	15211	26791	42002	125194	206757	331951
"2013.11.25"	"Dagestan"	"Khasavyurt"	1	1	2	15212	26792	42004	125195	206758	331953
"2013.11.25"	"Pakistan"	"Parachinar"	3	1	4	15215	26793	42008	125198	206759	331957
"2013.11.25"	"Iraq"	"Baghdad"	23	32	55	15238	26825	42063	125221	206791	332012
"2013.11.25"	"Iraq"	"Baghdad"	3	4	7	15241	26829	42070	125224	206795	332019
"2013.11.25"	"Libya"	"Benghazi"	5	23	28	15246	26852	42098	125229	206818	332047
"2013.11.26"	"Iraq"	"Taji"	4	9	13	15250	26861	42111	125233	206827	332060
"2013.11.26"	"Bangladesh"	"Satkhira"	2	0	2	15252	26861	42113	125235	206827	332062
"2013.11.26"	"Pakistan"	"Hyderabad"	5	3	8	15257	26864	42121	125240	206830	332070
"2013.11.26"	"Afghanistan"	"Oruzgan"	3	0	3	15260	26864	42124	125243	206830	332073
"2013.11.26"	"Yemen"	"Sanaa"	1	1	2	15261	26865	42126	125244	206831	332075
"2013.11.26"	"Nigeria"	"Barkin Ladi"	37	12	49	15298	26877	42175	125281	206843	332124
"2013.11.26"	"Iraq"	"Tarmiyah"	7	22	29	15305	26899	42204	125288	206865	332153
"2013.11.26"	"Syria"	"Somariyeh"	15	30	45	15320	26929	42249	125303	206895	332198
"2013.11.26"	"Syria"	"Damascus"	11	0	11	15331	26929	42260	125314	206895	332209
"2013.11.26"	"Pakistan"	"Hyderabad"	1	0	1	15332	26929	42261	125315	206895	332210
"2013.11.27"	"Iraq"	"Khanaqin"	2	0	2	15334	26929	42263	125317	206895	332212
"2013.11.27"	"Iraq"	"Doura"	2	3	5	15336	26932	42268	125319	206898	332217
"2013.11.27"	"Iraq"	"Jbara"	1	9	10	15337	26941	42278	125320	206907	332227
"2013.11.27"	"Iraq"	"Hadhar"	3	0	3	15340	26941	42281	125323	206907	332230
"2013.11.27"	"Syria"	"Idlib"	7	0	7	15347	26941	42288	125330	206907	332237
"2013.11.27"	"Iraq"	"Baghdad"	14	0	14	15361	26941	42302	125344	206907	332251
"2013.11.27"	"Iraq"	"Ramadi"	4	11	15	15365	26952	42317	125348	206918	332266
"2013.11.27"	"Iraq"	"Baghdad"	5	0	5	15370	26952	42322	125353	206918	332271
"2013.11.27"	"Afghanistan"	"Pashtun Kot"	6	1	7	15376	26953	42329	125359	206919	332278
"2013.11.27"	"Iraq"	"Abu Ghraib"	12	32	44	15388	26985	42373	125371	206951	332322
"2013.11.28"	"Libya"	"Benghazi"	4	0	4	15392	26985	42377	125375	206951	332326
"2013.11.28"	"Iraq"	"Hillah"	9	31	40	15401	27016	42417	125384	206982	332366
"2013.11.28"	"Iraq"	"Najaf"	7	12	19	15408	27028	42436	125391	206994	332385
"2013.11.28"	"Iraq"	"Suwayrah"	5	14	19	15413	27042	42455	125396	207008	332404
"2013.11.28"	"Iraq"	"Samarrah"	3	9	12	15416	27051	42467	125399	207017	332416
"2013.11.28"	"Iraq"	"Tikrit"	7	7	14	15423	27058	42481	125406	207024	332430
"2013.11.28"	"Pakistan"	"Karachi"	1	0	1	15424	27058	42482	125407	207024	332431
"2013.11.28"	"Afghanistan"	"Nangarhar"	6	10	16	15430	27068	42498	125413	207034	332447
"2013.11.28"	"Iraq"	"Tikrit"	1	3	4	15431	27071	42502	125414	207037	332451
"2013.11.28"	"Israel"	"Jerusalem"	0	1	1	15431	27072	42503	125414	207038	332452
"2013.11.28"	"Nigeria"	"Damboa"	17	6	23	15448	27078	42526	125431	207044	332475
"2013.11.28"	"Pakistan"	"Karachi"	1	0	1	15449	27078	42527	125432	207044	332476
"2013.11.29"	"Afghanistan"	"Kandahar"	1	2	3	15450	27080	42530	125433	207046	332479
"2013.11.29"	"Syria"	"Damascus"	4	26	30	15454	27106	42560	125437	207072	332509
"2013.11.29"	"Libya"	"Benghazi"	2	0	2	15456	27106	42562	125439	207072	332511
"2013.11.29"	"Iraq"	"Salaheddin"	7	0	7	15463	27106	42569	125446	207072	332518
"2013.11.29"	"Iraq"	"Baghdad"	7	0	7	15470	27106	42576	125453	207072	332525
"2013.11.29"	"Iraq"	"Baghdad"	5	9	14	15475	27115	42590	125458	207081	332539
"2013.11.29"	"Afghanistan"	"Helmand"	1	4	5	15476	27119	42595	125459	207085	332544
"2013.11.29"	"Iraq"	"Tarmiyah"	18	0	18	15494	27119	42613	125477	207085	332562
"2013.11.30"	"Thailand"	"Pattani"	1	2	3	15495	27121	42616	125478	207087	332565
"2013.11.30"	"Egypt"	"Minya"	0	14	14	15495	27135	42630	125478	207101	332579
"2013.11.30"	"Iraq"	"Baghdad"	20	28	48	15515	27163	42678	125498	207129	332627
"2013.11.30"	"Nigeria"	"Baga"	7	15	22	15522	27178	42700	125505	207144	332649
"2013.11.30"	"Pakistan"	"Peshawar"	1	0	1	15523	27178	42701	125506	207144	332650
"2013.11.30"	"Iraq"	"Mahmoudiya"	4	7	11	15527	27185	42712	125510	207151	332661
"2013.11.30"	"Pakistan"	"Mohmand"	3	2	5	15530	27187	42717	125513	207153	332666
"2013.12.01"	"Kenya"	"Mombasa"	1	0	1	15531	27187	42718	125514	207153	332667
"2013.12.01"	"Lebanon"	"Tripoli"	3	1	4	15534	27188	42722	125517	207154	332671
"2013.12.01"	"Libya"	"Benghazi"	1	1	2	15535	27189	42724	125518	207155	332673
"2013.12.01"	"Lebanon"	"Sidon"	2	1	3	15537	27190	42727	125520	207156	332676
"2013.12.01"	"Iraq"	"Muqdadya"	12	25	37	15549	27215	42764	125532	207181	332713
"2013.12.01"	"Iraq"	"Baghdad"	5	0	5	15554	27215	42769	125537	207181	332718
"2013.12.01"	"Iraq"	"Sadiya"	6	5	11	15560	27220	42780	125543	207186	332729
"2013.12.01"	"Pakistan"	"Karachi"	2	0	2	15562	27220	42782	125545	207186	332731
"2013.12.02"	"Pakistan"	"Mansehra"	1	0	1	15563	27220	42783	125546	207186	332732
"2013.12.02"	"Iraq"	"al-Nibaie"	6	0	6	15569	27220	42789	125552	207186	332738
"2013.12.02"	"Tunisia"	"Mount Chaambi"	1	0	1	15570	27220	42790	125553	207186	332739
"2013.12.02"	"Afghanistan"	"Kabul"	4	17	21	15574	27237	42811	125557	207203	332760
"2013.12.02"	"Iraq"	"Mosul"	2	6	8	15576	27243	42819	125559	207209	332768
"2013.12.02"	"Nigeria"	"Maiduguri"	2	0	2	15578	27243	42821	125561	207209	332770
"2013.12.03"	"Iraq"	"Tarmiyah"	9	17	26	15587	27260	42847	125570	207226	332796
"2013.12.03"	"Syria"	"Damascus"	4	17	21	15591	27277	42868	125574	207243	332817
"2013.12.03"	"Pal. Auth."	"Gaza"	1	0	1	15592	27277	42869	125575	207243	332818
"2013.12.03"	"Afghanistan"	"Zabul"	3	4	7	15595	27281	42876	125578	207247	332825
"2013.12.03"	"Afghanistan"	"Gareshk"	4	2	6	15599	27283	42882	125582	207249	332831
"2013.12.03"	"Afghanistan"	"Marjah"	2	10	12	15601	27293	42894	125584	207259	332843
"2013.12.03"	"Pakistan"	"Karachi"	2	0	2	15603	27293	42896	125586	207259	332845
"2013.12.03"	"Pakistan"	"Matta"	1	0	1	15604	27293	42897	125587	207259	332846
"2013.12.03"	"Pakistan"	"Karachi"	3	2	5	15607	27295	42902	125590	207261	332851
"2013.12.03"	"Thailand"	"Pattani"	1	0	1	15608	27295	42903	125591	207261	332852
"2013.12.03"	"Lebanon"	"Hadath"	1	0	1	15609	27295	42904	125592	207261	332853
"2013.12.03"	"Iraq"	"Baghada"	6	13	19	15615	27308	42923	125598	207274	332872
"2013.12.03"	"Iraq"	"Abu Ghraib"	2	8	10	15617	27316	42933	125600	207282	332882
"2013.12.03"	"Iraq"	"Tikrit"	22	30	52	15639	27346	42985	125622	207312	332934
"2013.12.04"	"India"	"Ambedkar Nagar"	1	0	1	15640	27346	42986	125623	207312	332935
"2013.12.04"	"Afghanistan"	"Panjwayi"	4	0	4	15644	27346	42990	125627	207312	332939
"2013.12.04"	"Syria"	"Idlib"	1	0	1	15645	27346	42991	125628	207312	332940
"2013.12.05"	"Bangladesh"	"Satkhira"	1	2	3	15646	27348	42994	125629	207314	332943
"2013.12.05"	"Yemen"	"Sanaa"	52	167	219	15698	27515	43213	125681	207481	333162
"2013.12.05"	"Iraq"	"Mosul"	7	0	7	15705	27515	43220	125688	207481	333169
"2013.12.05"	"Iraq"	"Kirkuk"	6	79	85	15711	27594	43305	125694	207560	333254
"2013.12.05"	"Libya"	"Benghazi"	2	0	2	15713	27594	43307	125696	207560	333256
"2013.12.05"	"Iran"	"Khuzestan"	4	0	4	15717	27594	43311	125700	207560	333260
"2013.12.05"	"Somalia"	"Bosasso"	7	37	44	15724	27631	43355	125707	207597	333304
"2013.12.05"	"Libya"	"Benghazi"	1	0	1	15725	27631	43356	125708	207597	333305
"2013.12.05"	"CAR"	"Bangui"	3	0	3	15728	27631	43359	125711	207597	333308
"2013.12.06"	"Pakistan"	"Peshawar"	2	0	2	15730	27631	43361	125713	207597	333310
"2013.12.06"	"Philippines"	"Marawi"	1	1	2	15731	27632	43363	125714	207598	333312
"2013.12.06"	"Iraq"	"Tikrit"	3	8	11	15734	27640	43374	125717	207606	333323
"2013.12.06"	"Iraq"	"Dor"	5	11	16	15739	27651	43390	125722	207617	333339
"2013.12.06"	"Iraq"	"Baghdad"	5	14	19	15744	27665	43409	125727	207631	333358
"2013.12.06"	"Syria"	"Qamishli"	6	10	16	15750	27675	43425	125733	207641	333374
"2013.12.06"	"Somalia"	"Mogadishu"	1	0	1	15751	27675	43426	125734	207641	333375
"2013.12.06"	"Pakistan"	"Karachi"	3	0	3	15754	27675	43429	125737	207641	333378
"2013.12.07"	"Syria"	"Homs"	7	0	7	15761	27675	43436	125744	207641	333385
"2013.12.07"	"Iraq"	"Baghdad"	9	6	15	15770	27681	43451	125753	207647	333400
"2013.12.07"	"Iraq"	"Mosul"	3	14	17	15773	27695	43468	125756	207661	333417
"2013.12.07"	"Syria"	"Aleppo"	1	0	1	15774	27695	43469	125757	207661	333418
"2013.12.08"	"Somalia"	"Elbur"	1	0	1	15775	27695	43470	125758	207661	333419
"2013.12.08"	"Iraq"	"Baghdad"	7	20	27	15782	27715	43497	125765	207681	333446
"2013.12.08"	"Iraq"	"Baghdad"	6	19	25	15788	27734	43522	125771	207700	333471
"2013.12.08"	"Iraq"	"Baghdad"	6	22	28	15794	27756	43550	125777	207722	333499
"2013.12.08"	"Iraq"	"Husseiniyah"	3	13	16	15797	27769	43566	125780	207735	333515
"2013.12.08"	"Iraq"	"Jamila"	3	16	19	15800	27785	43585	125783	207751	333534
"2013.12.08"	"Iraq"	"Baghdad"	13	112	125	15813	27897	43710	125796	207863	333659
"2013.12.08"	"Pakistan"	"Karachi"	1	0	1	15814	27897	43711	125797	207863	333660
"2013.12.08"	"Yemen"	"Sanaa"	2	0	2	15816	27897	43713	125799	207863	333662
"2013.12.08"	"Pakistan"	"Haider Shah"	1	0	1	15817	27897	43714	125800	207863	333663
"2013.12.09"	"Afghanistan"	"Badghis"	6	3	9	15823	27900	43723	125806	207866	333672
"2013.12.09"	"Iraq"	"Buhriz"	12	24	36	15835	27924	43759	125818	207890	333708
"2013.12.09"	"Iraq"	"Baghdad"	2	3	5	15837	27927	43764	125820	207893	333713
"2013.12.09"	"Iraq"	"Baghdad"	3	7	10	15840	27934	43774	125823	207900	333723
"2013.12.09"	"Bangladesh"	"Dhaka"	1	0	1	15841	27934	43775	125824	207900	333724
"2013.12.09"	"Bangladesh"	"Bogra"	1	0	1	15842	27934	43776	125825	207900	333725
"2013.12.09"	"Dagestan"	"Khasavyurt"	1	0	1	15843	27934	43777	125826	207900	333726
"2013.12.09"	"Afghanistan"	"Saripul"	3	1	4	15846	27935	43781	125829	207901	333730
"2013.12.09"	"Syria"	"Idlib"	1	0	1	15847	27935	43782	125830	207901	333731
"2013.12.10"	"Iraq"	"Diyala"	6	0	6	15853	27935	43788	125836	207901	333737
"2013.12.10"	"Iraq"	"Abara"	7	0	7	15860	27935	43795	125843	207901	333744
"2013.12.10"	"Kenya"	"Garissa"	8	0	8	15868	27935	43803	125851	207901	333752
"2013.12.10"	"Iraq"	"Baqubah"	11	19	30	15879	27954	43833	125862	207920	333782
"2013.12.10"	"Iraq"	"Baqubah"	7	0	7	15886	27954	43840	125869	207920	333789
"2013.12.10"	"Bangladesh"	"Gazipur"	2	0	2	15888	27954	43842	125871	207920	333791
"2013.12.11"	"Pakistan"	"Karachi"	1	0	1	15889	27954	43843	125872	207920	333792
"2013.12.11"	"Iraq"	"Madaen"	17	11	28	15906	27965	43871	125889	207931	333820
"2013.12.11"	"Nigeria"	"Borno"	9	3	12	15915	27968	43883	125898	207934	333832
"2013.12.11"	"Thailand"	"Yala"	1	0	1	15916	27968	43884	125899	207934	333833
"2013.12.11"	"Thailand"	"Pattai"	4	17	21	15920	27985	43905	125903	207951	333854
"2013.12.11"	"Pakistan"	"Quetta"	1	0	1	15921	27985	43906	125904	207951	333855
"2013.12.11"	"India"	"Srinagar"	1	1	2	15922	27986	43908	125905	207952	333857
"2013.12.12"	"Iraq"	"Tarmiya"	5	13	18	15927	27999	43926	125910	207965	333875
"2013.12.12"	"Bangladesh"	"Satkhira"	2	0	2	15929	27999	43928	125912	207965	333877
"2013.12.12"	"Pakistan"	"Spinwam"	4	0	4	15933	27999	43932	125916	207965	333881
"2013.12.12"	"Syria"	"Gevere"	4	0	4	15937	27999	43936	125920	207965	333885
"2013.12.12"	"Pakistan"	"Miranshah"	2	7	9	15939	28006	43945	125922	207972	333894
"2013.12.12"	"Egypt"	"Ismailiya"	1	35	36	15940	28041	43981	125923	208007	333930
"2013.12.12"	"Thailand"	"Pattani"	1	8	9	15941	28049	43990	125924	208015	333939
"2013.12.12"	"Somalia"	"Baidoa"	10	9	19	15951	28058	44009	125934	208024	333958
"2013.12.13"	"Pakistan"	"Faisalabad"	1	0	1	15952	28058	44010	125935	208024	333959
"2013.12.13"	"Iraq"	"Bahgdad"	5	14	19	15957	28072	44029	125940	208038	333978
"2013.12.13"	"Iraq"	"Madaen"	6	18	24	15963	28090	44053	125946	208056	334002
"2013.12.13"	"Iraq"	"Ramadi"	5	7	12	15968	28097	44065	125951	208063	334014
"2013.12.13"	"Bangladesh"	"Satkhira"	2	0	2	15970	28097	44067	125953	208063	334016
"2013.12.13"	"Syria"	"Adra"	80	0	80	16050	28097	44147	126033	208063	334096
"2013.12.13"	"Pakistan"	"Swabi"	2	0	2	16052	28097	44149	126035	208063	334098
"2013.12.13"	"Pakistan"	"Jamrud"	1	0	1	16053	28097	44150	126036	208063	334099
"2013.12.13"	"Iraq"	"Imam Wais"	18	6	24	16071	28103	44174	126054	208069	334123
"2013.12.14"	"Nigeria"	"Arboko"	4	0	4	16075	28103	44178	126058	208069	334127
"2013.12.14"	"CAR"	"Bangui"	1	0	1	16076	28103	44179	126059	208069	334128
"2013.12.14"	"Kenya"	"Nairobi"	6	24	30	16082	28127	44209	126065	208093	334158
"2013.12.14"	"Mali"	"Kidal"	2	5	7	16084	28132	44216	126067	208098	334165
"2013.12.14"	"Iraq"	"Baghdad"	5	14	19	16089	28146	44235	126072	208112	334184
"2013.12.14"	"Iraq"	"Husseiniyah"	2	7	9	16091	28153	44244	126074	208119	334193
"2013.12.14"	"Iraq"	"Baghdad"	7	16	23	16098	28169	44267	126081	208135	334216
"2013.12.14"	"DRC"	"North Kivu"	21	3	24	16119	28172	44291	126102	208138	334240
"2013.12.14"	"Syria"	"Atmeh"	3	0	3	16122	28172	44294	126105	208138	334243
"2013.12.15"	"Bangladesh"	"Nilphamari"	5	50	55	16127	28222	44349	126110	208188	334298
"2013.12.15"	"Israel"	"Rosh Hanikra"	1	0	1	16128	28222	44350	126111	208188	334299
"2013.12.15"	"Libya"	"Benghazi"	1	0	1	16129	28222	44351	126112	208188	334300
"2013.12.15"	"Thailand"	"Narathiwat"	2	0	2	16131	28222	44353	126114	208188	334302
"2013.12.15"	"Afghanistan"	"Kunar"	4	1	5	16135	28223	44358	126118	208189	334307
"2013.12.15"	"Somalia"	"Elbur"	1	0	1	16136	28223	44359	126119	208189	334308
"2013.12.15"	"Iraq"	"Mosul"	1	0	1	16137	28223	44360	126120	208189	334309
"2013.12.15"	"Afghanistan"	"Nangarhar"	4	7	11	16141	28230	44371	126124	208196	334320
"2013.12.15"	"Iraq"	"Khanaqin"	5	0	5	16146	28230	44376	126129	208196	334325
"2013.12.15"	"Iraq"	"Baghdad"	9	27	36	16155	28257	44412	126138	208223	334361
"2013.12.15"	"Libya"	"Sidon"	1	3	4	16156	28260	44416	126139	208226	334365
"2013.12.15"	"Pakistan"	"Lahore"	1	0	1	16157	28260	44417	126140	208226	334366
"2013.12.16"	"Iraq"	"Baghdad"	4	11	15	16161	28271	44432	126144	208237	334381
"2013.12.16"	"Thailand"	"Pattani"	1	0	1	16162	28271	44433	126145	208237	334382
"2013.12.16"	"Pakistan"	"Peshawar"	4	1	5	16166	28272	44438	126149	208238	334387
"2013.12.16"	"China"	"Kashgar"	2	0	2	16168	28272	44440	126151	208238	334389
"2013.12.16"	"Iraq"	"Mosul"	12	8	20	16180	28280	44460	126163	208246	334409
"2013.12.16"	"Iraq"	"Rashid"	23	55	78	16203	28335	44538	126186	208301	334487
"2013.12.16"	"Pakistan"	"Peshawar"	1	0	1	16204	28335	44539	126187	208301	334488
"2013.12.16"	"Iraq"	"Beiji"	8	5	13	16212	28340	44552	126195	208306	334501
"2013.12.16"	"Iraq"	"Baghdad"	6	12	18	16218	28352	44570	126201	208318	334519
"2013.12.16"	"Iraq"	"Baghdad"	5	14	19	16223	28366	44589	126206	208332	334538
"2013.12.16"	"Egypt"	"Cairo"	1	0	1	16224	28366	44590	126207	208332	334539
"2013.12.16"	"Iraq"	"Tikrit"	2	7	9	16226	28373	44599	126209	208339	334548
"2013.12.16"	"Iraq"	"Baghdad"	4	14	18	16230	28387	44617	126213	208353	334566
"2013.12.17"	"Pakistan"	"Kurram"	3	2	5	16233	28389	44622	126216	208355	334571
"2013.12.17"	"Dagestan"	"Makhachkala"	1	3	4	16234	28392	44626	126217	208358	334575
"2013.12.17"	"Pakistan"	"Rawalpindi"	4	13	17	16238	28405	44643	126221	208371	334592
"2013.12.17"	"Nigeria"	"Gwol"	6	4	10	16244	28409	44653	126227	208375	334602
"2013.12.17"	"Iraq"	"Mahmoudiya"	6	16	22	16250	28425	44675	126233	208391	334624
"2013.12.17"	"Iraq"	"Baghdad"	4	11	15	16254	28436	44690	126237	208402	334639
"2013.12.17"	"Iraq"	"Baghdad"	3	14	17	16257	28450	44707	126240	208416	334656
"2013.12.17"	"Pakistan"	"Miranshah"	0	29	29	16257	28479	44736	126240	208445	334685
"2013.12.17"	"Kenya"	"Malindi"	1	0	1	16258	28479	44737	126241	208445	334686
"2013.12.18"	"Kenya"	"Diani"	1	0	1	16259	28479	44738	126242	208445	334687
"2013.12.18"	"Iraq"	"Khalis"	6	15	21	16265	28494	44759	126248	208460	334708
"2013.12.18"	"Iraq"	"Hamdiya"	2	5	7	16267	28499	44766	126250	208465	334715
"2013.12.18"	"Iraq"	"Samarrah"	1	1	2	16268	28500	44768	126251	208466	334717
"2013.12.18"	"Pakistan"	"Miranshah"	5	34	39	16273	28534	44807	126256	208500	334756
"2013.12.18"	"Iran"	"Saravan"	3	0	3	16276	28534	44810	126259	208500	334759
"2013.12.18"	"Iraq"	"Samarrah"	3	12	15	16279	28546	44825	126262	208512	334774
"2013.12.18"	"Afghanistan"	"Landikotal"	6	8	14	16285	28554	44839	126268	208520	334788
"2013.12.18"	"Pakistan"	"Karachi"	0	2	2	16285	28556	44841	126268	208522	334790
"2013.12.18"	"Somalia"	"Afgoye"	6	1	7	16291	28557	44848	126274	208523	334797
"2013.12.18"	"Afghanistan"	"Torkahm"	1	5	6	16292	28562	44854	126275	208528	334803
"2013.12.19"	"Pakistan"	"Bahawalpur"	1	1	2	16293	28563	44856	126276	208529	334805
"2013.12.19"	"Iraq"	"Abu Ghraib"	5	0	5	16298	28563	44861	126281	208529	334810
"2013.12.19"	"Thailand"	"Pattani"	1	0	1	16299	28563	44862	126282	208529	334811
"2013.12.19"	"Nigeria"	"Mubi"	22	24	46	16321	28587	44908	126304	208553	334857
"2013.12.19"	"Iraq"	"Baghdad"	17	35	52	16338	28622	44960	126321	208588	334909
"2013.12.19"	"Thailand"	"Pattani"	1	0	1	16339	28622	44961	126322	208588	334910
"2013.12.19"	"Iraq"	"Yusifiyah"	8	32	40	16347	28654	45001	126330	208620	334950
"2013.12.19"	"Iraq"	"Latifiya"	9	23	32	16356	28677	45033	126339	208643	334982
"2013.12.19"	"Libya"	"Benghazi"	2	0	2	16358	28677	45035	126341	208643	334984
"2013.12.19"	"Yemen"	"Kitaf"	9	6	15	16367	28683	45050	126350	208649	334999
"2013.12.20"	"Nigeria"	"Bama"	20	12	32	16387	28695	45082	126370	208661	335031
"2013.12.20"	"Pakistan"	"Mauripur"	2	24	26	16389	28719	45108	126372	208685	335057
"2013.12.20"	"Iraq"	"Hawija"	6	0	6	16395	28719	45114	126378	208685	335063
"2013.12.20"	"Iraq"	"Tuz Khurmato"	4	5	9	16399	28724	45123	126382	208690	335072
"2013.12.20"	"Iraq"	"Tuz Khurmato"	12	31	43	16411	28755	45166	126394	208721	335115
"2013.12.20"	"Pakistan"	"Karachi"	2	25	27	16413	28780	45193	126396	208746	335142
"2013.12.21"	"Thailand"	"Pattani"	1	0	1	16414	28780	45194	126397	208746	335143
"2013.12.21"	"Pakistan"	"Jamrud"	1	0	1	16415	28780	45195	126398	208746	335144
"2013.12.21"	"Iraq"	"Rutba"	18	32	50	16433	28812	45245	126416	208778	335194
"2013.12.21"	"Syria"	"Aleppo"	5	8	13	16438	28820	45258	126421	208786	335207
"2013.12.21"	"Syria"	"Daraa"	12	10	22	16450	28830	45280	126433	208796	335229
"2013.12.21"	"Iraq"	"Shirqat"	6	5	11	16456	28835	45291	126439	208801	335240
"2013.12.21"	"Iraq"	"Hawija"	5	6	11	16461	28841	45302	126444	208807	335251
"2013.12.21"	"Iraq"	"Latifiya"	3	6	9	16464	28847	45311	126447	208813	335260
"2013.12.22"	"Iraq"	"Baghdad"	13	34	47	16477	28881	45358	126460	208847	335307
"2013.12.22"	"Thailand"	"Songkhla"	0	27	27	16477	28908	45385	126460	208874	335334
"2013.12.22"	"Nigeria"	"Chanchu"	2	4	6	16479	28912	45391	126462	208878	335340
"2013.12.22"	"Libya"	"Aguiria"	13	3	16	16492	28915	45407	126475	208881	335356
"2013.12.22"	"Syria"	"Homs"	7	0	7	16499	28915	45414	126482	208881	335363
"2013.12.23"	"Iraq"	"Tikrit"	5	5	10	16504	28920	45424	126487	208886	335373
"2013.12.23"	"Iraq"	"Tikrit"	4	0	4	16508	28920	45428	126491	208886	335377
"2013.12.23"	"Iraq"	"Baqubah"	3	6	9	16511	28926	45437	126494	208892	335386
"2013.12.23"	"Iraq"	"Baghdad"	3	9	12	16514	28935	45449	126497	208901	335398
"2013.12.23"	"Iraq"	"Baghdad"	2	9	11	16516	28944	45460	126499	208910	335409
"2013.12.23"	"Pakistan"	"Karachi"	3	0	3	16519	28944	45463	126502	208910	335412
"2013.12.23"	"Dagestan"	"Tsuntinsky"	4	0	4	16523	28944	45467	126506	208910	335416
"2013.12.23"	"Egypt"	"Cairo"	16	134	150	16539	29078	45617	126522	209044	335566
"2013.12.23"	"Thailand"	"Yala"	1	3	4	16540	29081	45621	126523	209047	335570
"2013.12.24"	"Iraq"	"Mosul"	2	0	2	16542	29081	45623	126525	209047	335572
"2013.12.24"	"Iraq"	"Bartala"	2	17	19	16544	29098	45642	126527	209064	335591
"2013.12.24"	"Iraq"	"Tikrit"	5	18	23	16549	29116	45665	126532	209082	335614
"2013.12.24"	"Israel"	"Nachal Oz"	1	0	1	16550	29116	45666	126533	209082	335615
"2013.12.25"	"Dagestan"	"Mutsalaul"	1	2	3	16551	29118	45669	126534	209084	335618
"2013.12.25"	"Iraq"	"Baghdad"	4	11	15	16555	29129	45684	126538	209095	335633
"2013.12.25"	"Iraq"	"Balad"	8	13	21	16563	29142	45705	126546	209108	335654
"2013.12.25"	"Iraq"	"Tal Afar"	1	17	18	16564	29159	45723	126547	209125	335672
"2013.12.25"	"Iraq"	"Baghdad"	11	21	32	16575	29180	45755	126558	209146	335704
"2013.12.25"	"Iraq"	"Baghdad"	26	38	64	16601	29218	45819	126584	209184	335768
"2013.12.25"	"Afghanistan"	"Logar"	6	13	19	16607	29231	45838	126590	209197	335787
"2013.12.25"	"Thailand"	"Yala"	1	3	4	16608	29234	45842	126591	209200	335791
"2013.12.25"	"Pakistan"	"Karachi"	4	23	27	16612	29257	45869	126595	209223	335818
"2013.12.26"	"Yemen"	"Hadramawt"	3	0	3	16615	29257	45872	126598	209223	335821
"2013.12.26"	"Iraq"	"Diyala"	4	0	4	16619	29257	45876	126602	209223	335825
"2013.12.26"	"Iraq"	"Mosul"	2	1	3	16621	29258	45879	126604	209224	335828
"2013.12.26"	"Egypt"	"Cairo"	1	3	4	16622	29261	45883	126605	209227	335832
"2013.12.26"	"Iraq"	"Baghdad"	3	50	53	16625	29311	45936	126608	209277	335885
"2013.12.27"	"Russia"	"Pyatigorsk"	3	0	3	16628	29311	45939	126611	209277	335888
"2013.12.27"	"Afghanistan"	"Kabul"	3	7	10	16631	29318	45949	126614	209284	335898
"2013.12.27"	"Lebanon"	"Beirut"	7	70	77	16638	29388	46026	126621	209354	335975
"2013.12.27"	"Somalia"	"Mogadishu"	11	7	18	16649	29395	46044	126632	209361	335993
"2013.12.28"	"Afghanistan"	"Nawagai"	1	1	2	16650	29396	46046	126633	209362	335995
"2013.12.28"	"Pakistan"	"Peshawar"	1	1	2	16651	29397	46048	126634	209363	335997
"2013.12.28"	"Pakistan"	"Karachi"	2	0	2	16653	29397	46050	126636	209363	335999
"2013.12.28"	"Thailand"	"Pattani"	1	0	1	16654	29397	46051	126637	209363	336000
"2013.12.28"	"Pakistan"	"Nowshera"	2	0	2	16656	29397	46053	126639	209363	336002
"2013.12.28"	"Nigeria"	"Tashan Alede"	8	3	11	16664	29400	46064	126647	209366	336013
"2013.12.29"	"Nigeria"	"Kwajffa"	4	0	4	16668	29400	46068	126651	209366	336017
"2013.12.29"	"Iraq"	"Garma"	4	10	14	16672	29410	46082	126655	209376	336031
"2013.12.29"	"Pakistan"	"Karachi"	5	2	7	16677	29412	46089	126660	209378	336038
"2013.12.29"	"Russia"	"Volgograd"	18	51	69	16695	29463	46158	126678	209429	336107
"2013.12.29"	"Iraq"	"Mosul"	8	13	21	16703	29476	46179	126686	209442	336128
"2013.12.29"	"Iraq"	"Mosul"	5	3	8	16708	29479	46187	126691	209445	336136
"2013.12.29"	"Iraq"	"Abu Ghraib"	6	6	12	16714	29485	46199	126697	209451	336148
"2013.12.30"	"Dagestan"	"Khasavyurt"	2	5	7	16716	29490	46206	126699	209456	336155
"2013.12.30"	"Iraq"	"Baiji"	2	9	11	16718	29499	46217	126701	209465	336166
"2013.12.30"	"Iraq"	"Mosul"	4	3	7	16722	29502	46224	126705	209468	336173
"2013.12.30"	"Pakistan"	"Pashtunabad"	0	2	2	16722	29504	46226	126705	209470	336175
"2013.12.30"	"Pakistan"	"Charsadda"	3	1	4	16725	29505	46230	126708	209471	336179
"2013.12.30"	"Russia"	"Volgograd"	16	35	51	16741	29540	46281	126724	209506	336230
"2013.12.30"	"Pakistan"	"Rawalpindi"	2	1	3	16743	29541	46284	126726	209507	336233
"2013.12.31"	"Iraq"	"Baghdad"	7	7	14	16750	29548	46298	126733	209514	336247
"2013.12.31"	"Iraq"	"Baghdad"	4	0	4	16754	29548	46302	126737	209514	336251
"2013.12.31"	"Iraq"	"Baghdad"	2	0	2	16756	29548	46304	126739	209514	336253
"2013.12.31"	"Philippines"	"Basilan"	6	6	12	16762	29554	46316	126745	209520	336265
"2013.12.31"	"Iraq"	"Mosul"	2	0	2	16764	29554	46318	126747	209520	336267
"2013.12.31"	"Nigeria"	"Maikatako"	3	16	19	16767	29570	46337	126750	209536	336286
"2013.12.31"	"Egypt"	"Ain Shams"	1	0	1	16768	29570	46338	126751	209536	336287
"2013.12.31"	"Yemen"	"Aden"	4	3	7	16772	29573	46345	126755	209539	336294
"2013.12.31"	"Pakistan"	"Peshawar"	3	4	7	16775	29577	46352	126758	209543	336301
"2014.01.01"	"Somalia"	"Mogadishu"	20	30	50	20	30	50	126778	209573	336351
"2014.01.01"	"Pakistan"	"Quetta"	3	31	34	23	61	84	126781	209604	336385
"2014.01.01"	"Iraq"	"Rutba"	2	7	9	25	68	93	126783	209611	336394
"2014.01.01"	"Iraq"	"Tarmiya"	4	12	16	29	80	109	126787	209623	336410
"2014.01.02"	"Thailand"	"Yala"	1	0	1	30	80	110	126788	209623	336411
"2014.01.02"	"Iraq"	"Latifiya"	5	9	14	35	89	124	126793	209632	336425
"2014.01.02"	"Iraq"	"Balad Ruz"	19	37	56	54	126	180	126812	209669	336481
"2014.01.02"	"Syria"	"al-Rabieh"	3	6	9	57	132	189	126815	209675	336490
"2014.01.02"	"Yemen"	"Aden"	1	0	1	58	132	190	126816	209675	336491
"2014.01.02"	"Kenya"	"Mombasa"	0	10	10	58	142	200	126816	209685	336501
"2014.01.02"	"Lebanon"	"Beirut"	5	77	82	63	219	282	126821	209762	336583
"2014.01.02"	"Afghanistan"	"Herat"	1	0	1	64	219	283	126822	209762	336584
"2014.01.02"	"DRC"	"North Kivu"	3	0	3	67	219	286	126825	209762	336587
"2014.01.03"	"Pakistan"	"Bahawalpur"	2	0	2	69	219	288	126827	209762	336589
"2014.01.03"	"Pakistan"	"Orakzai"	1	3	4	70	222	292	126828	209765	336593
"2014.01.03"	"Thailand"	"Pattani"	1	0	1	71	222	293	126829	209765	336594
"2014.01.03"	"Pakistan"	"Islamabad"	2	0	2	73	222	295	126831	209765	336596
"2014.01.03"	"Yemen"	"Amran"	23	34	57	96	256	352	126854	209799	336653
"2014.01.03"	"Egypt"	"Cairo"	1	0	1	97	256	353	126855	209799	336654
"2014.01.04"	"Afghanistan"	"Ghazni"	4	3	7	101	259	360	126859	209802	336661
"2014.01.04"	"Thailand"	"Pattani"	1	1	2	102	260	362	126860	209803	336663
"2014.01.04"	"Afghanistan"	"Nangarhar"	1	0	1	103	260	363	126861	209803	336664
"2014.01.04"	"Pakistan"	"Tehsil Chowk"	0	15	15	103	275	378	126861	209818	336679
"2014.01.04"	"Pakistan"	"Karachi"	3	4	7	106	279	385	126864	209822	336686
"2014.01.04"	"Pakistan"	"Karachi"	2	0	2	108	279	387	126866	209822	336688
"2014.01.04"	"Egypt"	"al-Arish"	1	2	3	109	281	390	126867	209824	336691
"2014.01.04"	"Pakistan"	"Sibi"	2	3	5	111	284	395	126869	209827	336696
"2014.01.04"	"Ghana"	"Nima"	1	0	1	112	284	396	126870	209827	336697
"2014.01.05"	"Bangladesh"	"Jamalpur"	0	8	8	112	292	404	126870	209835	336705
"2014.01.05"	"Iraq"	"Baghdad"	20	61	81	132	353	485	126890	209896	336786
"2014.01.05"	"Iraq"	"Adhaim"	6	0	6	138	353	491	126896	209896	336792
"2014.01.05"	"Iraq"	"Sadr City"	5	10	15	143	363	506	126901	209906	336807
"2014.01.05"	"Bangladesh"	"Dinajpur"	1	0	1	144	363	507	126902	209906	336808
"2014.01.05"	"Pakistan"	"Baldia"	2	0	2	146	363	509	126904	209906	336810
"2014.01.05"	"Pakistan"	"Karachi"	1	0	1	147	363	510	126905	209906	336811
"2014.01.05"	"Pakistan"	"Multan"	1	0	1	148	363	511	126906	209906	336812
"2014.01.05"	"Egypt"	"Cairo"	1	3	4	149	366	515	126907	209909	336816
"2014.01.06"	"Nigeria"	"Riyom"	33	25	58	182	391	573	126940	209934	336874
"2014.01.06"	"Pakistan"	"Matani"	2	1	3	184	392	576	126942	209935	336877
"2014.01.06"	"Iraq"	"Tuz Khormatu"	4	12	16	188	404	592	126946	209947	336893
"2014.01.06"	"Pakistan"	"Hangu"	1	2	3	189	406	595	126947	209949	336896
"2014.01.06"	"Lebanon"	"Akkar"	1	0	1	190	406	596	126948	209949	336897
"2014.01.06"	"Pakistan"	"Tirah"	9	9	18	199	415	614	126957	209958	336915
"2014.01.06"	"Afghanistan"	"Jawzjan"	1	2	3	200	417	617	126958	209960	336918
"2014.01.06"	"Syria"	"Aleppo"	50	0	50	250	417	667	127008	209960	336968
"2014.01.06"	"Yemen"	"Lahj"	1	0	1	251	417	668	127009	209960	336969
"2014.01.06"	"Bangladesh"	"Jessore"	5	20	25	256	437	693	127014	209980	336994
"2014.01.07"	"Iraq"	"Kirkuk"	5	55	60	261	492	753	127019	210035	337054
"2014.01.07"	"Iraq"	"Jurf al-Sakhar"	4	0	4	265	492	757	127023	210035	337058
"2014.01.07"	"India"	"Sopore"	1	3	4	266	495	761	127024	210038	337062
"2014.01.07"	"Syria"	"Aleppo"	9	0	9	275	495	770	127033	210038	337071
"2014.01.07"	"Pakistan"	"Peshawar"	1	0	1	276	495	771	127034	210038	337072
"2014.01.07"	"Iraq"	"Samarrah"	7	2	9	283	497	780	127041	210040	337081
"2014.01.07"	"Iraq"	"Baghdad"	12	0	12	295	497	792	127053	210040	337093
"2014.01.07"	"Syria"	"Darkoush"	20	24	44	315	521	836	127073	210064	337137
"2014.01.07"	"Pakistan"	"Karachi"	6	0	6	321	521	842	127079	210064	337143
"2014.01.08"	"Iraq"	"Tikrit"	5	5	10	326	526	852	127084	210069	337153
"2014.01.08"	"Pakistan"	"Peshawar"	1	3	4	327	529	856	127085	210072	337157
"2014.01.08"	"Iraq"	"Baqubah"	12	4	16	339	533	872	127097	210076	337173
"2014.01.08"	"Nigeria"	"Kano"	3	12	15	342	545	887	127100	210088	337188
"2014.01.08"	"Nigeria"	"Kayamula"	9	3	12	351	548	899	127109	210091	337200
"2014.01.08"	"Syria"	"Marmarita"	1	1	2	352	549	901	127110	210092	337202
"2014.01.09"	"Iraq"	"Shirqat"	2	3	5	354	552	906	127112	210095	337207
"2014.01.09"	"Iraq"	"Ramadi"	4	6	10	358	558	916	127116	210101	337217
"2014.01.09"	"Pakistan"	"Mardan"	2	0	2	360	558	918	127118	210101	337219
"2014.01.09"	"Iraq"	"Baghdad"	23	33	56	383	591	974	127141	210134	337275
"2014.01.09"	"Russia"	"Stavropol Krai"	6	0	6	389	591	980	127147	210134	337281
"2014.01.09"	"Pakistan"	"Karachi"	3	11	14	392	602	994	127150	210145	337295
"2014.01.09"	"Syria"	"Aleppo"	1	0	1	393	602	995	127151	210145	337296
"2014.01.10"	"Pakistan"	"Karachi"	1	0	1	394	602	996	127152	210145	337297
"2014.01.10"	"Syria"	"Hama"	18	32	50	412	634	1046	127170	210177	337347
"2014.01.10"	"Syria"	"Deir Hassan"	2	0	2	414	634	1048	127172	210177	337349
"2014.01.10"	"Iraq"	"Kut"	1	0	1	415	634	1049	127173	210177	337350
"2014.01.11"	"Bangladesh"	"Gaibandha"	1	0	1	416	634	1050	127174	210177	337351
"2014.01.11"	"Pakistan"	"Malir"	0	3	3	416	637	1053	127174	210180	337354
"2014.01.11"	"Israel"	"Jerusalem"	0	1	1	416	638	1054	127174	210181	337355
"2014.01.11"	"Syria"	"Saraqub"	5	0	5	421	638	1059	127179	210181	337360
"2014.01.12"	"Iraq"	"Tuz Khormato"	10	35	45	431	673	1104	127189	210216	337405
"2014.01.12"	"Pakistan"	"Shangla"	6	4	10	437	677	1114	127195	210220	337415
"2014.01.12"	"Libya"	"Sirte"	1	0	1	438	677	1115	127196	210220	337416
"2014.01.12"	"Afghanistan"	"Kabul"	2	20	22	440	697	1137	127198	210240	337438
"2014.01.12"	"Iraq"	"Baghdad"	9	16	25	449	713	1162	127207	210256	337463
"2014.01.12"	"Iraq"	"Baghdad"	5	14	19	454	727	1181	127212	210270	337482
"2014.01.12"	"Yemen"	"al-Shahr"	4	0	4	458	727	1185	127216	210270	337486
"2014.01.12"	"Bangladesh"	"Natore"	1	4	5	459	731	1190	127217	210274	337491
"2014.01.12"	"Pakistan"	"Peshawar"	3	0	3	462	731	1193	127220	210274	337494
"2014.01.12"	"Nigeria"	"Sabon Gari"	8	3	11	470	734	1204	127228	210277	337505
"2014.01.13"	"Iraq"	"Baghdad"	11	28	39	481	762	1243	127239	210305	337544
"2014.01.13"	"Iraq"	"Baghdad"	5	14	19	486	776	1262	127244	210319	337563
"2014.01.13"	"Iraq"	"Baghdad"	8	34	42	494	810	1304	127252	210353	337605
"2014.01.13"	"Nigeria"	"Kayamula"	5	10	15	499	820	1319	127257	210363	337620
"2014.01.13"	"Syria"	"Homs"	14	0	14	513	820	1333	127271	210363	337634
"2014.01.14"	"Iraq"	"Baghdad"	6	13	19	519	833	1352	127277	210376	337653
"2014.01.14"	"Iraq"	"Sadr City"	4	10	14	523	843	1366	127281	210386	337667
"2014.01.14"	"Iraq"	"Baghdad"	7	17	24	530	860	1390	127288	210403	337691
"2014.01.14"	"Iraq"	"Khalis"	5	2	7	535	862	1397	127293	210405	337698
"2014.01.14"	"Iraq"	"Qamma"	3	10	13	538	872	1410	127296	210415	337711
"2014.01.14"	"Iraq"	"Tarmiya"	3	13	16	541	885	1426	127299	210428	337727
"2014.01.14"	"Pakistan"	"Peshawar"	2	13	15	543	898	1441	127301	210441	337742
"2014.01.14"	"Syria"	"Kantari"	46	0	46	589	898	1487	127347	210441	337788
"2014.01.14"	"Syria"	"Ram Hamdan"	8	18	26	597	916	1513	127355	210459	337814
"2014.01.14"	"Nigeria"	"Maiduguri"	19	51	70	616	967	1583	127374	210510	337884
"2014.01.15"	"Iraq"	"Muqdadiya"	7	0	7	623	967	1590	127381	210510	337891
"2014.01.15"	"Iraq"	"Baghdad"	5	12	17	628	979	1607	127386	210522	337908
"2014.01.15"	"Iraq"	"Karrada"	6	24	30	634	1003	1637	127392	210546	337938
"2014.01.15"	"Iraq"	"Baghdad"	12	32	44	646	1035	1681	127404	210578	337982
"2014.01.15"	"Iraq"	"Dujail"	5	7	12	651	1042	1693	127409	210585	337994
"2014.01.15"	"Iraq"	"Buhriz"	16	24	40	667	1066	1733	127425	210609	338034
"2014.01.15"	"Cameroon"	"Limani"	1	4	5	668	1070	1738	127426	210613	338039
"2014.01.15"	"Thailand"	"Yala"	2	1	3	670	1071	1741	127428	210614	338042
"2014.01.15"	"Iraq"	"Ain al-Jahsh"	6	10	16	676	1081	1757	127434	210624	338058
"2014.01.15"	"Pakistan"	"Landikotal"	2	0	2	678	1081	1759	127436	210624	338060
"2014.01.15"	"Syria"	"Aleppo"	26	24	50	704	1105	1809	127462	210648	338110
"2014.01.15"	"Nigeria"	"Banki"	1	4	5	705	1109	1814	127463	210652	338115
"2014.01.16"	"Pakistan"	"Punjab"	1	0	1	706	1109	1815	127464	210652	338116
"2014.01.16"	"Iraq"	"Ramadi"	3	5	8	709	1114	1823	127467	210657	338124
"2014.01.16"	"Iraq"	"Baqubah"	3	6	9	712	1120	1832	127470	210663	338133
"2014.01.16"	"Pakistan"	"Multan"	2	0	2	714	1120	1834	127472	210663	338135
"2014.01.16"	"Iraq"	"Tikrit"	2	0	2	716	1120	1836	127474	210663	338137
"2014.01.16"	"Yemen"	"Bayda"	10	16	26	726	1136	1862	127484	210679	338163
"2014.01.16"	"Lebanon"	"Beqaa"	3	43	46	729	1179	1908	127487	210722	338209
"2014.01.16"	"Iraq"	"Mishada"	14	0	14	743	1179	1922	127501	210722	338223
"2014.01.16"	"Pakistan"	"Peshawar"	11	65	76	754	1244	1998	127512	210787	338299
"2014.01.16"	"Pakistan"	"Lahore"	1	0	1	755	1244	1999	127513	210787	338300
"2014.01.17"	"Pakistan"	"Karachi"	1	0	1	756	1244	2000	127514	210787	338301
"2014.01.17"	"Iraq"	"Ramadi"	5	4	9	761	1248	2009	127519	210791	338310
"2014.01.17"	"Lebanon"	"Arsal"	7	15	22	768	1263	2031	127526	210806	338332
"2014.01.17"	"Pakistan"	"Nazimabad"	3	3	6	771	1266	2037	127529	210809	338338
"2014.01.17"	"Afghanistan"	"Kabul"	21	30	51	792	1296	2088	127550	210839	338389
"2014.01.17"	"Syria"	"Jarabulus"	10	0	10	802	1296	2098	127560	210839	338399
"2014.01.17"	"Syria"	"Jarabulus"	12	0	12	814	1296	2110	127572	210839	338411
"2014.01.18"	"Iraq"	"Baghdad"	6	12	18	820	1308	2128	127578	210851	338429
"2014.01.18"	"Iraq"	"Baghdad"	19	53	72	839	1361	2200	127597	210904	338501
"2014.01.18"	"Iraq"	"Kirkuk"	3	13	16	842	1374	2216	127600	210917	338517
"2014.01.18"	"Pakistan"	"Sargodha"	2	5	7	844	1379	2223	127602	210922	338524
"2014.01.18"	"Dagestan"	"Makhachkala"	0	9	9	844	1388	2232	127602	210931	338533
"2014.01.18"	"Afghanistan"	"Kandahar"	3	4	7	847	1392	2239	127605	210935	338540
"2014.01.18"	"Yemen"	"Sanaa"	1	0	1	848	1392	2240	127606	210935	338541
"2014.01.19"	"Nigeria"	"Agatu"	7	9	16	855	1401	2256	127613	210944	338557
"2014.01.19"	"Pakistan"	"Bannu"	22	38	60	877	1439	2316	127635	210982	338617
"2014.01.19"	"Iraq"	"Tuz Khormato"	7	20	27	884	1459	2343	127642	211002	338644
"2014.01.19"	"Iraq"	"Baiji"	7	17	24	891	1476	2367	127649	211019	338668
"2014.01.19"	"Iraq"	"Baqubah"	5	0	5	896	1476	2372	127654	211019	338673
"2014.01.20"	"Pakistan"	"Karachi"	3	0	3	899	1476	2375	127657	211019	338676
"2014.01.20"	"Pakistan"	"Karachi"	1	0	1	900	1476	2376	127658	211019	338677
"2014.01.20"	"Algeria"	"Ghardaia"	1	3	4	901	1479	2380	127659	211022	338681
"2014.01.20"	"Syria"	"Bab al-Hawa"	16	20	36	917	1499	2416	127675	211042	338717
"2014.01.20"	"Pakistan"	"Peshawar"	1	0	1	918	1499	2417	127676	211042	338718
"2014.01.20"	"Iraq"	"Baghdad"	7	18	25	925	1517	2442	127683	211060	338743
"2014.01.20"	"Thailand"	"Pattani"	2	0	2	927	1517	2444	127685	211060	338745
"2014.01.20"	"Afghanistan"	"Zhari"	3	0	3	930	1517	2447	127688	211060	338748
"2014.01.20"	"Pakistan"	"Rawalpindi"	13	15	28	943	1532	2475	127701	211075	338776
"2014.01.20"	"Nigeria"	"Wulgo"	1	1	2	944	1533	2477	127702	211076	338778
"2014.01.20"	"Iraq"	"Baghdad"	4	15	19	948	1548	2496	127706	211091	338797
"2014.01.20"	"Iraq"	"Baghdad"	3	8	11	951	1556	2507	127709	211099	338808
"2014.01.20"	"Iraq"	"Baghdad"	14	26	40	965	1582	2547	127723	211125	338848
"2014.01.20"	"Nigeria"	"Gwoza"	3	4	7	968	1586	2554	127726	211129	338855
"2014.01.20"	"Nigeria"	"Alau Ngawo"	19	12	31	987	1598	2585	127745	211141	338886
"2014.01.21"	"Lebanon"	"Tripoli"	7	58	65	994	1656	2650	127752	211199	338951
"2014.01.21"	"Iraq"	"Wajihiya"	1	0	1	995	1656	2651	127753	211199	338952
"2014.01.21"	"Somalia"	"Mahaday"	15	3	18	1010	1659	2669	127768	211202	338970
"2014.01.21"	"Thailand"	"Narathiwat"	1	5	6	1011	1664	2675	127769	211207	338976
"2014.01.21"	"Pakistan"	"Karachi"	3	2	5	1014	1666	2680	127772	211209	338981
"2014.01.21"	"India"	"Madurai"	1	0	1	1015	1666	2681	127773	211209	338982
"2014.01.21"	"Pakistan"	"Karachi"	1	2	3	1016	1668	2684	127774	211211	338985
"2014.01.21"	"Pakistan"	"Mastung"	28	31	59	1044	1699	2743	127802	211242	339044
"2014.01.21"	"Lebanon"	"Beirut"	4	20	24	1048	1719	2767	127806	211262	339068
"2014.01.21"	"Pakistan"	"Landhi"	1	0	1	1049	1719	2768	127807	211262	339069
"2014.01.21"	"Yemen"	"Sanaa"	1	0	1	1050	1719	2769	127808	211262	339070
"2014.01.22"	"Pakistan"	"Charsadda"	1	0	1	1051	1719	2770	127809	211262	339071
"2014.01.22"	"Pakistan"	"Tank"	1	0	1	1052	1719	2771	127810	211262	339072
"2014.01.22"	"Pakistan"	"Karachi"	1	0	1	1053	1719	2772	127811	211262	339073
"2014.01.22"	"Pakistan"	"Charsadda"	6	6	12	1059	1725	2784	127817	211268	339085
"2014.01.22"	"Iraq"	"Baghdad"	2	4	6	1061	1729	2790	127819	211272	339091
"2014.01.22"	"Pakistan"	"Balochistan"	6	0	6	1067	1729	2796	127825	211272	339097
"2014.01.22"	"Thailand"	"Yala"	1	0	1	1068	1729	2797	127826	211272	339098
"2014.01.23"	"Pakistan"	"Peshawar"	1	0	1	1069	1729	2798	127827	211272	339099
"2014.01.23"	"Iraq"	"Jurf al-Sakhar"	3	4	7	1072	1733	2805	127830	211276	339106
"2014.01.23"	"Iraq"	"Mosul"	3	0	3	1075	1733	2808	127833	211276	339109
"2014.01.23"	"Afghanistan"	"Laghman"	5	0	5	1080	1733	2813	127838	211276	339114
"2014.01.23"	"Kyrgyzstan"	"Issyk-Kul"	1	0	1	1081	1733	2814	127839	211276	339115
"2014.01.23"	"Pakistan"	"Peshawar"	6	8	14	1087	1741	2828	127845	211284	339129
"2014.01.23"	"Afghanistan"	"Qaisar"	6	4	10	1093	1745	2838	127851	211288	339139
"2014.01.23"	"Egypt"	"Bani Suief"	5	2	7	1098	1747	2845	127856	211290	339146
"2014.01.24"	"Egypt"	"Cairo"	5	73	78	1103	1820	2923	127861	211363	339224
"2014.01.24"	"Egypt"	"Cairo"	1	8	9	1104	1828	2932	127862	211371	339233
"2014.01.24"	"Thailand"	"Pattani"	2	2	4	1106	1830	2936	127864	211373	339237
"2014.01.24"	"Iraq"	"Tikrit"	3	0	3	1109	1830	2939	127867	211373	339240
"2014.01.24"	"Afghanistan"	"Balkh"	1	0	1	1110	1830	2940	127868	211373	339241
"2014.01.24"	"Thailand"	"Yala"	2	3	5	1112	1833	2945	127870	211376	339246
"2014.01.25"	"Iraq"	"Baghdad"	4	12	16	1116	1845	2961	127874	211388	339262
"2014.01.25"	"Iraq"	"Baghdad"	2	6	8	1118	1851	2969	127876	211394	339270
"2014.01.25"	"Iraq"	"Tuz Khormato"	7	19	26	1125	1870	2995	127883	211413	339296
"2014.01.25"	"Pakistan"	"Karachi"	6	6	12	1131	1876	3007	127889	211419	339308
"2014.01.25"	"Iraq"	"Jaizan"	6	2	8	1137	1878	3015	127895	211421	339316
"2014.01.25"	"Iraq"	"Baqubah"	6	2	8	1143	1880	3023	127901	211423	339324
"2014.01.26"	"Afghanistan"	"Kabul"	4	22	26	1147	1902	3049	127905	211445	339350
"2014.01.26"	"Nigeria"	"Riyom"	1	2	3	1148	1904	3052	127906	211447	339353
"2014.01.26"	"Yemen"	"Hadramawt"	1	0	1	1149	1904	3053	127907	211447	339354
"2014.01.26"	"Egypt"	"Sheikh Zuwayed"	5	0	5	1154	1904	3058	127912	211447	339359
"2014.01.26"	"Pakistan"	"Quetta"	1	0	1	1155	1904	3059	127913	211447	339360
"2014.01.26"	"Pakistan"	"Peshawar"	1	0	1	1156	1904	3060	127914	211447	339361
"2014.01.26"	"Egypt"	"Sinai"	4	9	13	1160	1913	3073	127918	211456	339374
"2014.01.26"	"Afghanistan"	"Helmand"	6	13	19	1166	1926	3092	127924	211469	339393
"2014.01.26"	"Iraq"	"Fallujah"	4	0	4	1170	1926	3096	127928	211469	339397
"2014.01.26"	"Iraq"	"Kirkuk"	5	14	19	1175	1940	3115	127933	211483	339416
"2014.01.26"	"Nigeria"	"Kawuri"	85	40	125	1260	1980	3240	128018	211523	339541
"2014.01.26"	"Iraq"	"Abu Ghraib"	8	0	8	1268	1980	3248	128026	211523	339549
"2014.01.26"	"Iraq"	"Husseiniya"	2	0	2	1270	1980	3250	128028	211523	339551
"2014.01.26"	"Iraq"	"Mishahda"	3	12	15	1273	1992	3265	128031	211535	339566
"2014.01.26"	"Nigeria"	"Waga Chakawa"	53	25	78	1326	2017	3343	128084	211560	339644
"2014.01.26"	"Pakistan"	"Swat"	1	0	1	1327	2017	3344	128085	211560	339645
"2014.01.26"	"Afghanistan"	"Nangarhar"	2	8	10	1329	2025	3354	128087	211568	339655
"2014.01.27"	"Thailand"	"Narathiwat"	3	0	3	1332	2025	3357	128090	211568	339658
"2014.01.27"	"Pakistan"	"Mashokehl"	3	0	3	1335	2025	3360	128093	211568	339661
"2014.01.27"	"Syria"	"Rahjan"	13	5	18	1348	2030	3378	128106	211573	339679
"2014.01.27"	"Iraq"	"Samarrah"	3	0	3	1351	2030	3381	128109	211573	339682
"2014.01.27"	"Pakistan"	"Khanpur"	1	0	1	1352	2030	3382	128110	211573	339683
"2014.01.27"	"Iran"	"Tehran"	1	0	1	1353	2030	3383	128111	211573	339684
"2014.01.28"	"Pakistan"	"Karachi"	2	0	2	1355	2030	3385	128113	211573	339686
"2014.01.28"	"Philippines"	"Datu Piang"	0	2	2	1355	2032	3387	128113	211575	339688
"2014.01.28"	"Egypt"	"Cairo"	1	2	3	1356	2034	3390	128114	211577	339691
"2014.01.28"	"Egypt"	"Giza"	1	0	1	1357	2034	3391	128115	211577	339692
"2014.01.28"	"Iraq"	"Muqdadiya"	6	4	10	1363	2038	3401	128121	211581	339702
"2014.01.28"	"Iraq"	"Balad"	2	3	5	1365	2041	3406	128123	211584	339707
"2014.01.28"	"Syria"	"Aleppo"	4	0	4	1369	2041	3410	128127	211584	339711
"2014.01.29"	"Iraq"	"Camp Sarah"	3	0	3	1372	2041	3413	128130	211584	339714
"2014.01.29"	"Pakistan"	"Mastung"	1	0	1	1373	2041	3414	128131	211584	339715
"2014.01.29"	"Thailand"	"Narathiwat"	2	3	5	1375	2044	3419	128133	211587	339720
"2014.01.29"	"Iraq"	"Hawija"	3	2	5	1378	2046	3424	128136	211589	339725
"2014.01.29"	"Iraq"	"Baghdad"	8	20	28	1386	2066	3452	128144	211609	339753
"2014.01.29"	"Iraq"	"Baghdad"	3	10	13	1389	2076	3465	128147	211619	339766
"2014.01.29"	"Iraq"	"New Baghdad"	5	12	17	1394	2088	3482	128152	211631	339783
"2014.01.29"	"Pakistan"	"Nazimabad"	1	7	8	1395	2095	3490	128153	211638	339791
"2014.01.29"	"Pakistan"	"Nazimabad"	3	5	8	1398	2100	3498	128156	211643	339799
"2014.01.30"	"Afghanistan"	"Pachir Wagam"	2	3	5	1400	2103	3503	128158	211646	339804
"2014.01.30"	"Pakistan"	"Landikotal"	2	0	2	1402	2103	3505	128160	211646	339806
"2014.01.30"	"Egypt"	"Giza"	1	0	1	1403	2103	3506	128161	211646	339807
"2014.01.30"	"Iraq"	"Baghdad"	18	50	68	1421	2153	3574	128179	211696	339875
"2014.01.30"	"Iraq"	"Baghdad"	5	11	16	1426	2164	3590	128184	211707	339891
"2014.01.30"	"Iraq"	"Baghdad"	4	11	15	1430	2175	3605	128188	211718	339906
"2014.01.30"	"Thailand"	"Pattani"	2	0	2	1432	2175	3607	128190	211718	339908
"2014.01.31"	"Iraq"	"Hit"	5	3	8	1437	2178	3615	128195	211721	339916
"2014.01.31"	"Yemen"	"Shibam"	15	4	19	1452	2182	3634	128210	211725	339935
"2014.01.31"	"Nigeria"	"Garin Yamdula"	11	0	11	1463	2182	3645	128221	211725	339946
"2014.01.31"	"Nigeria"	"Kutura"	7	3	10	1470	2185	3655	128228	211728	339956
"2014.01.31"	"Nigeria"	"Unguwar Kajit"	7	0	7	1477	2185	3662	128235	211728	339963
"2014.02.01"	"Syria"	"Aleppo"	26	18	44	1503	2203	3706	128261	211746	340007
"2014.02.01"	"Afghanistan"	"Spin Boldak"	4	1	5	1507	2204	3711	128265	211747	340012
"2014.02.01"	"Iraq"	"Baghdad"	8	22	30	1515	2226	3741	128273	211769	340042
"2014.02.01"	"Syria"	"Homs"	1	0	1	1516	2226	3742	128274	211769	340043
"2014.02.01"	"Pakistan"	"Garhi Mali Khel"	4	0	4	1520	2226	3746	128278	211769	340047
"2014.02.01"	"Afghanistan"	"Farah"	4	4	8	1524	2230	3754	128282	211773	340055
"2014.02.01"	"Philippines"	"Saudi Ampatuan"	0	12	12	1524	2242	3766	128282	211785	340067
"2014.02.01"	"Afghanistan"	"Herat"	2	0	2	1526	2242	3768	128284	211785	340069
"2014.02.01"	"Lebanon"	"Hermel"	3	23	26	1529	2265	3794	128287	211808	340095
"2014.02.02"	"Somalia"	"Beled Hawa"	3	5	8	1532	2270	3802	128290	211813	340103
"2014.02.02"	"Kenya"	"Mombasa"	1	0	1	1533	2270	3803	128291	211813	340104
"2014.02.02"	"Iraq"	"Baiji"	8	18	26	1541	2288	3829	128299	211831	340130
"2014.02.02"	"Iraq"	"Diyala"	5	3	8	1546	2291	3837	128304	211834	340138
"2014.02.02"	"Iraq"	"Kirkuk"	4	1	5	1550	2292	3842	128308	211835	340143
"2014.02.02"	"Pakistan"	"Peshawar"	5	31	36	1555	2323	3878	128313	211866	340179
"2014.02.02"	"Thailand"	"Pattani"	4	5	9	1559	2328	3887	128317	211871	340188
"2014.02.02"	"Syria"	"al-Raei"	16	20	36	1575	2348	3923	128333	211891	340224
"2014.02.02"	"Kenya"	"Mombasa"	1	0	1	1576	2348	3924	128334	211891	340225
"2014.02.03"	"Lebanon"	"Choueifat"	1	0	1	1577	2348	3925	128335	211891	340226
"2014.02.03"	"Iraq"	"Hurriyah"	4	11	15	1581	2359	3940	128339	211902	340241
"2014.02.03"	"Iraq"	"Abdu Dashir"	6	14	20	1587	2373	3960	128345	211916	340261
"2014.02.03"	"Iraq"	"Mahmoudiya"	9	28	37	1596	2401	3997	128354	211944	340298
"2014.02.03"	"Iraq"	"Baghdad"	2	6	8	1598	2407	4005	128356	211950	340306
"2014.02.03"	"Pakistan"	"Karachi"	4	0	4	1602	2407	4009	128360	211950	340310
"2014.02.03"	"Tunisia"	"Raoued"	1	0	1	1603	2407	4010	128361	211950	340311
"2014.02.03"	"Nigeria"	"Yobe"	18	0	18	1621	2407	4028	128379	211950	340329
"2014.02.03"	"Pakistan"	"Karachi"	2	0	2	1623	2407	4030	128381	211950	340331
"2014.02.04"	"Pakistan"	"Karachi"	1	0	1	1624	2407	4031	128382	211950	340332
"2014.02.04"	"Iraq"	"Mosul"	2	6	8	1626	2413	4039	128384	211956	340340
"2014.02.04"	"Iraq"	"Tarmiya"	2	0	2	1628	2413	4041	128386	211956	340342
"2014.02.04"	"Iraq"	"Baghdad"	18	40	58	1646	2453	4099	128404	211996	340400
"2014.02.04"	"Yemen"	"Sanaa"	2	12	14	1648	2465	4113	128406	212008	340414
"2014.02.04"	"Pakistan"	"Peshawar"	7	42	49	1655	2507	4162	128413	212050	340463
"2014.02.04"	"Nigeria"	"Riyom"	34	20	54	1689	2527	4216	128447	212070	340517
"2014.02.05"	"Yemen"	"Aden"	1	0	1	1690	2527	4217	128448	212070	340518
"2014.02.05"	"Egypt"	"Sharqiya"	1	1	2	1691	2528	4219	128449	212071	340520
"2014.02.05"	"Pakistan"	"Norak"	4	0	4	1695	2528	4223	128453	212071	340524
"2014.02.05"	"Iraq"	"Mosul"	1	7	8	1696	2535	4231	128454	212078	340532
"2014.02.05"	"Iraq"	"Baghdad"	5	11	16	1701	2546	4247	128459	212089	340548
"2014.02.05"	"Iraq"	"Nuaimiya"	5	7	12	1706	2553	4259	128464	212096	340560
"2014.02.05"	"Iraq"	"Fallujah"	3	11	14	1709	2564	4273	128467	212107	340574
"2014.02.05"	"Iraq"	"Baghdad"	12	22	34	1721	2586	4307	128479	212129	340608
"2014.02.05"	"Iraq"	"Baghdad"	5	12	17	1726	2598	4324	128484	212141	340625
"2014.02.05"	"Iraq"	"Baghdad"	9	24	33	1735	2622	4357	128493	212165	340658
"2014.02.05"	"Iraq"	"Hit"	3	0	3	1738	2622	4360	128496	212165	340661
"2014.02.06"	"Syria"	"Aleppo"	46	20	66	1784	2642	4426	128542	212185	340727
"2014.02.06"	"Iraq"	"Mosul"	2	0	2	1786	2642	4428	128544	212185	340729
"2014.02.06"	"Iraq"	"Sadiyah"	1	3	4	1787	2645	4432	128545	212188	340733
"2014.02.06"	"Thailand"	"Narathiwat"	1	0	1	1788	2645	4433	128546	212188	340734
"2014.02.06"	"Algeria"	"Ghardia"	1	0	1	1789	2645	4434	128547	212188	340735
"2014.02.07"	"Pakistan"	"Turbat"	1	5	6	1790	2650	4440	128548	212193	340741
"2014.02.07"	"Iraq"	"Tuz Khormatu"	5	22	27	1795	2672	4467	128553	212215	340768
"2014.02.07"	"Pakistan"	"Upper Kurram"	1	0	1	1796	2672	4468	128554	212215	340769
"2014.02.07"	"Thailand"	"Yala"	1	2	3	1797	2674	4471	128555	212217	340772
"2014.02.07"	"Pakistan"	"Khanewal"	2	3	5	1799	2677	4476	128557	212220	340777
"2014.02.08"	"Thailand"	"Pattani"	2	3	5	1801	2680	4481	128559	212223	340782
"2014.02.08"	"Iraq"	"Tuz Khormatu"	4	7	11	1805	2687	4492	128563	212230	340793
"2014.02.08"	"Iraq"	"Kanous"	5	0	5	1810	2687	4497	128568	212230	340798
"2014.02.09"	"Thailand"	"Pattani"	1	0	1	1811	2687	4498	128569	212230	340799
"2014.02.09"	"Iraq"	"Gatoun"	3	5	8	1814	2692	4506	128572	212235	340807
"2014.02.09"	"Iraq"	"Sadr City"	2	9	11	1816	2701	4517	128574	212244	340818
"2014.02.09"	"Afghanistan"	"Dilaram"	7	0	7	1823	2701	4524	128581	212244	340825
"2014.02.09"	"Israel"	"Jerusalem"	0	1	1	1823	2702	4525	128581	212245	340826
"2014.02.09"	"Yemen"	"Sanaa"	2	3	5	1825	2705	4530	128583	212248	340831
"2014.02.09"	"Pakistan"	"Karachi"	9	10	19	1834	2715	4549	128592	212258	340850
"2014.02.09"	"Iraq"	"Baghdad"	1	0	1	1835	2715	4550	128593	212258	340851
"2014.02.09"	"Iraq"	"Tuz Khormato"	4	28	32	1839	2743	4582	128597	212286	340883
"2014.02.09"	"Iraq"	"Mosul"	2	0	2	1841	2743	4584	128599	212286	340885
"2014.02.09"	"Syria"	"Maan"	40	0	40	1881	2743	4624	128639	212286	340925
"2014.02.09"	"Iraq"	"Baiji"	3	0	3	1884	2743	4627	128642	212286	340928
"2014.02.09"	"Iraq"	"Tuz Khormatu"	6	0	6	1890	2743	4633	128648	212286	340934
"2014.02.09"	"Thailand"	"Pattani"	1	0	1	1891	2743	4634	128649	212286	340935
"2014.02.10"	"Pakistan"	"Dera Ismail Khan"	1	1	2	1892	2744	4636	128650	212287	340937
"2014.02.10"	"Pakistan"	"Hangu"	3	0	3	1895	2744	4639	128653	212287	340940
"2014.02.10"	"Pakistan"	"Mauza Kot Olakh"	2	0	2	1897	2744	4641	128655	212287	340942
"2014.02.10"	"Iraq"	"Ramadi"	4	7	11	1901	2751	4652	128659	212294	340953
"2014.02.10"	"Pakistan"	"Peshawar"	4	6	10	1905	2757	4662	128663	212300	340963
"2014.02.10"	"Afghanistan"	"Kabul"	2	3	5	1907	2760	4667	128665	212303	340968
"2014.02.10"	"Sudan"	"Damardago"	1	2	3	1908	2762	4670	128666	212305	340971
"2014.02.11"	"Egypt"	"Ismailia"	5	0	5	1913	2762	4675	128671	212305	340976
"2014.02.11"	"Iraq"	"Nineveh"	16	0	16	1929	2762	4691	128687	212305	340992
"2014.02.11"	"Iraq"	"Mosul"	2	1	3	1931	2763	4694	128689	212306	340995
"2014.02.11"	"Nigeria"	"Konduga"	62	50	112	1993	2813	4806	128751	212356	341107
"2014.02.11"	"CAR"	"Bangui"	1	0	1	1994	2813	4807	128752	212356	341108
"2014.02.11"	"Pakistan"	"Islamabad"	1	0	1	1995	2813	4808	128753	212356	341109
"2014.02.11"	"Pakistan"	"Peshawar"	13	24	37	2008	2837	4845	128766	212380	341146
"2014.02.12"	"Pakistan"	"Swabi"	1	1	2	2009	2838	4847	128767	212381	341148
"2014.02.12"	"Iraq"	"Tuz Khormato"	4	9	13	2013	2847	4860	128771	212390	341161
"2014.02.12"	"Afghanistan"	"Kapisa"	2	0	2	2015	2847	4862	128773	212390	341163
"2014.02.12"	"Pakistan"	"Nazimabad"	2	0	2	2017	2847	4864	128775	212390	341165
"2014.02.12"	"Pakistan"	"Peshawar"	9	0	9	2026	2847	4873	128784	212390	341174
"2014.02.12"	"Thailand"	"Pattani"	1	0	1	2027	2847	4874	128785	212390	341175
"2014.02.12"	"Syria"	"al-Reqqa"	1	0	1	2028	2847	4875	128786	212390	341176
"2014.02.13"	"Iraq"	"Baqubah"	3	12	15	2031	2859	4890	128789	212402	341191
"2014.02.13"	"Iraq"	"Baghdad"	7	21	28	2038	2880	4918	128796	212423	341219
"2014.02.13"	"Pakistan"	"Karachi"	13	57	70	2051	2937	4988	128809	212480	341289
"2014.02.13"	"Thailand"	"Pattani"	4	6	10	2055	2943	4998	128813	212486	341299
"2014.02.13"	"Somalia"	"Mogadishu"	7	15	22	2062	2958	5020	128820	212501	341321
"2014.02.13"	"Yemen"	"Sanaa"	7	3	10	2069	2961	5030	128827	212504	341331
"2014.02.13"	"Nigeria"	"Izhe"	9	0	9	2078	2961	5039	128836	212504	341340
"2014.02.14"	"Syria"	"Yadouda"	48	150	198	2126	3111	5237	128884	212654	341538
"2014.02.14"	"Iraq"	"Saqlawiya"	7	4	11	2133	3115	5248	128891	212658	341549
"2014.02.14"	"Iraq"	"Hillah"	11	3	14	2144	3118	5262	128902	212661	341563
"2014.02.15"	"Afghanistan"	"Kunduz"	2	6	8	2146	3124	5270	128904	212667	341571
"2014.02.15"	"Iraq"	"Baghdad"	17	12	29	2163	3136	5299	128921	212679	341600
"2014.02.15"	"Iraq"	"Mosul"	3	0	3	2166	3136	5302	128924	212679	341603
"2014.02.15"	"Thailand"	"Narathiwat"	2	0	2	2168	3136	5304	128926	212679	341605
"2014.02.15"	"Nigeria"	"Izghe"	121	0	121	2289	3136	5425	129047	212679	341726
"2014.02.15"	"Thailand"	"Yala"	2	0	2	2291	3136	5427	129049	212679	341728
"2014.02.16"	"Iraq"	"Ramadi"	3	4	7	2294	3140	5434	129052	212683	341735
"2014.02.16"	"Iraq"	"Kirkuk"	5	0	5	2299	3140	5439	129057	212683	341740
"2014.02.16"	"Egypt"	"Taba"	4	13	17	2303	3153	5456	129061	212696	341757
"2014.02.16"	"Pakistan"	"Budhni"	1	1	2	2304	3154	5458	129062	212697	341759
"2014.02.16"	"Pakistan"	"Jacobabad"	7	35	42	2311	3189	5500	129069	212732	341801
"2014.02.16"	"Iraq"	"Baghdad"	4	15	19	2315	3204	5519	129073	212747	341820
"2014.02.16"	"Iraq"	"Shirqat"	2	0	2	2317	3204	5521	129075	212747	341822
"2014.02.16"	"Iraq"	"Muqdadiya"	2	0	2	2319	3204	5523	129077	212747	341824
"2014.02.16"	"Tunisia"	"Jendouba"	4	4	8	2323	3208	5531	129081	212751	341832
"2014.02.16"	"Pakistan"	"Loralai"	2	0	2	2325	3208	5533	129083	212751	341834
"2014.02.17"	"Egypt"	"Alexandria"	4	0	4	2329	3208	5537	129087	212751	341838
"2014.02.17"	"Iraq"	"Ramadi"	3	6	9	2332	3214	5546	129090	212757	341847
"2014.02.17"	"Iraq"	"Karrada"	9	30	39	2341	3244	5585	129099	212787	341886
"2014.02.17"	"Iraq"	"Baghdad"	10	26	36	2351	3270	5621	129109	212813	341922
"2014.02.17"	"Somalia"	"Kismayo"	3	0	3	2354	3270	5624	129112	212813	341925
"2014.02.17"	"Iraq"	"Baghdad"	4	15	19	2358	3285	5643	129116	212828	341944
"2014.02.17"	"Iraq"	"Baghdad"	2	9	11	2360	3294	5654	129118	212837	341955
"2014.02.17"	"Afghanistan"	"Kapisa"	6	0	6	2366	3294	5660	129124	212837	341961
"2014.02.17"	"Iraq"	"Mosul"	1	1	2	2367	3295	5662	129125	212838	341963
"2014.02.17"	"Iraq"	"Anbar"	1	8	9	2368	3303	5671	129126	212846	341972
"2014.02.17"	"Pakistan"	"Shongari"	23	0	23	2391	3303	5694	129149	212846	341995
"2014.02.18"	"Nigeria"	"Adamawa"	11	0	11	2402	3303	5705	129160	212846	342006
"2014.02.18"	"Philippines"	"Jolo"	1	0	1	2403	3303	5706	129161	212846	342007
"2014.02.18"	"Iraq"	"Baghdad"	10	31	41	2413	3334	5747	129171	212877	342048
"2014.02.18"	"Iraq"	"Baghdad"	7	18	25	2420	3352	5772	129178	212895	342073
"2014.02.18"	"Nigeria"	"Borno"	1	0	1	2421	3352	5773	129179	212895	342074
"2014.02.18"	"Iraq"	"Hillah"	35	90	125	2456	3442	5898	129214	212985	342199
"2014.02.18"	"Syria"	"Aleppo"	14	0	14	2470	3442	5912	129228	212985	342213
"2014.02.18"	"Thailand"	"Pattani"	3	0	3	2473	3442	5915	129231	212985	342216
"2014.02.19"	"Nigeria"	"Rapyem"	13	0	13	2486	3442	5928	129244	212985	342229
"2014.02.19"	"Iraq"	"Mahmoudiya"	6	18	24	2492	3460	5952	129250	213003	342253
"2014.02.19"	"Iraq"	"Dujail"	3	20	23	2495	3480	5975	129253	213023	342276
"2014.02.19"	"Lebanon"	"Beirut"	12	103	115	2507	3583	6090	129265	213126	342391
"2014.02.19"	"Nigeria"	"Bama"	115	48	163	2622	3631	6253	129380	213174	342554
"2014.02.20"	"Iraq"	"Dujail"	10	8	18	2632	3639	6271	129390	213182	342572
"2014.02.20"	"Syria"	"Esselame"	24	25	49	2656	3664	6320	129414	213207	342621
"2014.02.20"	"Thailand"	"Yala"	1	1	2	2657	3665	6322	129415	213208	342623
"2014.02.20"	"Afghanistan"	"Kabul"	1	4	5	2658	3669	6327	129416	213212	342628
"2014.02.20"	"Iraq"	"Musayyib"	22	50	72	2680	3719	6399	129438	213262	342700
"2014.02.21"	"India"	"Sopore"	1	0	1	2681	3719	6400	129439	213262	342701
"2014.02.21"	"Afghanistan"	"Sarobi"	1	3	4	2682	3722	6404	129440	213265	342705
"2014.02.21"	"Pakistan"	"Sibi"	1	0	1	2683	3722	6405	129441	213265	342706
"2014.02.21"	"Somalia"	"Mogadishu"	5	6	11	2688	3728	6416	129446	213271	342717
"2014.02.22"	"Iraq"	"Kirkuk"	5	18	23	2693	3746	6439	129451	213289	342740
"2014.02.22"	"Iraq"	"Baqubah"	6	4	10	2699	3750	6449	129457	213293	342750
"2014.02.22"	"Lebanon"	"Hermel"	3	10	13	2702	3760	6462	129460	213303	342763
"2014.02.22"	"Iraq"	"Ramadi"	6	4	10	2708	3764	6472	129466	213307	342773
"2014.02.22"	"Pakistan"	"Buner"	3	2	5	2711	3766	6477	129469	213309	342778
"2014.02.22"	"Thailand"	"Yala"	3	0	3	2714	3766	6480	129472	213309	342781
"2014.02.22"	"Afghanistan"	"Laghman"	3	5	8	2717	3771	6488	129475	213314	342789
"2014.02.22"	"Pakistan"	"Barawal"	2	0	2	2719	3771	6490	129477	213314	342791
"2014.02.23"	"Thailand"	"Yala"	2	0	2	2721	3771	6492	129479	213314	342793
"2014.02.23"	"Afghanistan"	"Kunar"	21	3	24	2742	3774	6516	129500	213317	342817
"2014.02.23"	"Pakistan"	"Kohat"	13	14	27	2755	3788	6543	129513	213331	342844
"2014.02.23"	"Syria"	"Atmeh"	14	50	64	2769	3838	6607	129527	213381	342908
"2014.02.23"	"Egypt"	"Zagazig"	1	0	1	2770	3838	6608	129528	213381	342909
"2014.02.23"	"Iraq"	"Baiji"	7	0	7	2777	3838	6615	129535	213381	342916
"2014.02.23"	"Syria"	"Aleppo"	7	0	7	2784	3838	6622	129542	213381	342923
"2014.02.23"	"Iraq"	"Baghdad"	4	17	21	2788	3855	6643	129546	213398	342944
"2014.02.23"	"Pakistan"	"Karachi"	1	3	4	2789	3858	6647	129547	213401	342948
"2014.02.23"	"Iraq"	"Sadr City"	6	21	27	2795	3879	6674	129553	213422	342975
"2014.02.24"	"Thailand"	"Yala"	2	2	4	2797	3881	6678	129555	213424	342979
"2014.02.24"	"Pakistan"	"Karachi"	1	0	1	2798	3881	6679	129556	213424	342980
"2014.02.24"	"Nigeria"	"Izge"	3	0	3	2801	3881	6682	129559	213424	342983
"2014.02.24"	"Pakistan"	"Peshawar"	2	13	15	2803	3894	6697	129561	213437	342998
"2014.02.24"	"Bangladesh"	"Mymensingh"	1	0	1	2804	3894	6698	129562	213437	342999
"2014.02.24"	"Libya"	"Benghazi"	7	0	7	2811	3894	6705	129569	213437	343006
"2014.02.24"	"Thailand"	"Yala"	1	0	1	2812	3894	6706	129570	213437	343007
"2014.02.24"	"Iraq"	"Khalidiya"	2	3	5	2814	3897	6711	129572	213440	343012
"2014.02.25"	"Iraq"	"Ramadi"	3	18	21	2817	3915	6732	129575	213458	343033
"2014.02.25"	"Iraq"	"Baghdad"	15	36	51	2832	3951	6783	129590	213494	343084
"2014.02.25"	"Iraq"	"Meshahda"	4	0	4	2836	3951	6787	129594	213494	343088
"2014.02.25"	"Nigeria"	"Damaturu"	59	29	88	2895	3980	6875	129653	213523	343176
"2014.02.25"	"Afghanistan"	"Tirinkot"	9	40	49	2904	4020	6924	129662	213563	343225
"2014.02.26"	"Iraq"	"Mosul"	4	5	9	2908	4025	6933	129666	213568	343234
"2014.02.26"	"Iraq"	"Diyala"	4	5	9	2912	4030	6942	129670	213573	343243
"2014.02.26"	"Thailand"	"Narathiwat"	1	1	2	2913	4031	6944	129671	213574	343245
"2014.02.26"	"Nigeria"	"Riyom"	2	0	2	2915	4031	6946	129673	213574	343247
"2014.02.26"	"Nigeria"	"Michika"	3	0	3	2918	4031	6949	129676	213574	343250
"2014.02.26"	"Turkmenistan"	"Moqor"	3	0	3	2921	4031	6952	129679	213574	343253
"2014.02.26"	"Nigeria"	"Ayekale"	1	3	4	2922	4034	6956	129680	213577	343257
"2014.02.27"	"Iraq"	"Tuz Khurmato"	2	18	20	2924	4052	6976	129682	213595	343277
"2014.02.27"	"Iraq"	"Haditha"	7	5	12	2931	4057	6988	129689	213600	343289
"2014.02.27"	"Iraq"	"Sadr City"	4	14	18	2935	4071	7006	129693	213614	343307
"2014.02.27"	"Iraq"	"Baghdad"	4	13	17	2939	4084	7023	129697	213627	343324
"2014.02.27"	"Iraq"	"Baghdad"	3	3	6	2942	4087	7029	129700	213630	343330
"2014.02.27"	"Nigeria"	"Adamawa"	37	20	57	2979	4107	7086	129737	213650	343387
"2014.02.27"	"Syria"	"Homs"	5	13	18	2984	4120	7104	129742	213663	343405
"2014.02.27"	"Somalia"	"Mogadishu"	10	12	22	2994	4132	7126	129752	213675	343427
"2014.02.27"	"Iraq"	"Sadr City"	32	56	88	3026	4188	7214	129784	213731	343515
"2014.02.27"	"Pakistan"	"Samanabad"	1	1	2	3027	4189	7216	129785	213732	343517
"2014.02.27"	"Pakistan"	"Karachi"	1	0	1	3028	4189	7217	129786	213732	343518
"2014.02.27"	"Pakistan"	"Karachi"	2	1	3	3030	4190	7220	129788	213733	343521
"2014.02.28"	"Tanzania"	"Bondeni"	0	2	2	3030	4192	7222	129788	213735	343523
"2014.02.28"	"Iraq"	"Baqubah"	3	1	4	3033	4193	7226	129791	213736	343527
"2014.02.28"	"Pakistan"	"Karachi"	1	1	2	3034	4194	7228	129792	213737	343529
"2014.02.28"	"Pakistan"	"Nazimabad"	2	1	3	3036	4195	7231	129794	213738	343532
"2014.02.28"	"Egypt"	"Mansoura"	1	0	1	3037	4195	7232	129795	213738	343533
"2014.02.28"	"Pakistan"	"Miranshah"	5	5	10	3042	4200	7242	129800	213743	343543
"2014.03.01"	"Nigeria"	"Mainok"	47	25	72	3089	4225	7314	129847	213768	343615
"2014.03.01"	"Nigeria"	"Bullumkuttu"	7	19	26	3096	4244	7340	129854	213787	343641
"2014.03.01"	"Nigeria"	"Maiduguri"	52	60	112	3148	4304	7452	129906	213847	343753
"2014.03.01"	"Pakistan"	"Jamrud"	12	12	24	3160	4316	7476	129918	213859	343777
"2014.03.01"	"Iraq"	"Balad Ruz"	1	6	7	3161	4322	7483	129919	213865	343784
"2014.03.01"	"Iraq"	"Tuz Khormato"	3	10	13	3164	4332	7496	129922	213875	343797
"2014.03.01"	"China"	"Yunnan"	33	143	176	3197	4475	7672	129955	214018	343973
"2014.03.01"	"Pakistan"	"Hotani"	1	0	1	3198	4475	7673	129956	214018	343974
"2014.03.02"	"Iran"	"Rasht"	2	0	2	3200	4475	7675	129958	214018	343976
"2014.03.02"	"Cameroon"	"Border"	7	0	7	3207	4475	7682	129965	214018	343983
"2014.03.02"	"Thailand"	"Yala"	1	1	2	3208	4476	7684	129966	214019	343985
"2014.03.02"	"Libya"	"Benghazi"	1	0	1	3209	4476	7685	129967	214019	343986
"2014.03.02"	"Nigeria"	"Mafa"	32	48	80	3241	4524	7765	129999	214067	344066
"2014.03.02"	"Iraq"	"Tikrit"	2	2	4	3243	4526	7769	130001	214069	344070
"2014.03.02"	"Afghanistan"	"Logar"	4	0	4	3247	4526	7773	130005	214069	344074
"2014.03.02"	"Syria"	"Aleppo"	10	0	10	3257	4526	7783	130015	214069	344084
"2014.03.02"	"Afghanistan"	"Nangarhar"	2	1	3	3259	4527	7786	130017	214070	344087
"2014.03.03"	"Yemen"	"Shabwa"	6	14	20	3265	4541	7806	130023	214084	344107
"2014.03.03"	"Nigeria"	"Borno"	2	14	16	3267	4555	7822	130025	214098	344123
"2014.03.03"	"Pakistan"	"Landikotal"	2	6	8	3269	4561	7830	130027	214104	344131
"2014.03.03"	"Pakistan"	"Islamabad"	12	28	40	3281	4589	7870	130039	214132	344171
"2014.03.03"	"Nigeria"	"Jakana"	48	14	62	3329	4603	7932	130087	214146	344233
"2014.03.03"	"Iraq"	"Hawija"	2	6	8	3331	4609	7940	130089	214152	344241
"2014.03.03"	"Iraq"	"Fallujah"	2	2	4	3333	4611	7944	130091	214154	344245
"2014.03.03"	"India"	"Pulwama"	2	0	2	3335	4611	7946	130093	214154	344247
"2014.03.03"	"Thailand"	"Yala"	1	0	1	3336	4611	7947	130094	214154	344248
"2014.03.04"	"Pakistan"	"Karachi"	1	0	1	3337	4611	7948	130095	214154	344249
"2014.03.04"	"Bahrain"	"Manama"	3	0	3	3340	4611	7951	130098	214154	344252
"2014.03.04"	"Thailand"	"Yala"	1	1	2	3341	4612	7953	130099	214155	344254
"2014.03.04"	"Iraq"	"Samarrah"	7	35	42	3348	4647	7995	130106	214190	344296
"2014.03.04"	"Afghanistan"	"Qaisar"	7	0	7	3355	4647	8002	130113	214190	344303
"2014.03.04"	"Somalia"	"Barawa"	2	0	2	3357	4647	8004	130115	214190	344305
"2014.03.04"	"Pakistan"	"Jamrud"	2	2	4	3359	4649	8008	130117	214192	344309
"2014.03.05"	"Iraq"	"Baghdad"	8	31	39	3367	4680	8047	130125	214223	344348
"2014.03.05"	"Iraq"	"Baghdad"	3	10	13	3370	4690	8060	130128	214233	344361
"2014.03.05"	"Iraq"	"Ramadi"	3	3	6	3373	4693	8066	130131	214236	344367
"2014.03.05"	"Pakistan"	"Hangu"	6	8	14	3379	4701	8080	130137	214244	344381
"2014.03.05"	"Syria"	"Homs"	15	12	27	3394	4713	8107	130152	214256	344408
"2014.03.06"	"Iraq"	"Baghdad"	2	11	13	3396	4724	8120	130154	214267	344421
"2014.03.06"	"Iraq"	"Meshada"	5	14	19	3401	4738	8139	130159	214281	344440
"2014.03.06"	"Iraq"	"Iskandariyah"	4	10	14	3405	4748	8153	130163	214291	344454
"2014.03.06"	"Iraq"	"Hillah"	9	28	37	3414	4776	8190	130172	214319	344491
"2014.03.06"	"Iraq"	"Kanaan"	5	12	17	3419	4788	8207	130177	214331	344508
"2014.03.06"	"Iraq"	"Baghdad"	7	17	24	3426	4805	8231	130184	214348	344532
"2014.03.06"	"Syria"	"Homs"	15	12	27	3441	4817	8258	130199	214360	344559
"2014.03.06"	"Iraq"	"Baghdad"	4	7	11	3445	4824	8269	130203	214367	344570
"2014.03.06"	"Nigeria"	"Riyom"	16	10	26	3461	4834	8295	130219	214377	344596
"2014.03.06"	"Syria"	"Hama"	5	20	25	3466	4854	8320	130224	214397	344621
"2014.03.06"	"Pakistan"	"Kurram"	3	3	6	3469	4857	8326	130227	214400	344627
"2014.03.06"	"USA"	"Port Bolivar"	2	0	2	3471	4857	8328	130229	214400	344629
"2014.03.07"	"Syria"	"Aleppo"	10	0	10	3481	4857	8338	130239	214400	344639
"2014.03.07"	"Iraq"	"Ramadi"	3	4	7	3484	4861	8345	130242	214404	344646
"2014.03.07"	"Iraq"	"Tuz Khormatu"	4	18	22	3488	4879	8367	130246	214422	344668
"2014.03.07"	"Afghanistan"	"Marjah"	5	8	13	3493	4887	8380	130251	214430	344681
"2014.03.08"	"Afghanistan"	"Kajaki"	2	0	2	3495	4887	8382	130253	214430	344683
"2014.03.08"	"Iraq"	"Ramadi"	13	29	42	3508	4916	8424	130266	214459	344725
"2014.03.08"	"Iraq"	"Baghdad"	6	14	20	3514	4930	8444	130272	214473	344745
"2014.03.08"	"Yemen"	"Lawder"	2	0	2	3516	4930	8446	130274	214473	344747
"2014.03.08"	"Afghanistan"	"Nazian"	1	6	7	3517	4936	8453	130275	214479	344754
"2014.03.08"	"Afghanistan"	"Taywara"	3	0	3	3520	4936	8456	130278	214479	344757
"2014.03.09"	"Thailand"	"Pattani"	4	3	7	3524	4939	8463	130282	214482	344764
"2014.03.09"	"Iraq"	"Hillah"	45	157	202	3569	5096	8665	130327	214639	344966
"2014.03.09"	"Iraq"	"Abu Ghraib"	4	0	4	3573	5096	8669	130331	214639	344970
"2014.03.09"	"Iraq"	"Tuz Khurmatu"	3	7	10	3576	5103	8679	130334	214646	344980
"2014.03.09"	"Thailand"	"Pattani"	1	0	1	3577	5103	8680	130335	214646	344981
"2014.03.09"	"Thailand"	"Narathiwat"	1	0	1	3578	5103	8681	130336	214646	344982
"2014.03.09"	"Afghanistan"	"Musa Qala"	7	8	15	3585	5111	8696	130343	214654	344997
"2014.03.10"	"Iraq"	"Baqubah"	2	4	6	3587	5115	8702	130345	214658	345003
"2014.03.10"	"Iraq"	"Muqdadiya"	1	0	1	3588	5115	8703	130346	214658	345004
"2014.03.10"	"Pakistan"	"Peshawar"	1	0	1	3589	5115	8704	130347	214658	345005
"2014.03.10"	"Afghanistan"	"Herat"	2	7	9	3591	5122	8713	130349	214665	345014
"2014.03.10"	"Pakistan"	"Islamabad"	1	2	3	3592	5124	8716	130350	214667	345017
"2014.03.11"	"Iraq"	"Samarrah"	2	0	2	3594	5124	8718	130352	214667	345019
"2014.03.11"	"Iraq"	"Baqubah"	2	8	10	3596	5132	8728	130354	214675	345029
"2014.03.11"	"Syria"	"Jarabulus"	22	0	22	3618	5132	8750	130376	214675	345051
"2014.03.11"	"Afghanistan"	"Kabul"	1	0	1	3619	5132	8751	130377	214675	345052
"2014.03.11"	"Iraq"	"Qamishli"	7	15	22	3626	5147	8773	130384	214690	345074
"2014.03.11"	"Pakistan"	"Dera Ismail Khan"	2	0	2	3628	5147	8775	130386	214690	345076
"2014.03.11"	"Turkey"	"Istanbul"	2	0	2	3630	5147	8777	130388	214690	345078
"2014.03.12"	"Iraq"	"Aziria"	4	5	9	3634	5152	8786	130392	214695	345087
"2014.03.12"	"Afghanistan"	"Faryab"	3	0	3	3637	5152	8789	130395	214695	345090
"2014.03.13"	"Iraq"	"Rawa"	4	3	7	3641	5155	8796	130399	214698	345097
"2014.03.13"	"Pakistan"	"Shabqadar"	2	0	2	3643	5155	8798	130401	214698	345099
"2014.03.13"	"Iraq"	"Rawa"	18	18	36	3661	5173	8834	130419	214716	345135
"2014.03.13"	"Iraq"	"Mosul"	1	3	4	3662	5176	8838	130420	214719	345139
"2014.03.13"	"Thailand"	"Narathiwat"	1	0	1	3663	5176	8839	130421	214719	345140
"2014.03.13"	"Egypt"	"Cairo"	1	3	4	3664	5179	8843	130422	214722	345144
"2014.03.13"	"Kenya"	"Mandera"	2	0	2	3666	5179	8845	130424	214722	345146
"2014.03.14"	"Thailand"	"Pattani"	1	0	1	3667	5179	8846	130425	214722	345147
"2014.03.14"	"Iraq"	"Anbar"	3	6	9	3670	5185	8855	130428	214728	345156
"2014.03.14"	"Iraq"	"Baghdad"	5	16	21	3675	5201	8876	130433	214744	345177
"2014.03.14"	"Afghanistan"	"Helmand"	6	0	6	3681	5201	8882	130439	214744	345183
"2014.03.14"	"Pakistan"	"Peshawar"	10	45	55	3691	5246	8937	130449	214789	345238
"2014.03.14"	"Pakistan"	"Quetta"	11	42	53	3702	5288	8990	130460	214831	345291
"2014.03.14"	"Nigeria"	"Kayamla"	20	0	20	3722	5288	9010	130480	214831	345311
"2014.03.14"	"Somalia"	"Hiraan"	10	23	33	3732	5311	9043	130490	214854	345344
"2014.03.14"	"Nigeria"	"Maiduguri"	8	12	20	3740	5323	9063	130498	214866	345364
"2014.03.15"	"Somalia"	"Mogadishu"	0	2	2	3740	5325	9065	130498	214868	345366
"2014.03.15"	"Egypt"	"Minya"	1	0	1	3741	5325	9066	130499	214868	345367
"2014.03.15"	"Egypt"	"Cairo"	6	0	6	3747	5325	9072	130505	214868	345373
"2014.03.15"	"Nigeria"	"Chenshyi"	150	48	198	3897	5373	9270	130655	214916	345571
"2014.03.15"	"Iraq"	"Baghdad"	3	6	9	3900	5379	9279	130658	214922	345580
"2014.03.15"	"Iraq"	"Baghdad"	15	50	65	3915	5429	9344	130673	214972	345645
"2014.03.15"	"Iraq"	"Baqubah"	2	0	2	3917	5429	9346	130675	214972	345647
"2014.03.15"	"Libya"	"Benghazi"	1	0	1	3918	5429	9347	130676	214972	345648
"2014.03.16"	"Lebanon"	"Nabi Othman"	4	12	16	3922	5441	9363	130680	214984	345664
"2014.03.16"	"Iraq"	"Sammarah"	4	6	10	3926	5447	9373	130684	214990	345674
"2014.03.16"	"Iraq"	"Mosul"	3	5	8	3929	5452	9381	130687	214995	345682
"2014.03.16"	"Nigeria"	"Taraba"	35	0	35	3964	5452	9416	130722	214995	345717
"2014.03.16"	"Nigeria"	"Pela Birni"	2	0	2	3966	5452	9418	130724	214995	345719
"2014.03.17"	"Somalia"	"Bulobarde"	21	20	41	3987	5472	9459	130745	215015	345760
"2014.03.17"	"Iraq"	"Ramadi"	1	4	5	3988	5476	9464	130746	215019	345765
"2014.03.17"	"Thailand"	"Yala"	1	0	1	3989	5476	9465	130747	215019	345766
"2014.03.17"	"Somalia"	"Alamada"	7	0	7	3996	5476	9472	130754	215019	345773
"2014.03.17"	"Pakistan"	"Gara Mehraban"	2	0	2	3998	5476	9474	130756	215019	345775
"2014.03.17"	"Iraq"	"Saladin"	4	2	6	4002	5478	9480	130760	215021	345781
"2014.03.17"	"Pakistan"	"Karachi"	1	0	1	4003	5478	9481	130761	215021	345782
"2014.03.17"	"Afghanistan"	"Herat"	2	0	2	4005	5478	9483	130763	215021	345784
"2014.03.17"	"Libya"	"Benghazi"	10	23	33	4015	5501	9516	130773	215044	345817
"2014.03.17"	"Syria"	"Homs"	6	20	26	4021	5521	9542	130779	215064	345843
"2014.03.17"	"Somalia"	"Yalho"	1	3	4	4022	5524	9546	130780	215067	345847
"2014.03.17"	"China"	"Xinjiang"	1	0	1	4023	5524	9547	130781	215067	345848
"2014.03.18"	"Yemen"	"Aden"	1	12	13	4024	5536	9560	130782	215079	345861
"2014.03.18"	"Lebanon"	"Fanar"	1	0	1	4025	5536	9561	130783	215079	345862
"2014.03.18"	"Iraq"	"Baghdad"	10	47	57	4035	5583	9618	130793	215126	345919
"2014.03.18"	"Afghanistan"	"Maimana"	16	20	36	4051	5603	9654	130809	215146	345955
"2014.03.18"	"Iraq"	"Ramadi"	4	0	4	4055	5603	9658	130813	215146	345959
"2014.03.18"	"Iraq"	"Karbala"	3	16	19	4058	5619	9677	130816	215162	345978
"2014.03.18"	"Thailand"	"Pattani"	2	0	2	4060	5619	9679	130818	215162	345980
"2014.03.18"	"Iraq"	"Hillah"	3	13	16	4063	5632	9695	130821	215175	345996
"2014.03.18"	"Thailand"	"Pattani"	1	1	2	4064	5633	9697	130822	215176	345998
"2014.03.19"	"Iraq"	"Baghdad"	13	40	53	4077	5673	9750	130835	215216	346051
"2014.03.19"	"Iraq"	"Jurf al-Sakhar"	3	13	16	4080	5686	9766	130838	215229	346067
"2014.03.19"	"Iraq"	"Mosul"	1	0	1	4081	5686	9767	130839	215229	346068
"2014.03.19"	"Iraq"	"Mosul"	2	0	2	4083	5686	9769	130841	215229	346070
"2014.03.19"	"Iraq"	"Samarra"	3	0	3	4086	5686	9772	130844	215229	346073
"2014.03.19"	"Iraq"	"Samarra"	11	11	22	4097	5697	9794	130855	215240	346095
"2014.03.19"	"Pakistan"	"Talib Jan"	4	2	6	4101	5699	9800	130859	215242	346101
"2014.03.20"	"Turkey"	"Ulukisla"	3	0	3	4104	5699	9803	130862	215242	346104
"2014.03.20"	"Iraq"	"Ramadi"	14	18	32	4118	5717	9835	130876	215260	346136
"2014.03.20"	"Iraq"	"Hawija"	2	0	2	4120	5717	9837	130878	215260	346138
"2014.03.20"	"Afghanistan"	"Kabul"	9	6	15	4129	5723	9852	130887	215266	346153
"2014.03.20"	"Nigeria"	"Ngurosoye"	32	60	92	4161	5783	9944	130919	215326	346245
"2014.03.20"	"Pakistan"	"Shikarpur"	2	0	2	4163	5783	9946	130921	215326	346247
"2014.03.20"	"Afghanistan"	"Jalalabad"	11	22	33	4174	5805	9979	130932	215348	346280
"2014.03.21"	"Iraq"	"Samarrah"	8	13	21	4182	5818	10000	130940	215361	346301
"2014.03.21"	"Pakistan"	"Quetta"	2	0	2	4184	5818	10002	130942	215361	346303
"2014.03.21"	"Iraq"	"Injan"	9	15	24	4193	5833	10026	130951	215376	346327
"2014.03.21"	"Afghanistan"	"Kandahar"	3	7	10	4196	5840	10036	130954	215383	346337
"2014.03.21"	"Iraq"	"Ramadi"	13	37	50	4209	5877	10086	130967	215420	346387
"2014.03.22"	"Thailand"	"Pattani"	1	1	2	4210	5878	10088	130968	215421	346389
"2014.03.22"	"Iraq"	"Baqubah"	3	12	15	4213	5890	10103	130971	215433	346404
"2014.03.22"	"Iraq"	"Tikrit"	7	18	25	4220	5908	10128	130978	215451	346429
"2014.03.22"	"Pakistan"	"Pind Dadan Khan"	2	0	2	4222	5908	10130	130980	215451	346431
"2014.03.23"	"Iraq"	"Buhriz"	33	0	33	4255	5908	10163	131013	215451	346464
"2014.03.23"	"Nigeria"	"Gbajimba"	36	10	46	4291	5918	10209	131049	215461	346510
"2014.03.23"	"Iraq"	"Tikrit"	3	10	13	4294	5928	10222	131052	215471	346523
"2014.03.23"	"Iraq"	"Abu Ghraib"	1	0	1	4295	5928	10223	131053	215471	346524
"2014.03.23"	"Kenya"	"Mombasa"	6	17	23	4301	5945	10246	131059	215488	346547
"2014.03.23"	"Syria"	"Kessab"	80	0	80	4381	5945	10326	131139	215488	346627
"2014.03.24"	"Iraq"	"Hawija"	3	2	5	4384	5947	10331	131142	215490	346632
"2014.03.24"	"Iraq"	"Mosul"	11	9	20	4395	5956	10351	131153	215499	346652
"2014.03.24"	"Pakistan"	"Daudzai"	1	0	1	4396	5956	10352	131154	215499	346653
"2014.03.24"	"Yemen"	"Hadramout"	24	1	25	4420	5957	10377	131178	215500	346678
"2014.03.24"	"Nigeria"	"Zaragajiri"	5	0	5	4425	5957	10382	131183	215500	346683
"2014.03.24"	"Pakistan"	"Balochistan"	1	0	1	4426	5957	10383	131184	215500	346684
"2014.03.25"	"Iraq"	"Baghdad"	9	10	19	4435	5967	10402	131193	215510	346703
"2014.03.25"	"Nigeria"	"Dalori"	8	6	14	4443	5973	10416	131201	215516	346717
"2014.03.25"	"Iraq"	"al-Nibaee"	22	15	37	4465	5988	10453	131223	215531	346754
"2014.03.25"	"Iraq"	"Taji"	5	14	19	4470	6002	10472	131228	215545	346773
"2014.03.25"	"Iraq"	"Tarmiyah"	8	14	22	4478	6016	10494	131236	215559	346795
"2014.03.25"	"Iraq"	"Baghdad"	4	14	18	4482	6030	10512	131240	215573	346813
"2014.03.25"	"Afghanistan"	"Kunduz"	5	20	25	4487	6050	10537	131245	215593	346838
"2014.03.25"	"Afghanistan"	"Kunar"	6	2	8	4493	6052	10545	131251	215595	346846
"2014.03.25"	"Afghanistan"	"Helmand"	1	0	1	4494	6052	10546	131252	215595	346847
"2014.03.25"	"Afghanistan"	"Kabul"	5	8	13	4499	6060	10559	131257	215603	346860
"2014.03.26"	"Lebanon"	"Tripoli"	2	2	4	4501	6062	10563	131259	215605	346864
"2014.03.27"	"Iraq"	"Baghdad"	19	55	74	4520	6117	10637	131278	215660	346938
"2014.03.27"	"Iraq"	"Baghdad"	3	15	18	4523	6132	10655	131281	215675	346956
"2014.03.27"	"Iraq"	"Baghdad"	4	14	18	4527	6146	10673	131285	215689	346974
"2014.03.27"	"Iraq"	"Balad"	4	11	15	4531	6157	10688	131289	215700	346989
"2014.03.27"	"Thailand"	"Yala"	1	0	1	4532	6157	10689	131290	215700	346990
"2014.03.27"	"Syria"	"Aleppo"	2	0	2	4534	6157	10691	131292	215700	346992
"2014.03.27"	"Pakistan"	"Loralai"	1	0	1	4535	6157	10692	131293	215700	346993
"2014.03.27"	"Syria"	"Homs"	1	11	12	4536	6168	10704	131294	215711	347005
"2014.03.27"	"Somalia"	"Bakool"	8	0	8	4544	6168	10712	131302	215711	347013
"2014.03.27"	"Syria"	"Kassab"	1	0	1	4545	6168	10713	131303	215711	347014
"2014.03.27"	"Iraq"	"Adhamiyah"	7	22	29	4552	6190	10742	131310	215733	347043
"2014.03.27"	"Lebanon"	"Beirut"	1	0	1	4553	6190	10743	131311	215733	347044
"2014.03.28"	"Egypt"	"Cairo"	1	0	1	4554	6190	10744	131312	215733	347045
"2014.03.28"	"Egypt"	"Cairo"	1	0	1	4555	6190	10745	131313	215733	347046
"2014.03.28"	"India"	"Kathua"	1	4	5	4556	6194	10750	131314	215737	347051
"2014.03.28"	"Afghanistan"	"Kabul"	3	4	7	4559	6198	10757	131317	215741	347058
"2014.03.28"	"Pakistan"	"Lahore"	1	0	1	4560	6198	10758	131318	215741	347059
"2014.03.28"	"Iraq"	"Baghdad"	4	16	20	4564	6214	10778	131322	215757	347079
"2014.03.28"	"India"	"Janglot"	2	0	2	4566	6214	10780	131324	215757	347081
"2014.03.28"	"Lebanon"	"Tripoli"	4	0	4	4570	6214	10784	131328	215757	347085
"2014.03.28"	"Somalia"	"Barawe"	3	0	3	4573	6214	10787	131331	215757	347088
"2014.03.28"	"Egypt"	"Ain Shams"	4	0	4	4577	6214	10791	131335	215757	347092
"2014.03.29"	"Iraq"	"Albu Delma"	6	0	6	4583	6214	10797	131341	215757	347098
"2014.03.29"	"Nigeria"	"Azir"	4	7	11	4587	6221	10808	131345	215764	347109
"2014.03.29"	"Syria"	"Arsal"	3	4	7	4590	6225	10815	131348	215768	347116
"2014.03.29"	"Libya"	"Banghazi"	1	0	1	4591	6225	10816	131349	215768	347117
"2014.03.30"	"Thailand"	"Narathiwat"	2	3	5	4593	6228	10821	131351	215771	347122
"2014.03.30"	"Yemen"	"Zinjibar"	2	0	2	4595	6228	10823	131353	215771	347124
"2014.03.30"	"Egypt"	"al-Arish"	1	3	4	4596	6231	10827	131354	215774	347128
"2014.03.30"	"Iraq"	"Fallujah"	9	14	23	4605	6245	10850	131363	215788	347151
"2014.03.30"	"Iraq"	"Ramadi"	13	11	24	4618	6256	10874	131376	215799	347175
"2014.03.30"	"Iraq"	"Baghdad"	4	9	13	4622	6265	10887	131380	215808	347188
"2014.03.30"	"Iraq"	"Baghdad"	8	0	8	4630	6265	10895	131388	215808	347196
"2014.03.30"	"Pakistan"	"Nawabshah"	1	0	1	4631	6265	10896	131389	215808	347197
"2014.03.31"	"Pakistan"	"Cantt"	1	0	1	4632	6265	10897	131390	215808	347198
"2014.03.31"	"Afghanistan"	"Logar"	2	5	7	4634	6270	10904	131392	215813	347205
"2014.03.31"	"Kenya"	"Nairobi"	6	11	17	4640	6281	10921	131398	215824	347222
"2014.03.31"	"Afghanistan"	"Kunduz"	8	0	8	4648	6281	10929	131406	215824	347230
"2014.03.31"	"Afghanistan"	"Kabul"	6	0	6	4654	6281	10935	131412	215824	347236
"2014.03.31"	"Iraq"	"Haditha"	2	3	5	4656	6284	10940	131414	215827	347241
"2014.03.31"	"Iraq"	"Mosul"	2	10	12	4658	6294	10952	131416	215837	347253
"2014.04.01"	"Nigeria"	"Maiduguri"	15	20	35	4673	6314	10987	131431	215857	347288
"2014.04.01"	"Pakistan"	"Karachi"	1	1	2	4674	6315	10989	131432	215858	347290
"2014.04.01"	"Yemen"	"Hudaydah"	2	2	4	4676	6317	10993	131434	215860	347294
"2014.04.02"	"Egypt"	"Minya"	1	0	1	4677	6317	10994	131435	215860	347295
"2014.04.02"	"Jordan"	"Amman"	1	0	1	4678	6317	10995	131436	215860	347296
"2014.04.02"	"Lebanon"	"Labweh"	1	1	2	4679	6318	10997	131437	215861	347298
"2014.04.02"	"Yemen"	"Aden"	6	14	20	4685	6332	11017	131443	215875	347318
"2014.04.02"	"Egypt"	"Cairo"	2	5	7	4687	6337	11024	131445	215880	347325
"2014.04.02"	"Thailand"	"Pattani"	1	0	1	4688	6337	11025	131446	215880	347326
"2014.04.02"	"Iraq"	"Riyadh"	8	23	31	4696	6360	11056	131454	215903	347357
"2014.04.02"	"Afghanistan"	"Kabul"	6	0	6	4702	6360	11062	131460	215903	347363
"2014.04.02"	"Afghanistan"	"Sar-e-pul"	9	1	10	4711	6361	11072	131469	215904	347373
"2014.04.03"	"Chechnya"	"Yandi"	4	7	11	4715	6368	11083	131473	215911	347384
"2014.04.03"	"Nigeria"	"Maitsaba"	14	12	26	4729	6380	11109	131487	215923	347410
"2014.04.03"	"Nigeria"	"Birnin-Tsab"	8	6	14	4737	6386	11123	131495	215929	347424
"2014.04.03"	"Pakistan"	"Islamabad"	1	0	1	4738	6386	11124	131496	215929	347425
"2014.04.04"	"Iraq"	"Baghdad"	9	30	39	4747	6416	11163	131505	215959	347464
"2014.04.04"	"Yemen"	"Hadramawt"	8	11	19	4755	6427	11182	131513	215970	347483
"2014.04.04"	"Afghanistan"	"Khost"	1	1	2	4756	6428	11184	131514	215971	347485
"2014.04.04"	"Iraq"	"Baiji"	2	0	2	4758	6428	11186	131516	215971	347487
"2014.04.04"	"Iraq"	"Tikrit"	2	0	2	4760	6428	11188	131518	215971	347489
"2014.04.05"	"Nigeria"	"Buni Gari"	20	22	42	4780	6450	11230	131538	215993	347531
"2014.04.05"	"Nigeria"	"Gwoza"	25	0	25	4805	6450	11255	131563	215993	347556
"2014.04.06"	"Nigeria"	"Yar Galadina"	105	50	155	4910	6500	11410	131668	216043	347711
"2014.04.06"	"Iraq"	"Rashad"	3	0	3	4913	6500	11413	131671	216043	347714
"2014.04.06"	"Thailand"	"Yala"	1	28	29	4914	6528	11442	131672	216071	347743
"2014.04.06"	"Iraq"	"Latifiyah"	6	0	6	4920	6528	11448	131678	216071	347749
"2014.04.06"	"Iraq"	"Tikrit"	3	13	16	4923	6541	11464	131681	216084	347765
"2014.04.06"	"Iraq"	"Baghdad"	6	16	22	4929	6557	11486	131687	216100	347787
"2014.04.06"	"Uganda"	"Kawaga"	1	1	2	4930	6558	11488	131688	216101	347789
"2014.04.07"	"Iraq"	"Ramadi"	3	4	7	4933	6562	11495	131691	216105	347796
"2014.04.07"	"Iraq"	"Samarrah"	5	11	16	4938	6573	11511	131696	216116	347812
"2014.04.07"	"Iraq"	"Mosul"	4	3	7	4942	6576	11518	131700	216119	347819
"2014.04.07"	"Iraq"	"Tikrit"	1	0	1	4943	6576	11519	131701	216119	347820
"2014.04.07"	"India"	"Kralpora"	3	7	10	4946	6583	11529	131704	216126	347830
"2014.04.07"	"Syria"	"Homs"	1	0	1	4947	6583	11530	131705	216126	347831
"2014.04.07"	"Lebanon"	"Sidon"	8	10	18	4955	6593	11548	131713	216136	347849
"2014.04.07"	"Somalia"	"Galkayo"	2	0	2	4957	6593	11550	131715	216136	347851
"2014.04.07"	"Afghanistan"	"Kandahar"	15	4	19	4972	6597	11569	131730	216140	347870
"2014.04.07"	"Afghanistan"	"Herat"	4	3	7	4976	6600	11576	131734	216143	347877
"2014.04.07"	"Pakistan"	"Hassan"	1	0	1	4977	6600	11577	131735	216143	347878
"2014.04.08"	"Yemen"	"Sanaa"	3	1	4	4980	6601	11581	131738	216144	347882
"2014.04.08"	"Yemen"	"Mukalla"	4	2	6	4984	6603	11587	131742	216146	347888
"2014.04.08"	"Pakistan"	"Karachi"	2	0	2	4986	6603	11589	131744	216146	347890
"2014.04.08"	"Iraq"	"Tuz Khormato"	4	13	17	4990	6616	11606	131748	216159	347907
"2014.04.08"	"Nigeria"	"Sambisa"	5	0	5	4995	6616	11611	131753	216159	347912
"2014.04.09"	"Libya"	"Banghazi"	1	2	3	4996	6618	11614	131754	216161	347915
"2014.04.09"	"Pakistan"	"Karachi"	3	2	5	4999	6620	11619	131757	216163	347920
"2014.04.09"	"Iraq"	"Hafriyah"	4	8	12	5003	6628	11631	131761	216171	347932
"2014.04.09"	"Iraq"	"Baghdad"	17	93	110	5020	6721	11741	131778	216264	348042
"2014.04.09"	"Iraq"	"Sadr City"	5	11	16	5025	6732	11757	131783	216275	348058
"2014.04.09"	"Iraq"	"Kut"	5	18	23	5030	6750	11780	131788	216293	348081
"2014.04.09"	"Pakistan"	"Tank"	5	1	6	5035	6751	11786	131793	216294	348087
"2014.04.09"	"Nigeria"	"Gwaram"	8	4	12	5043	6755	11798	131801	216298	348099
"2014.04.09"	"Pakistan"	"Karachi"	1	0	1	5044	6755	11799	131802	216298	348100
"2014.04.09"	"Pakistan"	"Islamabad"	23	96	119	5067	6851	11918	131825	216394	348219
"2014.04.10"	"Iraq"	"Mosul"	1	0	1	5068	6851	11919	131826	216394	348220
"2014.04.10"	"Iraq"	"Buhruz"	8	12	20	5076	6863	11939	131834	216406	348240
"2014.04.10"	"Nigeria"	"Kala-Balge"	3	0	3	5079	6863	11942	131837	216406	348243
"2014.04.10"	"Nigeria"	"Dikwa"	8	0	8	5087	6863	11950	131845	216406	348251
"2014.04.10"	"Nigeria"	"Kala Balge"	60	0	60	5147	6863	12010	131905	216406	348311
"2014.04.10"	"Pakistan"	"Karachi"	2	0	2	5149	6863	12012	131907	216406	348313
"2014.04.10"	"Syria"	"Homs"	25	107	132	5174	6970	12144	131932	216513	348445
"2014.04.10"	"Nigeria"	"Potiskum"	2	6	8	5176	6976	12152	131934	216519	348453
"2014.04.10"	"Pakistan"	"Jamrud"	1	1	2	5177	6977	12154	131935	216520	348455
"2014.04.10"	"Iraq"	"Sadr City"	11	21	32	5188	6998	12186	131946	216541	348487
"2014.04.10"	"Iraq"	"Baghdad"	5	13	18	5193	7011	12204	131951	216554	348505
"2014.04.10"	"Yemen"	"Amran"	3	0	3	5196	7011	12207	131954	216554	348508
"2014.04.11"	"Nigeria"	"Gambulga"	150	0	150	5346	7011	12357	132104	216554	348658
"2014.04.11"	"Iraq"	"Sanjar"	6	0	6	5352	7011	12363	132110	216554	348664
"2014.04.11"	"Dagestan"	"Nechayevka"	1	0	1	5353	7011	12364	132111	216554	348665
"2014.04.11"	"Syria"	"Hama"	2	100	102	5355	7111	12466	132113	216654	348767
"2014.04.11"	"Nigeria"	"Sambisa"	8	0	8	5363	7111	12474	132121	216654	348775
"2014.04.11"	"Iraq"	"Baqubah"	2	3	5	5365	7114	12479	132123	216657	348780
"2014.04.11"	"Pakistan"	"Karachi"	2	0	2	5367	7114	12481	132125	216657	348782
"2014.04.11"	"Pakistan"	"Datta Khel"	3	2	5	5370	7116	12486	132128	216659	348787
"2014.04.11"	"Pakistan"	"Shawal"	10	0	10	5380	7116	12496	132138	216659	348797
"2014.04.12"	"Algeria"	"Ghardaia"	2	0	2	5382	7116	12498	132140	216659	348799
"2014.04.12"	"Iraq"	"Tikrit"	5	0	5	5387	7116	12503	132145	216659	348804
"2014.04.12"	"Iraq"	"Baqubah"	3	19	22	5390	7135	12525	132148	216678	348826
"2014.04.12"	"Pakistan"	"Quetta"	2	0	2	5392	7135	12527	132150	216678	348828
"2014.04.13"	"Iraq"	"Mosul"	10	12	22	5402	7147	12549	132160	216690	348850
"2014.04.13"	"Iraq"	"Sulaiman Bek"	3	2	5	5405	7149	12554	132163	216692	348855
"2014.04.13"	"India"	"Khrew"	2	0	2	5407	7149	12556	132165	216692	348857
"2014.04.13"	"Iraq"	"Dibs"	11	18	29	5418	7167	12585	132176	216710	348886
"2014.04.13"	"Nigeria"	"Anchaka"	60	0	60	5478	7167	12645	132236	216710	348946
"2014.04.14"	"Syria"	"Maaloula"	3	0	3	5481	7167	12648	132239	216710	348949
"2014.04.14"	"Nigeria"	"Chibok"	2	0	2	5483	7167	12650	132241	216710	348951
"2014.04.14"	"Nigeria"	"Abuja"	86	257	343	5569	7424	12993	132327	216967	349294
"2014.04.14"	"Afghanistan"	"Khost"	2	8	10	5571	7432	13003	132329	216975	349304
"2014.04.14"	"Pakistan"	"Peshawar"	1	2	3	5572	7434	13006	132330	216977	349307
"2014.04.14"	"Afghanistan"	"Andar"	3	0	3	5575	7434	13009	132333	216977	349310
"2014.04.14"	"Israel"	"Hevron"	1	4	5	5576	7438	13014	132334	216981	349315
"2014.04.15"	"Syria"	"Damascus"	1	61	62	5577	7499	13076	132335	217042	349377
"2014.04.15"	"Syria"	"Homs"	6	24	30	5583	7523	13106	132341	217066	349407
"2014.04.15"	"Nigeria"	"Obagaji"	12	0	12	5595	7523	13118	132353	217066	349419
"2014.04.15"	"Nigeria"	"Nwokyo"	9	0	9	5604	7523	13127	132362	217066	349428
"2014.04.15"	"Pakistan"	"Karachi"	2	1	3	5606	7524	13130	132364	217067	349431
"2014.04.15"	"Iraq"	"Ramadi"	2	7	9	5608	7531	13139	132366	217074	349440
"2014.04.15"	"Nigeria"	"Hawul"	2	0	2	5610	7531	13141	132368	217074	349442
"2014.04.15"	"Iraq"	"Baiji"	2	0	2	5612	7531	13143	132370	217074	349444
"2014.04.15"	"Pakistan"	"Quetta"	2	1	3	5614	7532	13146	132372	217075	349447
"2014.04.16"	"Nigeria"	"Wala"	18	7	25	5632	7539	13171	132390	217082	349472
"2014.04.16"	"Pakistan"	"Lahore"	1	0	1	5633	7539	13172	132391	217082	349473
"2014.04.16"	"Iraq"	"Ramadi"	8	14	22	5641	7553	13194	132399	217096	349495
"2014.04.16"	"Iraq"	"Baghdad"	6	18	24	5647	7571	13218	132405	217114	349519
"2014.04.16"	"Iraq"	"Sadr City"	4	11	15	5651	7582	13233	132409	217125	349534
"2014.04.16"	"Syria"	"Raqa"	1	0	1	5652	7582	13234	132410	217125	349535
"2014.04.17"	"Dagestan"	"Makhachkala"	2	0	2	5654	7582	13236	132412	217125	349537
"2014.04.17"	"Pakistan"	"Karachi"	1	1	2	5655	7583	13238	132413	217126	349539
"2014.04.17"	"Syria"	"Aleppo"	7	30	37	5662	7613	13275	132420	217156	349576
"2014.04.17"	"India"	"Gulzarpora"	1	0	1	5663	7613	13276	132421	217156	349577
"2014.04.17"	"Iraq"	"Mahallabiya"	12	15	27	5675	7628	13303	132433	217171	349604
"2014.04.17"	"Iraq"	"Baghdad"	9	22	31	5684	7650	13334	132442	217193	349635
"2014.04.17"	"Iraq"	"Diyala"	3	10	13	5687	7660	13347	132445	217203	349648
"2014.04.18"	"Syria"	"Homs"	14	50	64	5701	7710	13411	132459	217253	349712
"2014.04.18"	"Pakistan"	"Karachi"	2	1	3	5703	7711	13414	132461	217254	349715
"2014.04.18"	"Egypt"	"Cairo"	1	3	4	5704	7714	13418	132462	217257	349719
"2014.04.18"	"Afghanistan"	"Faryab"	2	0	2	5706	7714	13420	132464	217257	349721
"2014.04.18"	"Tunisia"	"Mount Chaambi"	1	1	2	5707	7715	13422	132465	217258	349723
"2014.04.19"	"Afghanistan"	"Ghazni"	0	0	0	5707	7715	13422	132465	217258	349723
"2014.04.19"	"Libya"	"sirte"	1	8	9	5708	7723	13431	132466	217266	349732
"2014.04.19"	"CAR"	"Paoua"	1	0	1	5709	7723	13432	132467	217266	349733
"2014.04.19"	"Iraq"	"Baghdad"	9	21	30	5718	7744	13462	132476	217287	349763
"2014.04.19"	"Iraq"	"Qalat Suker"	5	2	7	5723	7746	13469	132481	217289	349770
"2014.04.19"	"Iraq"	"Meshahda"	5	8	13	5728	7754	13482	132486	217297	349783
"2014.04.19"	"Bahrain"	"al-Mughsha"	2	1	3	5730	7755	13485	132488	217298	349786
"2014.04.19"	"Syria"	"Hama"	4	9	13	5734	7764	13498	132492	217307	349799
"2014.04.20"	"Syria"	"Deir Ezzor"	16	0	16	5750	7764	13514	132508	217307	349815
"2014.04.20"	"Egypt"	"Suez"	2	0	2	5752	7764	13516	132510	217307	349817
"2014.04.20"	"Thailand"	"Yala"	3	1	4	5755	7765	13520	132513	217308	349821
"2014.04.20"	"Algeria"	"Kabylie"	11	14	25	5766	7779	13545	132524	217322	349846
"2014.04.20"	"Iraq"	"Baghdad"	5	18	23	5771	7797	13568	132529	217340	349869
"2014.04.20"	"Nigeria"	"Yana"	1	0	1	5772	7797	13569	132530	217340	349870
"2014.04.20"	"Iraq"	"Samawah"	7	17	24	5779	7814	13593	132537	217357	349894
"2014.04.20"	"Iraq"	"Iskandariyah"	3	12	15	5782	7826	13608	132540	217369	349909
"2014.04.20"	"Syria"	"Homs"	1	10	11	5783	7836	13619	132541	217379	349920
"2014.04.20"	"Iraq"	"Mussayab"	4	5	9	5787	7841	13628	132545	217384	349929
"2014.04.21"	"Somalia"	"Marka"	1	4	5	5788	7845	13633	132546	217388	349934
"2014.04.21"	"Iraq"	"Suwayrah"	12	19	31	5800	7864	13664	132558	217407	349965
"2014.04.21"	"Iraq"	"Madain"	5	12	17	5805	7876	13681	132563	217419	349982
"2014.04.21"	"Iraq"	"Baghdad"	14	40	54	5819	7916	13735	132577	217459	350036
"2014.04.21"	"Pakistan"	"Peshawar"	5	2	7	5824	7918	13742	132582	217461	350043
"2014.04.21"	"India"	"Batgund"	2	0	2	5826	7918	13744	132584	217461	350045
"2014.04.21"	"India"	"Tral"	1	0	1	5827	7918	13745	132585	217461	350046
"2014.04.21"	"Pakistan"	"Karachi"	2	1	3	5829	7919	13748	132587	217462	350049
"2014.04.21"	"Thailand"	"Yala"	1	0	1	5830	7919	13749	132588	217462	350050
"2014.04.21"	"Nigeria"	"Borno"	2	0	2	5832	7919	13751	132590	217462	350052
"2014.04.22"	"Mali"	"Bamako"	1	0	1	5833	7919	13752	132591	217462	350053
"2014.04.22"	"Pakistan"	"Charsadda"	3	33	36	5836	7952	13788	132594	217495	350089
"2014.04.22"	"Iraq"	"Kirkuk"	10	6	16	5846	7958	13804	132604	217501	350105
"2014.04.22"	"Iraq"	"Mahmoudiya"	4	9	13	5850	7967	13817	132608	217510	350118
"2014.04.22"	"Afghanistan"	"Ghorak"	4	1	5	5854	7968	13822	132612	217511	350123
"2014.04.22"	"Afghanistan"	"Maiwand"	4	0	4	5858	7968	13826	132616	217511	350127
"2014.04.22"	"Somalia"	"Mogadishu"	1	0	1	5859	7968	13827	132617	217511	350128
"2014.04.22"	"Somalia"	"Mogadishu"	1	0	1	5860	7968	13828	132618	217511	350129
"2014.04.23"	"Pakistan"	"Karachi"	1	0	1	5861	7968	13829	132619	217511	350130
"2014.04.23"	"Egypt"	"Cairo"	1	2	3	5862	7970	13832	132620	217513	350133
"2014.04.23"	"Nigeria"	"Kauyen-Yaku"	17	4	21	5879	7974	13853	132637	217517	350154
"2014.04.23"	"Pakistan"	"Gokhowal"	1	0	1	5880	7974	13854	132638	217517	350155
"2014.04.23"	"Iraq"	"Mosul"	8	45	53	5888	8019	13907	132646	217562	350208
"2014.04.23"	"Kenya"	"Nairobi"	2	0	2	5890	8019	13909	132648	217562	350210
"2014.04.23"	"Iraq"	"Dujail"	1	4	5	5891	8023	13914	132649	217566	350215
"2014.04.24"	"Iraq"	"Tikrit"	1	5	6	5892	8028	13920	132650	217571	350221
"2014.04.24"	"Iraq"	"Saniya"	5	5	10	5897	8033	13930	132655	217576	350231
"2014.04.24"	"Afghanistan"	"Kabul"	3	2	5	5900	8035	13935	132658	217578	350236
"2014.04.24"	"Iraq"	"Hillah"	11	27	38	5911	8062	13973	132669	217605	350274
"2014.04.24"	"Pakistan"	"Karachi"	4	2	6	5915	8064	13979	132673	217607	350280
"2014.04.25"	"Iraq"	"Baghdad"	33	90	123	5948	8154	14102	132706	217697	350403
"2014.04.25"	"Pakistan"	"Karachi"	6	28	34	5954	8182	14136	132712	217725	350437
"2014.04.25"	"Thailand"	"Pattani"	3	13	16	5957	8195	14152	132715	217738	350453
"2014.04.26"	"Iraq"	"Baghdad"	4	11	15	5961	8206	14167	132719	217749	350468
"2014.04.26"	"Afghanistan"	"Ghazni"	4	7	11	5965	8213	14178	132723	217756	350479
"2014.04.27"	"Iraq"	"Baghdad"	10	36	46	5975	8249	14224	132733	217792	350525
"2014.04.27"	"Iraq"	"Fallujah"	4	8	12	5979	8257	14236	132737	217800	350537
"2014.04.27"	"Pakistan"	"Waziristan"	3	3	6	5982	8260	14242	132740	217803	350543
"2014.04.27"	"CAR"	"Nanga Boguila"	22	0	22	6004	8260	14264	132762	217803	350565
"2014.04.27"	"Thailand"	"Pattani"	2	0	2	6006	8260	14266	132764	217803	350567
"2014.04.27"	"China"	"Kashgar"	3	0	3	6009	8260	14269	132767	217803	350570
"2014.04.27"	"USA"	"Skyway"	1	0	1	6010	8260	14270	132768	217803	350571
"2014.04.28"	"Iraq"	"Kirkuk"	9	11	20	6019	8271	14290	132777	217814	350591
"2014.04.28"	"Iraq"	"Baghdad"	6	19	25	6025	8290	14315	132783	217833	350616
"2014.04.28"	"Iraq"	"Baghdad"	7	21	28	6032	8311	14343	132790	217854	350644
"2014.04.28"	"Iraq"	"Khanaqin"	30	50	80	6062	8361	14423	132820	217904	350724
"2014.04.28"	"Iraq"	"Hawija"	4	9	13	6066	8370	14436	132824	217913	350737
"2014.04.28"	"Iraq"	"Tuz Khormato"	3	9	12	6069	8379	14448	132827	217922	350749
"2014.04.28"	"Iraq"	"Kirkuk"	3	7	10	6072	8386	14458	132830	217929	350759
"2014.04.28"	"Pakistan"	"Karachi"	4	30	34	6076	8416	14492	132834	217959	350793
"2014.04.28"	"Pakistan"	"Lahore"	3	0	3	6079	8416	14495	132837	217959	350796
"2014.04.28"	"Pakistan"	"Suru"	2	2	4	6081	8418	14499	132839	217961	350800
"2014.04.29"	"Iraq"	"Abu Ghraib"	2	8	10	6083	8426	14509	132841	217969	350810
"2014.04.29"	"Iraq"	"Rutba"	2	3	5	6085	8429	14514	132843	217972	350815
"2014.04.29"	"Iraq"	"Haditha"	2	4	6	6087	8433	14520	132845	217976	350821
"2014.04.29"	"Syria"	"Damascus"	14	86	100	6101	8519	14620	132859	218062	350921
"2014.04.29"	"Syria"	"Homs"	79	84	163	6180	8603	14783	132938	218146	351084
"2014.04.29"	"Afghanistan"	"Alingar"	3	1	4	6183	8604	14787	132941	218147	351088
"2014.04.29"	"Iraq"	"Saidiya"	18	42	60	6201	8646	14847	132959	218189	351148
"2014.04.29"	"Thailand"	"Narathiwat"	2	0	2	6203	8646	14849	132961	218189	351150
"2014.04.29"	"Pakistan"	"Rahimabad Pul"	1	3	4	6204	8649	14853	132962	218192	351154
"2014.04.29"	"Libya"	"Benghazi"	2	2	4	6206	8651	14857	132964	218194	351158
"2014.04.30"	"Iraq"	"Baiji"	6	3	9	6212	8654	14866	132970	218197	351167
"2014.04.30"	"Pakistan"	"Khyber Pukhtoonkhwa"	1	0	1	6213	8654	14867	132971	218197	351168
"2014.04.30"	"China"	"Xinjiang"	3	79	82	6216	8733	14949	132974	218276	351250
"2014.04.30"	"Pakistan"	"South Waziristan"	5	3	8	6221	8736	14957	132979	218279	351258
"2014.04.30"	"Nigeria"	"Kubla"	8	11	19	6229	8747	14976	132987	218290	351277
"2014.04.30"	"Syria"	"Raqa"	7	0	7	6236	8747	14983	132994	218290	351284
"2014.04.30"	"Iraq"	"Dibs"	2	0	2	6238	8747	14985	132996	218290	351286
"2014.04.30"	"India"	"Bangalore"	1	0	1	6239	8747	14986	132997	218290	351287
"2014.05.01"	"Nigeria"	"Sambisa"	10	0	10	6249	8747	14996	133007	218290	351297
"2014.05.01"	"Afghanistan"	"Khost"	4	0	4	6253	8747	15000	133011	218290	351301
"2014.05.01"	"Afghanistan"	"Panjsher"	13	30	43	6266	8777	15043	133024	218320	351344
"2014.05.01"	"Nigeria"	"Abuja"	19	60	79	6285	8837	15122	133043	218380	351423
"2014.05.01"	"Yemen"	"Ataq"	3	0	3	6288	8837	15125	133046	218380	351426
"2014.05.01"	"Israel"	"Migdal Haemek"	1	0	1	6289	8837	15126	133047	218380	351427
"2014.05.01"	"Pakistan"	"Chashma Pul"	3	0	3	6292	8837	15129	133050	218380	351430
"2014.05.01"	"Pakistan"	"Nishtar"	1	0	1	6293	8837	15130	133051	218380	351431
"2014.05.02"	"Libya"	"Benghazi"	9	24	33	6302	8861	15163	133060	218404	351464
"2014.05.02"	"Iraq"	"Dujail"	5	6	11	6307	8867	15174	133065	218410	351475
"2014.05.02"	"Egypt"	"Cairo"	2	1	3	6309	8868	15177	133067	218411	351478
"2014.05.02"	"Egypt"	"Sinai"	2	5	7	6311	8873	15184	133069	218416	351485
"2014.05.02"	"Egypt"	"El-Tor"	1	3	4	6312	8876	15188	133070	218419	351489
"2014.05.02"	"Syria"	"Hama"	18	50	68	6330	8926	15256	133088	218469	351557
"2014.05.03"	"Pakistan"	"Kandar"	1	0	1	6331	8926	15257	133089	218469	351558
"2014.05.03"	"Iraq"	"Baghdad"	8	0	8	6339	8926	15265	133097	218469	351566
"2014.05.03"	"Syria"	"Homs"	1	0	1	6340	8926	15266	133098	218469	351567
"2014.05.03"	"Iraq"	"Tikrit"	4	5	9	6344	8931	15275	133102	218474	351576
"2014.05.03"	"Kenya"	"Mombasa"	4	20	24	6348	8951	15299	133106	218494	351600
"2014.05.03"	"Somalia"	"Mogadishu"	7	25	32	6355	8976	15331	133113	218519	351632
"2014.05.03"	"Iraq"	"Balad"	11	21	32	6366	8997	15363	133124	218540	351664
"2014.05.03"	"Iraq"	"Tarmiya"	9	7	16	6375	9004	15379	133133	218547	351680
"2014.05.04"	"Kenya"	"Nairobi"	2	62	64	6377	9066	15443	133135	218609	351744
"2014.05.04"	"Yemen"	"Shabwa"	6	20	26	6383	9086	15469	133141	218629	351770
"2014.05.05"	"Cameroon"	"Far North"	2	2	4	6385	9088	15473	133143	218631	351774
"2014.05.05"	"Afghanistan"	"Gorzaiwan"	7	1	8	6392	9089	15481	133150	218632	351782
"2014.05.05"	"Afghanistan"	"Nimroz"	1	2	3	6393	9091	15484	133151	218634	351785
"2014.05.05"	"Pakistan"	"Jamrud"	2	2	4	6395	9093	15488	133153	218636	351789
"2014.05.05"	"Yemen"	"Sanaa"	1	1	2	6396	9094	15490	133154	218637	351791
"2014.05.05"	"Pakistan"	"Miranshah"	2	1	3	6398	9095	15493	133156	218638	351794
"2014.05.05"	"Iraq"	"Tuz Khormato"	3	17	20	6401	9112	15513	133159	218655	351814
"2014.05.05"	"Iraq"	"Jurf al-Sakhar"	4	3	7	6405	9115	15520	133163	218658	351821
"2014.05.06"	"China"	"Xinjiang"	0	6	6	6405	9121	15526	133163	218664	351827
"2014.05.06"	"Iraq"	"Ramadi"	1	4	5	6406	9125	15531	133164	218668	351832
"2014.05.06"	"Afghanistan"	"Obe"	3	2	5	6409	9127	15536	133167	218670	351837
"2014.05.06"	"Thailand"	"Hat Yai"	0	10	10	6409	9137	15546	133167	218680	351847
"2014.05.06"	"Pakistan"	"Karachi"	2	0	2	6411	9137	15548	133169	218680	351849
"2014.05.06"	"Pakistan"	"Kohat"	1	0	1	6412	9137	15549	133170	218680	351850
"2014.05.07"	"Pakistan"	"Multan"	1	0	1	6413	9137	15550	133171	218680	351851
"2014.05.07"	"Iraq"	"Hit"	3	4	7	6416	9141	15557	133174	218684	351858
"2014.05.07"	"Nigeria"	"Gamboru Ngala"	336	0	336	6752	9141	15893	133510	218684	352194
"2014.05.08"	"Pakistan"	"Ghulam Khan"	9	12	21	6761	9153	15914	133519	218696	352215
"2014.05.08"	"Iraq"	"Husseiniyah"	4	8	12	6765	9161	15926	133523	218704	352227
"2014.05.08"	"Iraq"	"Youssifiyah"	3	9	12	6768	9170	15938	133526	218713	352239
"2014.05.08"	"Iraq"	"Baghdad"	2	5	7	6770	9175	15945	133528	218718	352246
"2014.05.08"	"Libya"	"Benghazi"	1	0	1	6771	9175	15946	133529	218718	352247
"2014.05.08"	"Iraq"	"Shirqat"	3	1	4	6774	9176	15950	133532	218719	352251
"2014.05.09"	"Yemen"	"Sanaa"	5	11	16	6779	9187	15966	133537	218730	352267
"2014.05.09"	"Afghanistan"	"Farah"	1	11	12	6780	9198	15978	133538	218741	352279
"2014.05.09"	"Iraq"	"Mosul"	4	0	4	6784	9198	15982	133542	218741	352283
"2014.05.09"	"Iraq"	"Mosul"	3	2	5	6787	9200	15987	133545	218743	352288
"2014.05.10"	"Pakistan"	"Karachi"	1	1	2	6788	9201	15989	133546	218744	352290
"2014.05.10"	"Iraq"	"Mosul"	20	0	20	6808	9201	16009	133566	218744	352310
"2014.05.10"	"Iraq"	"Dujail"	12	16	28	6820	9217	16037	133578	218760	352338
"2014.05.10"	"Iraq"	"Baghdad"	5	14	19	6825	9231	16056	133583	218774	352357
"2014.05.10"	"Iraq"	"Tarmiyah"	4	17	21	6829	9248	16077	133587	218791	352378
"2014.05.10"	"Iraq"	"Dawr"	3	2	5	6832	9250	16082	133590	218793	352383
"2014.05.11"	"Yemen"	"Sanaa"	1	0	1	6833	9250	16083	133591	218793	352384
"2014.05.11"	"Libya"	"Benghazi"	4	1	5	6837	9251	16088	133595	218794	352389
"2014.05.11"	"Yemen"	"Mukalla"	11	15	26	6848	9266	16114	133606	218809	352415
"2014.05.11"	"Pal. Auth."	"Bethlehem"	0	7	7	6848	9273	16121	133606	218816	352422
"2014.05.11"	"Iraq"	"Mosul"	2	9	11	6850	9282	16132	133608	218825	352433
"2014.05.11"	"Iraq"	"al-Udhiem"	7	0	7	6857	9282	16139	133615	218825	352440
"2014.05.11"	"Afghanistan"	"Kandahar"	5	22	27	6862	9304	16166	133620	218847	352467
"2014.05.11"	"Iraq"	"Baaj"	6	3	9	6868	9307	16175	133626	218850	352476
"2014.05.11"	"CAR"	"Kaga Bandoro"	13	0	13	6881	9307	16188	133639	218850	352489
"2014.05.11"	"Pakistan"	"Peshawar"	4	11	15	6885	9318	16203	133643	218861	352504
"2014.05.12"	"Pakistan"	"Rajanpur"	1	0	1	6886	9318	16204	133644	218861	352505
"2014.05.12"	"Syria"	"Damascus"	1	0	1	6887	9318	16205	133645	218861	352506
"2014.05.12"	"Pakistan"	"Karachi"	2	0	2	6889	9318	16207	133647	218861	352508
"2014.05.12"	"Iraq"	"Baghdad"	4	17	21	6893	9335	16228	133651	218878	352529
"2014.05.12"	"Iraq"	"Baiji"	9	3	12	6902	9338	16240	133660	218881	352541
"2014.05.12"	"Pakistan"	"Faisal"	1	0	1	6903	9338	16241	133661	218881	352542
"2014.05.12"	"Pakistan"	"Karachi"	1	0	1	6904	9338	16242	133662	218881	352543
"2014.05.12"	"Afghanistan"	"Jalalabad"	7	10	17	6911	9348	16259	133669	218891	352560
"2014.05.12"	"Afghanistan"	"Sangin"	9	0	9	6920	9348	16268	133678	218891	352569
"2014.05.12"	"Afghanistan"	"Parwan"	2	4	6	6922	9352	16274	133680	218895	352575
"2014.05.12"	"Thailand"	"Takbai"	2	9	11	6924	9361	16285	133682	218904	352586
"2014.05.12"	"Somalia"	"Baidoa"	12	20	32	6936	9381	16317	133694	218924	352618
"2014.05.12"	"Afghanistan"	"Ghazni"	3	8	11	6939	9389	16328	133697	218932	352629
"2014.05.12"	"Pakistan"	"Karachi"	2	0	2	6941	9389	16330	133699	218932	352631
"2014.05.12"	"Pakistan"	"Dera Ismail Khan"	1	0	1	6942	9389	16331	133700	218932	352632
"2014.05.13"	"Pakistan"	"Hangu"	2	0	2	6944	9389	16333	133702	218932	352634
"2014.05.13"	"Pakistan"	"Safi"	1	1	2	6945	9390	16335	133703	218933	352636
"2014.05.13"	"Nigeria"	"Kungana"	5	2	7	6950	9392	16342	133708	218935	352643
"2014.05.13"	"Iraq"	"Sadr City"	6	13	19	6956	9405	16361	133714	218948	352662
"2014.05.13"	"Iraq"	"Jamila"	3	10	13	6959	9415	16374	133717	218958	352675
"2014.05.13"	"Iraq"	"Baghdad"	4	7	11	6963	9422	16385	133721	218965	352686
"2014.05.13"	"Iraq"	"Baghdad"	15	45	60	6978	9467	16445	133736	219010	352746
"2014.05.13"	"Iraq"	"Balad"	6	17	23	6984	9484	16468	133742	219027	352769
"2014.05.13"	"Ingushetia"	"Gazi-Yurt"	1	0	1	6985	9484	16469	133743	219027	352770
"2014.05.14"	"Iraq"	"Hit"	1	4	5	6986	9488	16474	133744	219031	352775
"2014.05.14"	"Iraq"	"Adhaim"	8	0	8	6994	9488	16482	133752	219031	352783
"2014.05.14"	"Iraq"	"Basra"	1	0	1	6995	9488	16483	133753	219031	352784
"2014.05.14"	"Afghanistan"	"Spin Boldak"	3	5	8	6998	9493	16491	133756	219036	352792
"2014.05.14"	"Afghanistan"	"Ghazni"	1	1	2	6999	9494	16493	133757	219037	352794
"2014.05.15"	"Libya"	"Benghazi"	3	0	3	7002	9494	16496	133760	219037	352797
"2014.05.15"	"Dagestan"	"Gunib"	3	7	10	7005	9501	16506	133763	219044	352807
"2014.05.15"	"Pakistan"	"Mingora"	1	0	1	7006	9501	16507	133764	219044	352808
"2014.05.15"	"Turkey"	"Border"	43	94	137	7049	9595	16644	133807	219138	352945
"2014.05.15"	"Iraq"	"Baghdad"	5	0	5	7054	9595	16649	133812	219138	352950
"2014.05.15"	"Iraq"	"Baghdad"	4	12	16	7058	9607	16665	133816	219150	352966
"2014.05.15"	"Iraq"	"Sadr City"	8	17	25	7066	9624	16690	133824	219167	352991
"2014.05.15"	"Iraq"	"Youssifiyah"	5	0	5	7071	9624	16695	133829	219167	352996
"2014.05.15"	"Iraq"	"Karrada"	7	21	28	7078	9645	16723	133836	219188	353024
"2014.05.15"	"Somalia"	"Bardhere"	1	0	1	7079	9645	16724	133837	219188	353025
"2014.05.16"	"Syria"	"Binnish"	13	34	47	7092	9679	16771	133850	219222	353072
"2014.05.16"	"Iraq"	"Balad"	5	8	13	7097	9687	16784	133855	219230	353085
"2014.05.16"	"Kenya"	"Nairobi"	13	76	89	7110	9763	16873	133868	219306	353174
"2014.05.16"	"Pakistan"	"Rajanpur"	3	0	3	7113	9763	16876	133871	219306	353177
"2014.05.16"	"Pakistan"	"Islamabad"	1	0	1	7114	9763	16877	133872	219306	353178
"2014.05.16"	"Cameroon"	"Waza"	1	9	10	7115	9772	16887	133873	219315	353188
"2014.05.16"	"Iraq"	"Mosul"	4	8	12	7119	9780	16899	133877	219323	353200
"2014.05.16"	"Iraq"	"Baqubah"	2	1	3	7121	9781	16902	133879	219324	353203
"2014.05.16"	"Pakistan"	"Peshawar"	1	0	1	7122	9781	16903	133880	219324	353204
"2014.05.17"	"England"	"Accrington"	0	1	1	7122	9782	16904	133880	219325	353205
"2014.05.17"	"Pakistan"	"Jamrud"	1	1	2	7123	9783	16906	133881	219326	353207
"2014.05.17"	"Iraq"	"Tarmiya"	5	14	19	7128	9797	16925	133886	219340	353226
"2014.05.17"	"Bangladesh"	"Ghoraghat"	1	0	1	7129	9797	16926	133887	219340	353227
"2014.05.17"	"Nigeria"	"Ngurosoye"	29	24	53	7158	9821	16979	133916	219364	353280
"2014.05.17"	"Nigeria"	"Dalwa-Masuba"	40	12	52	7198	9833	17031	133956	219376	353332
"2014.05.17"	"Nigeria"	"Damaturu"	9	0	9	7207	9833	17040	133965	219376	353341
"2014.05.18"	"Nigeria"	"Kano"	4	5	9	7211	9838	17049	133969	219381	353350
"2014.05.18"	"Pakistan"	"Khar"	1	6	7	7212	9844	17056	133970	219387	353357
"2014.05.18"	"Iraq"	"Mahmoudiya"	4	12	16	7216	9856	17072	133974	219399	353373
"2014.05.18"	"Iraq"	"Baghdad"	5	14	19	7221	9870	17091	133979	219413	353392
"2014.05.18"	"India"	"Akhnoor"	1	2	3	7222	9872	17094	133980	219415	353395
"2014.05.18"	"Afghanistan"	"Nad Ali"	3	0	3	7225	9872	17097	133983	219415	353398
"2014.05.19"	"Somalia"	"Mogadishu"	1	4	5	7226	9876	17102	133984	219419	353403
"2014.05.19"	"Kenya"	"Mandera"	12	4	16	7238	9880	17118	133996	219423	353419
"2014.05.19"	"Iraq"	"Dujail"	4	7	11	7242	9887	17129	134000	219430	353430
"2014.05.19"	"Pakistan"	"Karachi"	3	0	3	7245	9887	17132	134003	219430	353433
"2014.05.19"	"Syria"	"Hama"	1	0	1	7246	9887	17133	134004	219430	353434
"2014.05.19"	"Pakistan"	"Mohmand"	4	1	5	7250	9888	17138	134008	219431	353439
"2014.05.20"	"Pakistan"	"Awami"	1	0	1	7251	9888	17139	134009	219431	353440
"2014.05.20"	"Pakistan"	"Karachi"	2	0	2	7253	9888	17141	134011	219431	353442
"2014.05.20"	"Pakistan"	"Orangi"	2	0	2	7255	9888	17143	134013	219431	353444
"2014.05.20"	"Libya"	"Benghazi"	1	2	3	7256	9890	17146	134014	219433	353447
"2014.05.20"	"Nigeria"	"Jos"	162	120	282	7418	10010	17428	134176	219553	353729
"2014.05.20"	"Egypt"	"Cairo"	3	9	12	7421	10019	17440	134179	219562	353741
"2014.05.20"	"Somalia"	"Gelgel"	1	0	1	7422	10019	17441	134180	219562	353742
"2014.05.21"	"Afghanistan"	"Hesarak"	2	9	11	7424	10028	17452	134182	219571	353753
"2014.05.21"	"Pakistan"	"Dera Ismail Khan"	2	0	2	7426	10028	17454	134184	219571	353755
"2014.05.21"	"Thailand"	"Pattani"	1	0	1	7427	10028	17455	134185	219571	353756
"2014.05.21"	"Thailand"	"Yala"	1	0	1	7428	10028	17456	134186	219571	353757
"2014.05.21"	"Iraq"	"Qadisiya"	3	2	5	7431	10030	17461	134189	219573	353762
"2014.05.21"	"Iraq"	"Baghdad"	2	0	2	7433	10030	17463	134191	219573	353764
"2014.05.21"	"Afghanistan"	"Badakhshan"	8	7	15	7441	10037	17478	134199	219580	353779
"2014.05.21"	"Afghanistan"	"Laghman"	4	0	4	7445	10037	17482	134203	219580	353783
"2014.05.21"	"Nigeria"	"Alagarno"	19	0	19	7464	10037	17501	134222	219580	353802
"2014.05.21"	"Nigeria"	"Shawa"	30	0	30	7494	10037	17531	134252	219580	353832
"2014.05.21"	"Egypt"	"al-Arish"	1	6	7	7495	10043	17538	134253	219586	353839
"2014.05.22"	"Pakistan"	"Nazimabad"	2	0	2	7497	10043	17540	134255	219586	353841
"2014.05.22"	"Nigeria"	"Chukku Nguddoa"	29	10	39	7526	10053	17579	134284	219596	353880
"2014.05.22"	"Iraq"	"Baghdad"	12	30	42	7538	10083	17621	134296	219626	353922
"2014.05.22"	"Iraq"	"Baghdad"	6	38	44	7544	10121	17665	134302	219664	353966
"2014.05.22"	"Iraq"	"Baghdad"	14	17	31	7558	10138	17696	134316	219681	353997
"2014.05.22"	"Iraq"	"Mosul"	3	0	3	7561	10138	17699	134319	219681	354000
"2014.05.22"	"China"	"Urumqi"	31	94	125	7592	10232	17824	134350	219775	354125
"2014.05.22"	"Nigeria"	"Kimbi"	8	0	8	7600	10232	17832	134358	219775	354133
"2014.05.22"	"Iraq"	"Mishahda"	5	0	5	7605	10232	17837	134363	219775	354138
"2014.05.22"	"Iraq"	"Tikrit"	4	3	7	7609	10235	17844	134367	219778	354145
"2014.05.22"	"Syria"	"Damascus"	1	0	1	7610	10235	17845	134368	219778	354146
"2014.05.23"	"Tunisia"	"Kasserine"	2	4	6	7612	10239	17851	134370	219782	354152
"2014.05.23"	"Syria"	"Deraa"	39	205	244	7651	10444	18095	134409	219987	354396
"2014.05.23"	"Iraq"	"Nineveh"	17	25	42	7668	10469	18137	134426	220012	354438
"2014.05.23"	"Nigeria"	"Moforo"	25	0	25	7693	10469	18162	134451	220012	354463
"2014.05.23"	"Libya"	"Benghazi"	1	0	1	7694	10469	18163	134452	220012	354464
"2014.05.23"	"Pakistan"	"Rawalpindi"	1	0	1	7695	10469	18164	134453	220012	354465
"2014.05.23"	"Yemen"	"al-Jawf"	3	0	3	7698	10469	18167	134456	220012	354468
"2014.05.24"	"Belgium"	"Brussels"	4	0	4	7702	10469	18171	134460	220012	354472
"2014.05.24"	"Pakistan"	"Islamabad"	1	1	2	7703	10470	18173	134461	220013	354474
"2014.05.24"	"Thailand"	"Yala"	3	50	53	7706	10520	18226	134464	220063	354527
"2014.05.24"	"Yemen"	"Seyoun"	10	6	16	7716	10526	18242	134474	220069	354543
"2014.05.24"	"Somalia"	"Mogadishu"	10	11	21	7726	10537	18263	134484	220080	354564
"2014.05.24"	"Pakistan"	"Mohmand"	6	3	9	7732	10540	18272	134490	220083	354573
"2014.05.24"	"Pakistan"	"Mansehra"	1	0	1	7733	10540	18273	134491	220083	354574
"2014.05.24"	"Djibouti"	"Djibouti City"	1	15	16	7734	10555	18289	134492	220098	354590
"2014.05.24"	"Iraq"	"Haditha"	4	3	7	7738	10558	18296	134496	220101	354597
"2014.05.24"	"Iraq"	"Tuz Khormato"	5	4	9	7743	10562	18305	134501	220105	354606
"2014.05.24"	"Iraq"	"Riyadh"	3	0	3	7746	10562	18308	134504	220105	354609
"2014.05.25"	"Pakistan"	"Kuzdhar"	8	0	8	7754	10562	18316	134512	220105	354617
"2014.05.25"	"Syria"	"Ariha"	24	24	48	7778	10586	18364	134536	220129	354665
"2014.05.25"	"Iraq"	"Mosul"	3	18	21	7781	10604	18385	134539	220147	354686
"2014.05.25"	"Nigeria"	"Jos"	8	3	11	7789	10607	18396	134547	220150	354697
"2014.05.25"	"Afghanistan"	"Kandahar"	1	0	1	7790	10607	18397	134548	220150	354698
"2014.05.25"	"Nigeria"	"Kamuyya"	24	0	24	7814	10607	18421	134572	220150	354722
"2014.05.25"	"Syria"	"Homs"	12	40	52	7826	10647	18473	134584	220190	354774
"2014.05.25"	"Iraq"	"Kirkuk"	12	29	41	7838	10676	18514	134596	220219	354815
"2014.05.25"	"Nigeria"	"Gwoza"	21	0	21	7859	10676	18535	134617	220219	354836
"2014.05.26"	"Nigeria"	"Ashigashiya"	9	0	9	7868	10676	18544	134626	220219	354845
"2014.05.26"	"Iraq"	"Mosul"	3	12	15	7871	10688	18559	134629	220231	354860
"2014.05.26"	"Pakistan"	"Chanab Nagar"	1	0	1	7872	10688	18560	134630	220231	354861
"2014.05.26"	"Afghanistan"	"Kabul"	2	2	4	7874	10690	18564	134632	220233	354865
"2014.05.26"	"Kenya"	"Lamu"	2	3	5	7876	10693	18569	134634	220236	354870
"2014.05.26"	"Nigeria"	"Adamawa"	21	18	39	7897	10711	18608	134655	220254	354909
"2014.05.26"	"Libya"	"Benghazi"	1	0	1	7898	10711	18609	134656	220254	354910
"2014.05.26"	"Thailand"	"Pattani"	1	0	1	7899	10711	18610	134657	220254	354911
"2014.05.26"	"Nigeria"	"Amuda"	1	3	4	7900	10714	18614	134658	220257	354915
"2014.05.26"	"Nigeria"	"Chikide"	8	6	14	7908	10720	18628	134666	220263	354929
"2014.05.27"	"Pakistan"	"Karachi"	1	2	3	7909	10722	18631	134667	220265	354932
"2014.05.27"	"Pakistan"	"Torghar"	2	0	2	7911	10722	18633	134669	220265	354934
"2014.05.27"	"Libya"	"Derna"	1	0	1	7912	10722	18634	134670	220265	354935
"2014.05.27"	"Iraq"	"Baghdad"	19	34	53	7931	10756	18687	134689	220299	354988
"2014.05.27"	"Pakistan"	"Lahore"	1	0	1	7932	10756	18688	134690	220299	354989
"2014.05.27"	"Yemen"	"Amran"	5	0	5	7937	10756	18693	134695	220299	354994
"2014.05.27"	"Nigeria"	"Buni Yadi"	45	0	45	7982	10756	18738	134740	220299	355039
"2014.05.28"	"Nigeria"	"Amuda"	9	13	22	7991	10769	18760	134749	220312	355061
"2014.05.28"	"Kenya"	"Mandera"	2	3	5	7993	10772	18765	134751	220315	355066
"2014.05.28"	"Syria"	"Tel Hurmiz"	2	0	2	7995	10772	18767	134753	220315	355068
"2014.05.28"	"Tunisia"	"Khaldoun"	1	0	1	7996	10772	18768	134754	220315	355069
"2014.05.28"	"Tunisia"	"Tunis"	4	3	7	8000	10775	18775	134758	220318	355076
"2014.05.28"	"Thailand"	"Pattani"	0	10	10	8000	10785	18785	134758	220328	355086
"2014.05.28"	"Iraq"	"Mosul"	23	3	26	8023	10788	18811	134781	220331	355112
"2014.05.28"	"CAR"	"Bangui"	30	10	40	8053	10798	18851	134811	220341	355152
"2014.05.28"	"Iraq"	"Baghdad"	16	52	68	8069	10850	18919	134827	220393	355220
"2014.05.28"	"Iraq"	"Sadr City"	4	14	18	8073	10864	18937	134831	220407	355238
"2014.05.28"	"Iraq"	"Tuz Khormato"	4	11	15	8077	10875	18952	134835	220418	355253
"2014.05.28"	"Iraq"	"Qayara"	4	0	4	8081	10875	18956	134839	220418	355257
"2014.05.28"	"Pakistan"	"Karachi"	2	0	2	8083	10875	18958	134841	220418	355259
"2014.05.28"	"Pakistan"	"Khabal"	1	0	1	8084	10875	18959	134842	220418	355260
"2014.05.28"	"Nigeria"	"Kuru"	4	0	4	8088	10875	18963	134846	220418	355264
"2014.05.29"	"Nigeria"	"Gumushi"	32	0	32	8120	10875	18995	134878	220418	355296
"2014.05.29"	"Syria"	"Ras al-Ain"	15	0	15	8135	10875	19010	134893	220418	355311
"2014.05.29"	"Iraq"	"Tuz"	6	5	11	8141	10880	19021	134899	220423	355322
"2014.05.29"	"Yemen"	"Mukalla"	2	0	2	8143	10880	19023	134901	220423	355324
"2014.05.29"	"Iraq"	"Arab Jabour"	2	1	3	8145	10881	19026	134903	220424	355327
"2014.05.29"	"Pakistan"	"Lal Pura"	4	0	4	8149	10881	19030	134907	220424	355331
"2014.05.29"	"Syria"	"Deir-ez-Zor"	1	0	1	8150	10881	19031	134908	220424	355332
"2014.05.30"	"Pakistan"	"Bir"	1	0	1	8151	10881	19032	134909	220424	355333
"2014.05.30"	"Nigeria"	"Tashan Alade"	3	0	3	8154	10881	19035	134912	220424	355336
"2014.05.30"	"Iraq"	"Muqdadiya"	6	3	9	8160	10884	19044	134918	220427	355345
"2014.05.30"	"Iraq"	"Baqubah"	1	2	3	8161	10886	19047	134919	220429	355348
"2014.05.30"	"Pakistan"	"Nazimabad"	1	0	1	8162	10886	19048	134920	220429	355349
"2014.05.30"	"Syria"	"Homs"	10	12	22	8172	10898	19070	134930	220441	355371
"2014.05.31"	"Thailand"	"Yala"	1	0	1	8173	10898	19071	134931	220441	355372
"2014.05.31"	"Afghanistan"	"Giro"	14	2	16	8187	10900	19087	134945	220443	355388
"2014.05.31"	"Pakistan"	"Hussainabad"	1	0	1	8188	10900	19088	134946	220443	355389
"2014.05.31"	"Pakistan"	"Karachi"	1	0	1	8189	10900	19089	134947	220443	355390
"2014.05.31"	"Yemen"	"Lahej"	1	0	1	8190	10900	19090	134948	220443	355391
"2014.05.31"	"Pakistan"	"Karachi"	1	0	1	8191	10900	19091	134949	220443	355392
"2014.05.31"	"Iraq"	"Jurf al-Sakhar"	10	15	25	8201	10915	19116	134959	220458	355417
"2014.05.31"	"Iraq"	"Baiji"	8	0	8	8209	10915	19124	134967	220458	355425
"2014.06.01"	"Lebanon"	"Arsal"	0	3	3	8209	10918	19127	134967	220461	355428
"2014.06.01"	"Iraq"	"Baghdad"	2	0	2	8211	10918	19129	134969	220461	355430
"2014.06.01"	"Nigeria"	"Borno"	20	0	20	8231	10918	19149	134989	220461	355450
"2014.06.01"	"Nigeria"	"Kala Balge"	23	0	23	8254	10918	19172	135012	220461	355473
"2014.06.01"	"Nigeria"	"Adamawa"	40	19	59	8294	10937	19231	135052	220480	355532
"2014.06.01"	"Thailand"	"Narathiwat"	2	0	2	8296	10937	19233	135054	220480	355534
"2014.06.01"	"Thailand"	"Yala"	1	0	1	8297	10937	19234	135055	220480	355535
"2014.06.01"	"Iraq"	"Salaheddin"	5	0	5	8302	10937	19239	135060	220480	355540
"2014.06.01"	"Yemen"	"Shabwa"	4	0	4	8306	10937	19243	135064	220480	355544
"2014.06.01"	"Pakistan"	"Baldia"	4	0	4	8310	10937	19247	135068	220480	355548
"2014.06.01"	"Syria"	"Zanuba"	5	3	8	8315	10940	19255	135073	220483	355556
"2014.06.01"	"Iraq"	"Ramadi"	1	6	7	8316	10946	19262	135074	220489	355563
"2014.06.01"	"Pakistan"	"Karachi"	2	1	3	8318	10947	19265	135076	220490	355566
"2014.06.01"	"USA"	"Seattle"	2	0	2	8320	10947	19267	135078	220490	355568
"2014.06.01"	"Nigeria"	"Attagara"	1	1	2	8321	10948	19269	135079	220491	355570
"2014.06.02"	"Iraq"	"Iskandariyah"	3	28	31	8324	10976	19300	135082	220519	355601
"2014.06.02"	"Syria"	"Haraqi"	18	6	24	8342	10982	19324	135100	220525	355625
"2014.06.02"	"Iraq"	"Najaf"	6	13	19	8348	10995	19343	135106	220538	355644
"2014.06.02"	"Iraq"	"Mshahdh"	3	2	5	8351	10997	19348	135109	220540	355649
"2014.06.02"	"Afghanistan"	"Helmand"	4	3	7	8355	11000	19355	135113	220543	355656
"2014.06.02"	"Afghanistan"	"Nangharhar"	3	1	4	8358	11001	19359	135116	220544	355660
"2014.06.02"	"Nigeria"	"Attangara"	20	0	20	8378	11001	19379	135136	220544	355680
"2014.06.02"	"Libya"	"Benghazi"	20	67	87	8398	11068	19466	135156	220611	355767
"2014.06.03"	"Iraq"	"Ramadi"	8	14	22	8406	11082	19488	135164	220625	355789
"2014.06.03"	"Iraq"	"Baiji"	4	0	4	8410	11082	19492	135168	220625	355793
"2014.06.03"	"Iraq"	"Iskandariya"	4	0	4	8414	11082	19496	135172	220625	355797
"2014.06.03"	"Pakistan"	"Parachinar"	7	3	10	8421	11085	19506	135179	220628	355807
"2014.06.03"	"Thailand"	"Pattani"	2	0	2	8423	11085	19508	135181	220628	355809
"2014.06.03"	"Nigeria"	"Bokko Wizhe"	4	0	4	8427	11085	19512	135185	220628	355813
"2014.06.03"	"Nigeria"	"Ngoshe"	46	0	46	8473	11085	19558	135231	220628	355859
"2014.06.03"	"Nigeria"	"Gava"	26	0	26	8499	11085	19584	135257	220628	355885
"2014.06.03"	"Nigeria"	"Amuda"	17	0	17	8516	11085	19601	135274	220628	355902
"2014.06.03"	"Nigeria"	"Halaghwa"	12	0	12	8528	11085	19613	135286	220628	355914
"2014.06.03"	"Nigeria"	"Agapalawa"	15	0	15	8543	11085	19628	135301	220628	355929
"2014.06.03"	"Nigeria"	"Ganjara"	46	0	46	8589	11085	19674	135347	220628	355975
"2014.06.03"	"Nigeria"	"Jabril"	12	0	12	8601	11085	19686	135359	220628	355987
"2014.06.03"	"Nigeria"	"Zamgba"	13	0	13	8614	11085	19699	135372	220628	356000
"2014.06.03"	"Nigeria"	"Ashigashita"	10	0	10	8624	11085	19709	135382	220628	356010
"2014.06.03"	"Nigeria"	"Kwadale"	12	0	12	8636	11085	19721	135394	220628	356022
"2014.06.03"	"Nigeria"	"Pulka"	30	0	30	8666	11085	19751	135424	220628	356052
"2014.06.03"	"Nigeria"	"Chinene"	14	0	14	8680	11085	19765	135438	220628	356066
"2014.06.03"	"Nigeria"	"Arboko"	10	0	10	8690	11085	19775	135448	220628	356076
"2014.06.03"	"Nigeria"	"Chikde"	2	0	2	8692	11085	19777	135450	220628	356078
"2014.06.03"	"Nigeria"	"Barawa"	20	0	20	8712	11085	19797	135470	220628	356098
"2014.06.03"	"Nigeria"	"Pege"	5	0	5	8717	11085	19802	135475	220628	356103
"2014.06.03"	"Nigeria"	"Kaghum"	20	0	20	8737	11085	19822	135495	220628	356123
"2014.06.03"	"Nigeria"	"Angurva"	12	0	12	8749	11085	19834	135507	220628	356135
"2014.06.03"	"Nigeria"	"Baladigavuraza"	3	0	3	8752	11085	19837	135510	220628	356138
"2014.06.04"	"Syria"	"Damascus"	10	102	112	8762	11187	19949	135520	220730	356250
"2014.06.04"	"Iraq"	"Suleiman Bek"	2	0	2	8764	11187	19951	135522	220730	356252
"2014.06.04"	"Libya"	"Surt"	1	0	1	8765	11187	19952	135523	220730	356253
"2014.06.04"	"Nigeria"	"Barderi"	45	0	45	8810	11187	19997	135568	220730	356298
"2014.06.04"	"Iraq"	"Baghdad"	6	19	25	8816	11206	20022	135574	220749	356323
"2014.06.04"	"Iraq"	"Hillah"	8	35	43	8824	11241	20065	135582	220784	356366
"2014.06.04"	"Iraq"	"Kirkuk"	7	9	16	8831	11250	20081	135589	220793	356382
"2014.06.04"	"Pakistan"	"Bajaur"	4	4	8	8835	11254	20089	135593	220797	356390
"2014.06.04"	"Pakistan"	"Rawalpindi"	5	4	9	8840	11258	20098	135598	220801	356399
"2014.06.04"	"Libya"	"Benghazi"	3	4	7	8843	11262	20105	135601	220805	356406
"2014.06.05"	"Iraq"	"Baiji"	1	4	5	8844	11266	20110	135602	220809	356411
"2014.06.05"	"Iraq"	"Mosul"	2	0	2	8846	11266	20112	135604	220809	356413
"2014.06.05"	"Pakistan"	"Peshawar"	2	0	2	8848	11266	20114	135606	220809	356415
"2014.06.05"	"Iraq"	"Samarrah"	7	45	52	8855	11311	20166	135613	220854	356467
"2014.06.05"	"Yemen"	"Bayhan"	17	3	20	8872	11314	20186	135630	220857	356487
"2014.06.05"	"Pakistan"	"Yousawala"	1	0	1	8873	11314	20187	135631	220857	356488
"2014.06.06"	"Iraq"	"Samarrah"	30	0	30	8903	11314	20217	135661	220857	356518
"2014.06.06"	"Iraq"	"Mosul"	11	0	11	8914	11314	20228	135672	220857	356529
"2014.06.06"	"Syria"	"Raqqa"	1	0	1	8915	11314	20229	135673	220857	356530
"2014.06.06"	"Afghanistan"	"Kabul"	6	22	28	8921	11336	20257	135679	220879	356558
"2014.06.06"	"Pakistan"	"Karachi"	2	4	6	8923	11340	20263	135681	220883	356564
"2014.06.06"	"Iraq"	"Samarrah"	41	42	83	8964	11382	20346	135722	220925	356647
"2014.06.06"	"Iraq"	"Muwaffaqiyah"	6	45	51	8970	11427	20397	135728	220970	356698
"2014.06.07"	"Iraq"	"Ramadi"	2	5	7	8972	11432	20404	135730	220975	356705
"2014.06.07"	"Iraq"	"Mosul"	21	0	21	8993	11432	20425	135751	220975	356726
"2014.06.07"	"Iraq"	"Baghdad"	4	15	19	8997	11447	20444	135755	220990	356745
"2014.06.07"	"Iraq"	"Baghdad"	3	14	17	9000	11461	20461	135758	221004	356762
"2014.06.07"	"Iraq"	"Baghdad"	23	8	31	9023	11469	20492	135781	221012	356793
"2014.06.07"	"Iraq"	"Baghdad"	36	37	73	9059	11506	20565	135817	221049	356866
"2014.06.07"	"Pakistan"	"Bajaur"	2	1	3	9061	11507	20568	135819	221050	356869
"2014.06.07"	"Nigeria"	"Kunde"	7	0	7	9068	11507	20575	135826	221050	356876
"2014.06.08"	"Pakistan"	"Karachi"	18	24	42	9086	11531	20617	135844	221074	356918
"2014.06.08"	"Pakistan"	"Taftan"	30	14	44	9116	11545	20661	135874	221088	356962
"2014.06.08"	"Iraq"	"Jalawla"	39	67	106	9155	11612	20767	135913	221155	357068
"2014.06.08"	"Iraq"	"Tikrit"	3	9	12	9158	11621	20779	135916	221164	357080
"2014.06.08"	"Afghanistan"	"Behsud"	1	0	1	9159	11621	20780	135917	221164	357081
"2014.06.08"	"Nigeria"	"Gombe"	3	0	3	9162	11621	20783	135920	221164	357084
"2014.06.09"	"Yemen"	"Sanaa"	1	0	1	9163	11621	20784	135921	221164	357085
"2014.06.09"	"Dagestan"	"Ghunib"	2	0	2	9165	11621	20786	135923	221164	357087
"2014.06.09"	"Iraq"	"Ramadi"	5	5	10	9170	11626	20796	135928	221169	357097
"2014.06.09"	"Iraq"	"Garma"	10	2	12	9180	11628	20808	135938	221171	357109
"2014.06.09"	"Pakistan"	"Nazimabad"	2	0	2	9182	11628	20810	135940	221171	357111
"2014.06.09"	"Iraq"	"Tuz Khormato"	28	148	176	9210	11776	20986	135968	221319	357287
"2014.06.09"	"Pakistan"	"Datta Khel"	4	12	16	9214	11788	21002	135972	221331	357303
"2014.06.09"	"Pakistan"	"Kurram"	2	1	3	9216	11789	21005	135974	221332	357306
"2014.06.10"	"Kenya"	"Mombasa"	1	0	1	9217	11789	21006	135975	221332	357307
"2014.06.10"	"Pakistan"	"Karachi"	7	0	7	9224	11789	21013	135982	221332	357314
"2014.06.10"	"Iraq"	"Fallujah"	1	4	5	9225	11793	21018	135983	221336	357319
"2014.06.10"	"Iraq"	"Baqubah"	20	28	48	9245	11821	21066	136003	221364	357367
"2014.06.10"	"Iraq"	"Mosul"	4	0	4	9249	11821	21070	136007	221364	357371
"2014.06.10"	"Iraq"	"Mosul"	670	14	684	9919	11835	21754	136677	221378	358055
"2014.06.11"	"Lebanon"	"Hermel"	1	0	1	9920	11835	21755	136678	221378	358056
"2014.06.11"	"Pakistan"	"Kitkoot"	2	2	4	9922	11837	21759	136680	221380	358060
"2014.06.11"	"Iraq"	"Mosul"	17	0	17	9939	11837	21776	136697	221380	358077
"2014.06.11"	"Iraq"	"Safwan"	5	5	10	9944	11842	21786	136702	221385	358087
"2014.06.11"	"Egypt"	"al-Arish"	1	2	3	9945	11844	21789	136703	221387	358090
"2014.06.11"	"Thailand"	"Pattani"	1	0	1	9946	11844	21790	136704	221387	358091
"2014.06.11"	"Pakistan"	"Swat"	5	0	5	9951	11844	21795	136709	221387	358096
"2014.06.11"	"Iraq"	"Sadr City"	38	34	72	9989	11878	21867	136747	221421	358168
"2014.06.11"	"Nigeria"	"Tanjol"	9	0	9	9998	11878	21876	136756	221421	358177
"2014.06.11"	"Iraq"	"Baghdad"	15	27	42	10013	11905	21918	136771	221448	358219
"2014.06.11"	"Iraq"	"Karbala"	4	13	17	10017	11918	21935	136775	221461	358236
"2014.06.12"	"Pakistan"	"Jamrud"	3	0	3	10020	11918	21938	136778	221461	358239
"2014.06.12"	"Iraq"	"Dawasa"	12	0	12	10032	11918	21950	136790	221461	358251
"2014.06.12"	"Lebanon"	"Koura"	1	0	1	10033	11918	21951	136791	221461	358252
"2014.06.12"	"Iraq"	"Tikrit"	12	0	12	10045	11918	21963	136803	221461	358264
"2014.06.12"	"Syria"	"Damascus"	8	25	33	10053	11943	21996	136811	221486	358297
"2014.06.12"	"Iraq"	"Salah al-Din"	1	0	1	10054	11943	21997	136812	221486	358298
"2014.06.12"	"Mali"	"Aguelhoc"	4	10	14	10058	11953	22011	136816	221496	358312
"2014.06.12"	"India"	"Poonch"	1	3	4	10059	11956	22015	136817	221499	358316
"2014.06.12"	"Israel"	"Hebron"	3	0	3	10062	11956	22018	136820	221499	358319
"2014.06.12"	"Iraq"	"Baghdad"	2	0	2	10064	11956	22020	136822	221499	358321
"2014.06.12"	"Israel"	"Tuba Zangaria"	1	0	1	10065	11956	22021	136823	221499	358322
"2014.06.12"	"Iraq"	"Camp Speicher"	1700	0	1700	11765	11956	23721	138523	221499	360022
"2014.06.13"	"Tanzania"	"Darjani"	1	7	8	11766	11963	23729	138524	221506	360030
"2014.06.13"	"Pakistan"	"Khyber"	1	0	1	11767	11963	23730	138525	221506	360031
"2014.06.13"	"Yemen"	"Abyan"	4	6	10	11771	11969	23740	138529	221512	360041
"2014.06.13"	"Iraq"	"Mosul"	1	0	1	11772	11969	23741	138530	221512	360042
"2014.06.13"	"Iraq"	"Mosul"	3	0	3	11775	11969	23744	138533	221512	360045
"2014.06.14"	"Afghanistan"	"Kabul"	38	115	153	11813	12084	23897	138571	221627	360198
"2014.06.14"	"Afghanistan"	"Samangan"	11	0	11	11824	12084	23908	138582	221627	360209
"2014.06.14"	"Iraq"	"Mosul"	1	0	1	11825	12084	23909	138583	221627	360210
"2014.06.14"	"Iraq"	"Ishaqi"	9	21	30	11834	12105	23939	138592	221648	360240
"2014.06.14"	"Syria"	"Deir Ezzur"	15	24	39	11849	12129	23978	138607	221672	360279
"2014.06.14"	"Iraq"	"Mosul"	12	0	12	11861	12129	23990	138619	221672	360291
"2014.06.14"	"Pakistan"	"Khanewal"	2	0	2	11863	12129	23992	138621	221672	360293
"2014.06.14"	"Pakistan"	"Multan"	2	0	2	11865	12129	23994	138623	221672	360295
"2014.06.14"	"Iraq"	"Ishaqi"	12	0	12	11877	12129	24006	138635	221672	360307
"2014.06.14"	"Tanzania"	"Zanzibar"	1	7	8	11878	12136	24014	138636	221679	360315
"2014.06.14"	"Iraq"	"Tikrit"	190	0	190	12068	12136	24204	138826	221679	360505
"2014.06.14"	"Iraq"	"Camp Speicher"	120	0	120	12188	12136	24324	138946	221679	360625
"2014.06.15"	"Nigeria"	"Daku"	25	15	40	12213	12151	24364	138971	221694	360665
"2014.06.15"	"Iraq"	"Baghdad"	15	8	23	12228	12159	24387	138986	221702	360688
"2014.06.15"	"Iraq"	"Baghdad"	12	30	42	12240	12189	24429	138998	221732	360730
"2014.06.15"	"Iraq"	"Sadr City"	3	7	10	12243	12196	24439	139001	221739	360740
"2014.06.15"	"Yemen"	"Aden"	9	10	19	12252	12206	24458	139010	221749	360759
"2014.06.15"	"Iraq"	"Khales"	6	0	6	12258	12206	24464	139016	221749	360765
"2014.06.15"	"Iraq"	"Mosul"	24	0	24	12282	12206	24488	139040	221749	360789
"2014.06.15"	"Iraq"	"Tal Afar"	10	40	50	12292	12246	24538	139050	221789	360839
"2014.06.15"	"Iraq"	"Mosul"	3	0	3	12295	12246	24541	139053	221789	360842
"2014.06.15"	"Afghanistan"	"Herat"	0	11	11	12295	12257	24552	139053	221800	360853
"2014.06.15"	"Pakistan"	"Latifabad"	1	1	2	12296	12258	24554	139054	221801	360855
"2014.06.15"	"Somalia"	"Baidoa"	1	0	1	12297	12258	24555	139055	221801	360856
"2014.06.15"	"Kenya"	"Mpeketoni"	1	0	1	12298	12258	24556	139056	221801	360857
"2014.06.15"	"Iraq"	"Mosul"	39	0	39	12337	12258	24595	139095	221801	360896
"2014.06.16"	"Iraq"	"Sadr City"	10	25	35	12347	12283	24630	139105	221826	360931
"2014.06.16"	"Iraq"	"Tal Afar"	5	0	5	12352	12283	24635	139110	221826	360936
"2014.06.16"	"Kenya"	"Mpeketoni"	65	25	90	12417	12308	24725	139175	221851	361026
"2014.06.16"	"Afghanistan"	"Kandahar"	5	0	5	12422	12308	24730	139180	221851	361031
"2014.06.16"	"Egypt"	"Cairo"	1	0	1	12423	12308	24731	139181	221851	361032
"2014.06.16"	"Iraq"	"Baqubah"	44	0	44	12467	12308	24775	139225	221851	361076
"2014.06.16"	"Thailand"	"Songkhla"	1	1	2	12468	12309	24777	139226	221852	361078
"2014.06.16"	"Thailand"	"Narathiwat"	1	0	1	12469	12309	24778	139227	221852	361079
"2014.06.16"	"Thailand"	"Pattani"	1	2	3	12470	12311	24781	139228	221854	361082
"2014.06.16"	"Uganda"	"Mbale"	1	0	1	12471	12311	24782	139229	221854	361083
"2014.06.17"	"Norway"	"Oslo"	0	1	1	12471	12312	24783	139229	221855	361084
"2014.06.17"	"Kenya"	"Poromoko"	15	12	27	12486	12324	24810	139244	221867	361111
"2014.06.17"	"Iraq"	"Samarrah"	18	0	18	12504	12324	24828	139262	221867	361129
"2014.06.17"	"Syria"	"Deir al-Zor"	5	0	5	12509	12324	24833	139267	221867	361134
"2014.06.17"	"Pakistan"	"Peshawar"	1	0	1	12510	12324	24834	139268	221867	361135
"2014.06.17"	"Nigeria"	"Damaturu"	24	21	45	12534	12345	24879	139292	221888	361180
"2014.06.17"	"Iraq"	"Sadr City"	12	30	42	12546	12375	24921	139304	221918	361222
"2014.06.17"	"Iraq"	"Baghdad"	7	0	7	12553	12375	24928	139311	221918	361229
"2014.06.17"	"Iraq"	"Baghdad"	3	9	12	12556	12384	24940	139314	221927	361241
"2014.06.17"	"India"	"Bijbehara"	1	0	1	12557	12384	24941	139315	221927	361242
"2014.06.18"	"Somalia"	"Mogadishu"	2	0	2	12559	12384	24943	139317	221927	361244
"2014.06.18"	"Iraq"	"Tal Afar"	1	2	3	12560	12386	24946	139318	221929	361247
"2014.06.18"	"Pakistan"	"Hangu"	7	1	8	12567	12387	24954	139325	221930	361255
"2014.06.18"	"Iraq"	"Mosul"	1	0	1	12568	12387	24955	139326	221930	361256
"2014.06.19"	"Philippines"	"Jolo"	7	13	20	12575	12400	24975	139333	221943	361276
"2014.06.19"	"Syria"	"Homs"	6	9	15	12581	12409	24990	139339	221952	361291
"2014.06.19"	"Pakistan"	"Peshawar"	3	6	9	12584	12415	24999	139342	221958	361300
"2014.06.20"	"Syria"	"Deir al-Zor"	3	0	3	12587	12415	25002	139345	221958	361303
"2014.06.20"	"Nigeria"	"Adamawa"	10	0	10	12597	12415	25012	139355	221958	361313
"2014.06.20"	"China"	"Xinjiang"	5	0	5	12602	12415	25017	139360	221958	361318
"2014.06.20"	"Lebanon"	"Dahr al-Baidar"	1	32	33	12603	12447	25050	139361	221990	361351
"2014.06.20"	"Pakistan"	"Torghar"	2	1	3	12605	12448	25053	139363	221991	361354
"2014.06.20"	"Syria"	"Hama"	43	50	93	12648	12498	25146	139406	222041	361447
"2014.06.20"	"Iraq"	"Qaim"	34	0	34	12682	12498	25180	139440	222041	361481
"2014.06.20"	"Iraq"	"Samarrah"	45	0	45	12727	12498	25225	139485	222041	361526
"2014.06.20"	"India"	"Sellu"	1	0	1	12728	12498	25226	139486	222041	361527
"2014.06.20"	"Iraq"	"Gogjali"	2	0	2	12730	12498	25228	139488	222041	361529
"2014.06.21"	"Iraq"	"Baghdad"	7	32	39	12737	12530	25267	139495	222073	361568
"2014.06.21"	"Afghanistan"	"Jalalabad"	4	3	7	12741	12533	25274	139499	222076	361575
"2014.06.21"	"Thailand"	"Pattani"	1	0	1	12742	12533	25275	139500	222076	361576
"2014.06.21"	"China"	"Xinjiang"	0	3	3	12742	12536	25278	139500	222079	361579
"2014.06.21"	"Afghanistan"	"Kabul"	1	3	4	12743	12539	25282	139501	222082	361583
"2014.06.21"	"Iraq"	"Tikrit"	84	0	84	12827	12539	25366	139585	222082	361667
"2014.06.21"	"Pakistan"	"Cantt"	1	0	1	12828	12539	25367	139586	222082	361668
"2014.06.21"	"Yemen"	"Shehr"	2	0	2	12830	12539	25369	139588	222082	361670
"2014.06.21"	"Somalia"	"Mogadishu"	1	0	1	12831	12539	25370	139589	222082	361671
"2014.06.21"	"Nigeria"	"Koronginim"	40	20	60	12871	12559	25430	139629	222102	361731
"2014.06.21"	"Yemen"	"Sanaa"	1	0	1	12872	12559	25431	139630	222102	361732
"2014.06.21"	"Pakistan"	"Jamrud"	2	2	4	12874	12561	25435	139632	222104	361736
"2014.06.22"	"Pakistan"	"Quetta"	3	0	3	12877	12561	25438	139635	222104	361739
"2014.06.22"	"Iraq"	"Rawa"	21	0	21	12898	12561	25459	139656	222104	361760
"2014.06.22"	"Thailand"	"Si Sakhon"	2	5	7	12900	12566	25466	139658	222109	361767
"2014.06.22"	"Iraq"	"Ramadi"	8	13	21	12908	12579	25487	139666	222122	361788
"2014.06.22"	"Nigeria"	"Gwoza"	3	3	6	12911	12582	25493	139669	222125	361794
"2014.06.22"	"Israel"	"Golan Heights"	1	3	4	12912	12585	25497	139670	222128	361798
"2014.06.23"	"Iraq"	"Tarmiyah"	6	0	6	12918	12585	25503	139676	222128	361804
"2014.06.23"	"Nigeria"	"Kano"	8	20	28	12926	12605	25531	139684	222148	361832
"2014.06.23"	"Lebanon"	"Beirut"	1	25	26	12927	12630	25557	139685	222173	361858
"2014.06.23"	"Iraq"	"Bashir"	15	0	15	12942	12630	25572	139700	222173	361873
"2014.06.23"	"Iraq"	"Babil"	76	0	76	13018	12630	25648	139776	222173	361949
"2014.06.23"	"Iraq"	"Kirkuk"	15	0	15	13033	12630	25663	139791	222173	361964
"2014.06.23"	"Pakistan"	"Mamon Kanjan"	1	0	1	13034	12630	25664	139792	222173	361965
"2014.06.23"	"Iraq"	"Kirkuk"	40	0	40	13074	12630	25704	139832	222173	362005
"2014.06.24"	"Pal. Auth."	"Gaza"	1	3	4	13075	12633	25708	139833	222176	362009
"2014.06.24"	"Thailand"	"Pattani"	1	0	1	13076	12633	25709	139834	222176	362010
"2014.06.24"	"Pakistan"	"Rawalpindi"	1	0	1	13077	12633	25710	139835	222176	362011
"2014.06.24"	"Syria"	"Homs"	1	14	15	13078	12647	25725	139836	222190	362026
"2014.06.24"	"Nigeria"	"Kabamu"	21	0	21	13099	12647	25746	139857	222190	362047
"2014.06.24"	"Nigeria"	"Ankpong"	17	0	17	13116	12647	25763	139874	222190	362064
"2014.06.24"	"Pakistan"	"Spinwam"	3	0	3	13119	12647	25766	139877	222190	362067
"2014.06.24"	"Afghanistan"	"Herat"	4	7	11	13123	12654	25777	139881	222197	362078
"2014.06.24"	"Kenya"	"Witu"	11	0	11	13134	12654	25788	139892	222197	362089
"2014.06.24"	"Pakistan"	"Darora"	2	0	2	13136	12654	25790	139894	222197	362091
"2014.06.24"	"Pakistan"	"Peshawar"	1	2	3	13137	12656	25793	139895	222199	362094
"2014.06.24"	"Nigeria"	"Ngohi"	3	12	15	13140	12668	25808	139898	222211	362109
"2014.06.24"	"Iran"	"Kermanshah"	3	0	3	13143	12668	25811	139901	222211	362112
"2014.06.24"	"Iraq"	"Rutba"	12	0	12	13155	12668	25823	139913	222211	362124
"2014.06.24"	"Pakistan"	"Manghopir"	3	2	5	13158	12670	25828	139916	222213	362129
"2014.06.24"	"Nigeria"	"Damboa"	56	0	56	13214	12670	25884	139972	222213	362185
"2014.06.25"	"Iraq"	"Baghdad"	3	2	5	13217	12672	25889	139975	222215	362190
"2014.06.25"	"Iraq"	"Kirkuk"	4	18	22	13221	12690	25911	139979	222233	362212
"2014.06.25"	"Iraq"	"Hawija"	4	0	4	13225	12690	25915	139983	222233	362216
"2014.06.25"	"Libya"	"Benghazi"	1	2	3	13226	12692	25918	139984	222235	362219
"2014.06.25"	"Nigeria"	"Kobin"	38	0	38	13264	12692	25956	140022	222235	362257
"2014.06.25"	"Nigeria"	"Dogon- Daji"	21	0	21	13285	12692	25977	140043	222235	362278
"2014.06.25"	"Nigeria"	"Naidu"	16	0	16	13301	12692	25993	140059	222235	362294
"2014.06.25"	"Nigeria"	"Kabamu"	30	0	30	13331	12692	26023	140089	222235	362324
"2014.06.25"	"Nigeria"	"Hayin Kwanta"	5	0	5	13336	12692	26028	140094	222235	362329
"2014.06.25"	"Nigeria"	"Kabani"	4	0	4	13340	12692	26032	140098	222235	362333
"2014.06.25"	"Nigeria"	"Gani"	9	0	9	13349	12692	26041	140107	222235	362342
"2014.06.25"	"Iraq"	"Kirkuk"	5	20	25	13354	12712	26066	140112	222255	362367
"2014.06.25"	"Libya"	"Benghazi"	3	7	10	13357	12719	26076	140115	222262	362377
"2014.06.25"	"Iraq"	"Mahmudiyah"	12	23	35	13369	12742	26111	140127	222285	362412
"2014.06.25"	"Nigeria"	"Abuja"	24	52	76	13393	12794	26187	140151	222337	362488
"2014.06.25"	"USA"	"West Orange"	1	0	1	13394	12794	26188	140152	222337	362489
"2014.06.26"	"Lebanon"	"Beirut"	0	3	3	13394	12797	26191	140152	222340	362492
"2014.06.26"	"Pakistan"	"Mandi Bahauddin"	1	0	1	13395	12797	26192	140153	222340	362493
"2014.06.26"	"Somalia"	"Buulobarde"	2	4	6	13397	12801	26198	140155	222344	362499
"2014.06.26"	"Iraq"	"Baghdad"	22	49	71	13419	12850	26269	140177	222393	362570
"2014.06.26"	"Yemen"	"Hadramawt"	5	40	45	13424	12890	26314	140182	222433	362615
"2014.06.27"	"Syria"	"Bab"	1	0	1	13425	12890	26315	140183	222433	362616
"2014.06.27"	"Pakistan"	"Satrah"	2	0	2	13427	12890	26317	140185	222433	362618
"2014.06.27"	"Nigeria"	"Bauchi"	13	34	47	13440	12924	26364	140198	222467	362665
"2014.06.27"	"Nigeria"	"Sanga"	32	0	32	13472	12924	26396	140230	222467	362697
"2014.06.27"	"Nigeria"	"Goniri"	7	0	7	13479	12924	26403	140237	222467	362704
"2014.06.27"	"Uganda"	"Kyegegwa"	2	0	2	13481	12924	26405	140239	222467	362706
"2014.06.27"	"Iraq"	"Mosul"	3	0	3	13484	12924	26408	140242	222467	362709
"2014.06.28"	"Nigeria"	"Paa"	10	0	10	13494	12924	26418	140252	222467	362719
"2014.06.28"	"Iraq"	"Anbar"	9	0	9	13503	12924	26427	140261	222467	362728
"2014.06.28"	"Iraq"	"Ramadi"	9	22	31	13512	12946	26458	140270	222489	362759
"2014.06.28"	"Egypt"	"Sinai"	4	0	4	13516	12946	26462	140274	222489	362763
"2014.06.28"	"Egypt"	"Giza"	2	0	2	13518	12946	26464	140276	222489	362765
"2014.06.28"	"Iraq"	"Jurf al-Sakhar"	7	29	36	13525	12975	26500	140283	222518	362801
"2014.06.28"	"Egypt"	"al-Arish"	2	0	2	13527	12975	26502	140285	222518	362803
"2014.06.28"	"Thailand"	"Narathiwat"	2	0	2	13529	12975	26504	140287	222518	362805
"2014.06.28"	"Syria"	"Damascus"	2	24	26	13531	12999	26530	140289	222542	362831
"2014.06.28"	"Syria"	"Deir Hafer"	8	0	8	13539	12999	26538	140297	222542	362839
"2014.06.28"	"Yemen"	"Hadramawt"	2	3	5	13541	13002	26543	140299	222545	362844
"2014.06.29"	"Iraq"	"Ramadi"	4	0	4	13545	13002	26547	140303	222545	362848
"2014.06.29"	"Somalia"	"Mogadishu"	3	0	3	13548	13002	26550	140306	222545	362851
"2014.06.29"	"Nigeria"	"Kwadakau"	10	0	10	13558	13002	26560	140316	222545	362861
"2014.06.29"	"Nigeria"	"Chibok"	54	91	145	13612	13093	26705	140370	222636	363006
"2014.06.29"	"Pakistan"	"Kohat"	4	5	9	13616	13098	26714	140374	222641	363015
"2014.06.30"	"Pakistan"	"Karachi"	1	0	1	13617	13098	26715	140375	222641	363016
"2014.06.30"	"Somalia"	"Mogadishu"	1	0	1	13618	13098	26716	140376	222641	363017
"2014.06.30"	"Somalia"	"Mogadishu"	1	0	1	13619	13098	26717	140377	222641	363018
"2014.06.30"	"Syria"	"Idlib"	14	50	64	13633	13148	26781	140391	222691	363082
"2014.06.30"	"Somalia"	"Karan"	2	5	7	13635	13153	26788	140393	222696	363089
"2014.06.30"	"Somalia"	"Mogadishu"	2	7	9	13637	13160	26797	140395	222703	363098
"2014.06.30"	"Thailand"	"Pattani"	1	1	2	13638	13161	26799	140396	222704	363100
"2014.06.30"	"Egypt"	"Cairo"	2	8	10	13640	13169	26809	140398	222712	363110
"2014.06.30"	"Somalia"	"Mogadishu"	1	0	1	13641	13169	26810	140399	222712	363111
"2014.07.01"	"Libya"	"Benghazi"	1	0	1	13642	13169	26811	140400	222712	363112
"2014.07.01"	"Pakistan"	"Mir Ali"	2	1	3	13644	13170	26814	140402	222713	363115
"2014.07.01"	"Pakistan"	"Khuzdar"	1	0	1	13645	13170	26815	140403	222713	363116
"2014.07.01"	"Iraq"	"Samarrah"	6	23	29	13651	13193	26844	140409	222736	363145
"2014.07.01"	"Nigeria"	"Maiduguri"	56	52	108	13707	13245	26952	140465	222788	363253
"2014.07.01"	"Somalia"	"Mogadishu"	3	0	3	13710	13245	26955	140468	222788	363256
"2014.07.02"	"Iraq"	"Karbalah"	5	14	19	13715	13259	26974	140473	222802	363275
"2014.07.02"	"Iraq"	"Baghdad"	5	13	18	13720	13272	26992	140478	222815	363293
"2014.07.02"	"Afghanistan"	"Kabul"	16	26	42	13736	13298	27034	140494	222841	363335
"2014.07.02"	"Tunisia"	"Kef"	4	6	10	13740	13304	27044	140498	222847	363345
"2014.07.03"	"Iraq"	"Mosul"	9	0	9	13749	13304	27053	140507	222847	363354
"2014.07.03"	"Iraq"	"Tikrit"	12	0	12	13761	13304	27065	140519	222847	363366
"2014.07.03"	"Pakistan"	"Faisalabad"	1	0	1	13762	13304	27066	140520	222847	363367
"2014.07.03"	"Yemen"	"al-Bayda"	2	0	2	13764	13304	27068	140522	222847	363369
"2014.07.03"	"Egypt"	"Alexandria"	0	5	5	13764	13309	27073	140522	222852	363374
"2014.07.03"	"Egypt"	"Kerdasa"	2	0	2	13766	13309	27075	140524	222852	363376
"2014.07.03"	"Lebanon"	"Tripoli"	0	4	4	13766	13313	27079	140524	222856	363380
"2014.07.03"	"Somalia"	"Mogadishu"	2	2	4	13768	13315	27083	140526	222858	363384
"2014.07.04"	"Yemen"	"Ghazyl Bawazir"	1	0	1	13769	13315	27084	140527	222858	363385
"2014.07.04"	"Nigeria"	"Konduga"	5	24	29	13774	13339	27113	140532	222882	363414
"2014.07.04"	"Iraq"	"Samarrah"	15	25	40	13789	13364	27153	140547	222907	363454
"2014.07.04"	"Iraq"	"Mosul"	2	0	2	13791	13364	27155	140549	222907	363456
"2014.07.04"	"Pakistan"	"Shah Latif"	0	2	2	13791	13366	27157	140549	222909	363458
"2014.07.04"	"Yemen"	"Border"	1	1	2	13792	13367	27159	140550	222910	363460
"2014.07.04"	"Egypt"	"Abu Kasah"	4	0	4	13796	13367	27163	140554	222910	363464
"2014.07.04"	"Pakistan"	"Karachi"	2	2	4	13798	13369	27167	140556	222912	363468
"2014.07.04"	"Saudi Arabia"	"Wadia"	1	0	1	13799	13369	27168	140557	222912	363469
"2014.07.04"	"Nigeria"	"Damboa"	20	0	20	13819	13369	27188	140577	222912	363489
"2014.07.05"	"Iraq"	"Salah il-Din"	4	0	4	13823	13369	27192	140581	222912	363493
"2014.07.05"	"Iraq"	"Fallujah"	6	7	13	13829	13376	27205	140587	222919	363506
"2014.07.05"	"Iraq"	"Basra"	3	8	11	13832	13384	27216	140590	222927	363517
"2014.07.05"	"Iraq"	"Ramadi"	3	4	7	13835	13388	27223	140593	222931	363524
"2014.07.05"	"Pakistan"	"Bahawalpur"	2	0	2	13837	13388	27225	140595	222931	363526
"2014.07.05"	"Somalia"	"Mogadishu"	6	12	18	13843	13400	27243	140601	222943	363544
"2014.07.05"	"Bahrain"	"Ekar-East"	1	0	1	13844	13400	27244	140602	222943	363545
"2014.07.05"	"Thailand"	"Yala"	1	0	1	13845	13400	27245	140603	222943	363546
"2014.07.05"	"Kenya"	"Gamba"	1	0	1	13846	13400	27246	140604	222943	363547
"2014.07.06"	"Somalia"	"Beled Hawo"	4	0	4	13850	13400	27250	140608	222943	363551
"2014.07.06"	"Iraq"	"Tikrit"	19	0	19	13869	13400	27269	140627	222943	363570
"2014.07.06"	"Iraq"	"Tikrit"	1	0	1	13870	13400	27270	140628	222943	363571
"2014.07.06"	"Pakistan"	"Paira"	2	0	2	13872	13400	27272	140630	222943	363573
"2014.07.06"	"Iraq"	"Baghad"	4	12	16	13876	13412	27288	140634	222955	363589
"2014.07.06"	"Yemen"	"Mahfad"	6	0	6	13882	13412	27294	140640	222955	363595
"2014.07.06"	"Kenya"	"Mombasa"	1	0	1	13883	13412	27295	140641	222955	363596
"2014.07.06"	"Kenya"	"Lamu"	9	3	12	13892	13415	27307	140650	222958	363608
"2014.07.06"	"Kenya"	"Tana River"	20	0	20	13912	13415	27327	140670	222958	363628
"2014.07.07"	"Iraq"	"al-Meshag"	3	10	13	13915	13425	27340	140673	222968	363641
"2014.07.07"	"Iraq"	"Adhaim"	4	0	4	13919	13425	27344	140677	222968	363645
"2014.07.07"	"Iraq"	"Tikrit"	1	0	1	13920	13425	27345	140678	222968	363646
"2014.07.07"	"Thailand"	"Yala"	1	1	2	13921	13426	27347	140679	222969	363648
"2014.07.07"	"Afghanistan"	"Herat"	5	1	6	13926	13427	27353	140684	222970	363654
"2014.07.07"	"Iraq"	"Baghdad"	7	17	24	13933	13444	27377	140691	222987	363678
"2014.07.07"	"Afghanistan"	"Kunduz"	5	4	9	13938	13448	27386	140696	222991	363687
"2014.07.07"	"Kenya"	"Wajir"	1	6	7	13939	13454	27393	140697	222997	363694
"2014.07.07"	"Yemen"	"Abyan"	2	5	7	13941	13459	27400	140699	223002	363701
"2014.07.07"	"Sudan"	"South Kordofan"	10	0	10	13951	13459	27410	140709	223002	363711
"2014.07.07"	"Kenya"	"Lamu"	2	0	2	13953	13459	27412	140711	223002	363713
"2014.07.08"	"Somalia"	"Mogadishu"	14	4	18	13967	13463	27430	140725	223006	363731
"2014.07.08"	"Pakistan"	"Achini"	3	1	4	13970	13464	27434	140728	223007	363735
"2014.07.08"	"Iraq"	"Samarrah"	8	9	17	13978	13473	27451	140736	223016	363752
"2014.07.08"	"CAR"	"Bambari"	27	20	47	14005	13493	27498	140763	223036	363799
"2014.07.08"	"Afghanistan"	"Parwan"	16	14	30	14021	13507	27528	140779	223050	363829
"2014.07.09"	"Dagestan"	"Kizilyurt"	1	0	1	14022	13507	27529	140780	223050	363830
"2014.07.09"	"Dagestan"	"Khasavyurt"	1	0	1	14023	13507	27530	140781	223050	363831
"2014.07.09"	"Pakistan"	"Shakardara"	1	0	1	14024	13507	27531	140782	223050	363832
"2014.07.09"	"Syria"	"Khatab"	14	0	14	14038	13507	27545	140796	223050	363846
"2014.07.09"	"Afghanistan"	"Kandahar"	9	9	18	14047	13516	27563	140805	223059	363864
"2014.07.09"	"Thailand"	"Yala"	2	0	2	14049	13516	27565	140807	223059	363866
"2014.07.09"	"Iraq"	"Mansuriyah"	9	38	47	14058	13554	27612	140816	223097	363913
"2014.07.09"	"Egypt"	"al-Arish"	1	4	5	14059	13558	27617	140817	223101	363918
"2014.07.09"	"Iraq"	"Babil"	2	13	15	14061	13571	27632	140819	223114	363933
"2014.07.09"	"Iraq"	"Khamissiya"	53	0	53	14114	13571	27685	140872	223114	363986
"2014.07.09"	"Pakistan"	"Khyber Pakhtunkhwa"	3	4	7	14117	13575	27692	140875	223118	363993
"2014.07.09"	"China"	"Xinjiang"	6	1	7	14123	13576	27699	140881	223119	364000
"2014.07.10"	"Afghanistan"	"Ghor"	7	0	7	14130	13576	27706	140888	223119	364007
"2014.07.10"	"Thailand"	"Yala"	3	0	3	14133	13576	27709	140891	223119	364010
"2014.07.10"	"Iraq"	"Samarrah"	4	2	6	14137	13578	27715	140895	223121	364016
"2014.07.10"	"Pakistan"	"Karachi"	1	0	1	14138	13578	27716	140896	223121	364017
"2014.07.10"	"Afghanistan"	"Kohsan"	6	3	9	14144	13581	27725	140902	223124	364026
"2014.07.11"	"Yemen"	"Hardramawt"	1	0	1	14145	13581	27726	140903	223124	364027
"2014.07.11"	"Syria"	"Rahjan"	18	0	18	14163	13581	27744	140921	223124	364045
"2014.07.11"	"Iraq"	"Kirkuk"	28	25	53	14191	13606	27797	140949	223149	364098
"2014.07.11"	"Pakistan"	"Abbottabad"	2	0	2	14193	13606	27799	140951	223149	364100
"2014.07.11"	"Iraq"	"Shurqat"	3	0	3	14196	13606	27802	140954	223149	364103
"2014.07.11"	"Iraq"	"Anbar"	11	24	35	14207	13630	27837	140965	223173	364138
"2014.07.11"	"Israel"	"Ashdod"	0	3	3	14207	13633	27840	140965	223176	364141
"2014.07.11"	"Kenya"	"Mombasa"	1	0	1	14208	13633	27841	140966	223176	364142
"2014.07.11"	"Cameroon"	"Bonderie"	2	1	3	14210	13634	27844	140968	223177	364145
"2014.07.12"	"Pakistan"	"Karachi"	1	0	1	14211	13634	27845	140969	223177	364146
"2014.07.12"	"Algeria"	"Sidi Bel Abbes"	7	0	7	14218	13634	27852	140976	223177	364153
"2014.07.12"	"Malaysia"	"Mabul Island"	1	1	2	14219	13635	27854	140977	223178	364155
"2014.07.12"	"Afghanistan"	"Jalalabad"	2	4	6	14221	13639	27860	140979	223182	364161
"2014.07.12"	"Iraq"	"Zayouna"	33	18	51	14254	13657	27911	141012	223200	364212
"2014.07.12"	"Pakistan"	"Mamond"	3	2	5	14257	13659	27916	141015	223202	364217
"2014.07.12"	"Afghanistan"	"Pajwai"	8	2	10	14265	13661	27926	141023	223204	364227
"2014.07.12"	"Pakistan"	"Karachi"	1	0	1	14266	13661	27927	141024	223204	364228
"2014.07.13"	"Thailand"	"Narathiwat"	1	0	1	14267	13661	27928	141025	223204	364229
"2014.07.13"	"Iraq"	"Duluiya"	12	0	12	14279	13661	27940	141037	223204	364241
"2014.07.13"	"Iraq"	"Mosul"	10	0	10	14289	13661	27950	141047	223204	364251
"2014.07.13"	"Iraq"	"Mosul"	2	1	3	14291	13662	27953	141049	223205	364254
"2014.07.13"	"Iraq"	"Ishaqi"	4	0	4	14295	13662	27957	141053	223205	364258
"2014.07.13"	"Iraq"	"Baghdad"	6	7	13	14301	13669	27970	141059	223212	364271
"2014.07.13"	"Egypt"	"al-Arish"	8	25	33	14309	13694	28003	141067	223237	364304
"2014.07.13"	"Afghanistan"	"Herat"	11	4	15	14320	13698	28018	141078	223241	364319
"2014.07.13"	"Libya"	"Benghzi"	26	11	37	14346	13709	28055	141104	223252	364356
"2014.07.13"	"Syria"	"al-Qaim"	4	0	4	14350	13709	28059	141108	223252	364360
"2014.07.14"	"Mali"	"Moustarat"	1	7	8	14351	13716	28067	141109	223259	364368
"2014.07.14"	"Nigeria"	"Zamadede"	11	0	11	14362	13716	28078	141120	223259	364379
"2014.07.14"	"Iraq"	"Saadiya"	12	0	12	14374	13716	28090	141132	223259	364391
"2014.07.14"	"Israel"	"Be'er Sheva"	0	3	3	14374	13719	28093	141132	223262	364394
"2014.07.14"	"Libya"	"Benghazi"	1	6	7	14375	13725	28100	141133	223268	364401
"2014.07.14"	"Iraq"	"Baqubah"	7	0	7	14382	13725	28107	141140	223268	364408
"2014.07.14"	"Iraq"	"Baghdad"	4	12	16	14386	13737	28123	141144	223280	364424
"2014.07.14"	"Iraq"	"Baghdad"	3	8	11	14389	13745	28134	141147	223288	364435
"2014.07.14"	"Iraq"	"Muqdadiya"	8	0	8	14397	13745	28142	141155	223288	364443
"2014.07.14"	"India"	"Lalmonirhat"	0	4	4	14397	13749	28146	141155	223292	364447
"2014.07.14"	"Nigeria"	"Dille"	1	4	5	14398	13753	28151	141156	223296	364452
"2014.07.14"	"Nigeria"	"Borno"	27	0	27	14425	13753	28178	141183	223296	364479
"2014.07.15"	"Pakistan"	"Hangu"	1	0	1	14426	13753	28179	141184	223296	364480
"2014.07.15"	"Nigeria"	"Huyim"	9	0	9	14435	13753	28188	141193	223296	364489
"2014.07.15"	"Afghanistan"	"Kabul"	2	5	7	14437	13758	28195	141195	223301	364496
"2014.07.15"	"Afghanistan"	"Urgun"	89	42	131	14526	13800	28326	141284	223343	364627
"2014.07.15"	"Israel"	"Erez"	1	1	2	14527	13801	28328	141285	223344	364629
"2014.07.15"	"Nigeria"	"Dille"	38	20	58	14565	13821	28386	141323	223364	364687
"2014.07.15"	"Iraq"	"Sadr City"	14	54	68	14579	13875	28454	141337	223418	364755
"2014.07.15"	"Iraq"	"Tikrit"	12	28	40	14591	13903	28494	141349	223446	364795
"2014.07.15"	"Iraq"	"Madain"	9	0	9	14600	13903	28503	141358	223446	364804
"2014.07.15"	"Pakistan"	"Mir Ali"	5	8	13	14605	13911	28516	141363	223454	364817
"2014.07.15"	"Nigeria"	"Sabon Gari"	20	0	20	14625	13911	28536	141383	223454	364837
"2014.07.16"	"Yemen"	"Baida"	2	1	3	14627	13912	28539	141385	223455	364840
"2014.07.16"	"Syria"	"Damascus"	4	20	24	14631	13932	28563	141389	223475	364864
"2014.07.16"	"Pakistan"	"Sharifabad"	1	2	3	14632	13934	28566	141390	223477	364867
"2014.07.16"	"Tunisia"	"Chaambi"	15	23	38	14647	13957	28604	141405	223500	364905
"2014.07.16"	"Nigeria"	"Sabon Gari"	7	0	7	14654	13957	28611	141412	223500	364912
"2014.07.16"	"Iraq"	"Mosul"	1	0	1	14655	13957	28612	141413	223500	364913
"2014.07.16"	"Iraq"	"Ramadi"	5	10	15	14660	13967	28627	141418	223510	364928
"2014.07.17"	"Pakistan"	"Ganj Chowk"	1	0	1	14661	13967	28628	141419	223510	364929
"2014.07.17"	"Iraq"	"Muqdadiya"	10	0	10	14671	13967	28638	141429	223510	364939
"2014.07.17"	"Pakistan"	"Ghundi"	8	3	11	14679	13970	28649	141437	223513	364950
"2014.07.17"	"Iraq"	"Tikrit"	3	4	7	14682	13974	28656	141440	223517	364957
"2014.07.17"	"Thailand"	"Narathiwat"	1	0	1	14683	13974	28657	141441	223517	364958
"2014.07.17"	"Pakistan"	"Hangu"	6	3	9	14689	13977	28666	141447	223520	364967
"2014.07.17"	"Iraq"	"Baghdad"	4	12	16	14693	13989	28682	141451	223532	364983
"2014.07.17"	"Iraq"	"Taji"	6	18	24	14699	14007	28706	141457	223550	365007
"2014.07.17"	"Iraq"	"Sinjar"	10	0	10	14709	14007	28716	141467	223550	365017
"2014.07.17"	"Syria"	"Homs"	270	0	270	14979	14007	28986	141737	223550	365287
"2014.07.17"	"Iraq"	"Nineveh"	13	0	13	14992	14007	28999	141750	223550	365300
"2014.07.18"	"Pakistan"	"Mansehra"	2	6	8	14994	14013	29007	141752	223556	365308
"2014.07.18"	"Iraq"	"Balad"	6	0	6	15000	14013	29013	141758	223556	365314
"2014.07.18"	"Nigeria"	"Damboa"	21	0	21	15021	14013	29034	141779	223556	365335
"2014.07.18"	"Syria"	"Tabaqa"	1	0	1	15022	14013	29035	141780	223556	365336
"2014.07.18"	"Pakistan"	"Peshawar"	1	3	4	15023	14016	29039	141781	223559	365340
"2014.07.18"	"Afghanistan"	"Laghman"	1	14	15	15024	14030	29054	141782	223573	365355
"2014.07.18"	"Pakistan"	"Jamrud"	8	0	8	15032	14030	29062	141790	223573	365363
"2014.07.18"	"Pakistan"	"Peshawar"	4	0	4	15036	14030	29066	141794	223573	365367
"2014.07.18"	"Kenya"	"Witu"	7	5	12	15043	14035	29078	141801	223578	365379
"2014.07.19"	"Iraq"	"Abu Dashir"	9	21	30	15052	14056	29108	141810	223599	365409
"2014.07.19"	"Syria"	"Raqqa"	1	0	1	15053	14056	29109	141811	223599	365410
"2014.07.19"	"Nigeria"	"Damboa"	100	0	100	15153	14056	29209	141911	223599	365510
"2014.07.19"	"Iraq"	"Baghdad"	15	42	57	15168	14098	29266	141926	223641	365567
"2014.07.19"	"Egypt"	"al-Farafrah"	22	4	26	15190	14102	29292	141948	223645	365593
"2014.07.19"	"Nigeria"	"Gwoza"	6	0	6	15196	14102	29298	141954	223645	365599
"2014.07.19"	"China"	"Memetjan Jumaq"	1	1	2	15197	14103	29300	141955	223646	365601
"2014.07.19"	"Nigeria"	"Saha"	6	0	6	15203	14103	29306	141961	223646	365607
"2014.07.19"	"Israel"	"Dimona"	1	3	4	15204	14106	29310	141962	223649	365611
"2014.07.19"	"Iraq"	"Khazimiyah"	3	15	18	15207	14121	29328	141965	223664	365629
"2014.07.19"	"Israel"	"Ein Hashlosha"	2	2	4	15209	14123	29332	141967	223666	365633
"2014.07.20"	"Iraq"	"Mosul"	1	0	1	15210	14123	29333	141968	223666	365634
"2014.07.20"	"Libya"	"Benghazi"	1	0	1	15211	14123	29334	141969	223666	365635
"2014.07.20"	"Iraq"	"Mahmoudiya"	11	31	42	15222	14154	29376	141980	223697	365677
"2014.07.20"	"Iraq"	"Abu Ghraib"	5	0	5	15227	14154	29381	141985	223697	365682
"2014.07.20"	"Pakistan"	"Hayatabad"	2	0	2	15229	14154	29383	141987	223697	365684
"2014.07.20"	"Libya"	"Benghazi"	47	120	167	15276	14274	29550	142034	223817	365851
"2014.07.20"	"Afghanistan"	"Peshawar"	2	0	2	15278	14274	29552	142036	223817	365853
"2014.07.21"	"Libya"	"Benghazi"	16	81	97	15294	14355	29649	142052	223898	365950
"2014.07.21"	"Afghanistan"	"Lashkar Gah"	2	9	11	15296	14364	29660	142054	223907	365961
"2014.07.21"	"Iraq"	"Baqubah"	3	4	7	15299	14368	29667	142057	223911	365968
"2014.07.22"	"Iraq"	"Diyala"	5	0	5	15304	14368	29672	142062	223911	365973
"2014.07.22"	"Iraq"	"Nahrawan"	5	13	18	15309	14381	29690	142067	223924	365991
"2014.07.22"	"Libya"	"Benghazi"	5	4	9	15314	14385	29699	142072	223928	366000
"2014.07.22"	"Iraq"	"Kirkuk"	6	0	6	15320	14385	29705	142078	223928	366006
"2014.07.22"	"Iraq"	"Baghdad"	33	50	83	15353	14435	29788	142111	223978	366089
"2014.07.22"	"Philippines"	"North Cotabato"	1	0	1	15354	14435	29789	142112	223978	366090
"2014.07.22"	"Afghanistan"	"Kabul"	4	11	15	15358	14446	29804	142116	223989	366105
"2014.07.22"	"Iraq"	"Baqubah"	1	0	1	15359	14446	29805	142117	223989	366106
"2014.07.23"	"Israel"	"Eshkol"	1	0	1	15360	14446	29806	142118	223989	366107
"2014.07.23"	"Iraq"	"Sharqat"	1	0	1	15361	14446	29807	142119	223989	366108
"2014.07.23"	"Pakistan"	"Karachi"	1	0	1	15362	14446	29808	142120	223989	366109
"2014.07.23"	"Pakistan"	"Karachi"	1	2	3	15363	14448	29811	142121	223991	366112
"2014.07.23"	"Nigeria"	"Kaduna"	35	14	49	15398	14462	29860	142156	224005	366161
"2014.07.23"	"Nigeria"	"Kawo"	50	37	87	15448	14499	29947	142206	224042	366248
"2014.07.23"	"Somalia"	"Mogadishu"	1	0	1	15449	14499	29948	142207	224042	366249
"2014.07.23"	"Iraq"	"Jalawla"	6	0	6	15455	14499	29954	142213	224042	366255
"2014.07.23"	"Iraq"	"Samarra"	8	0	8	15463	14499	29962	142221	224042	366263
"2014.07.23"	"Pakistan"	"Badaber"	1	2	3	15464	14501	29965	142222	224044	366266
"2014.07.24"	"Afghanistan"	"Takhar"	6	26	32	15470	14527	29997	142228	224070	366298
"2014.07.24"	"Nigeria"	"Garubulu"	15	0	15	15485	14527	30012	142243	224070	366313
"2014.07.24"	"Syria"	"Raqqa"	19	0	19	15504	14527	30031	142262	224070	366332
"2014.07.24"	"Yemen"	"Lahj"	1	0	1	15505	14527	30032	142263	224070	366333
"2014.07.24"	"Iraq"	"Taji"	61	19	80	15566	14546	30112	142324	224089	366413
"2014.07.24"	"Afghanistan"	"Nangarhar"	2	1	3	15568	14547	30115	142326	224090	366416
"2014.07.24"	"Afghanistan"	"Herat"	2	0	2	15570	14547	30117	142328	224090	366418
"2014.07.24"	"Nigeria"	"Kano"	1	8	9	15571	14555	30126	142329	224098	366427
"2014.07.24"	"Iraq"	"Baghdad"	21	33	54	15592	14588	30180	142350	224131	366481
"2014.07.24"	"Cameroon"	"Bargaram"	1	0	1	15593	14588	30181	142351	224131	366482
"2014.07.25"	"India"	"Sopore"	1	0	1	15594	14588	30182	142352	224131	366483
"2014.07.25"	"Syria"	"Raqqa"	50	0	50	15644	14588	30232	142402	224131	366533
"2014.07.25"	"Yemen"	"Baida"	5	2	7	15649	14590	30239	142407	224133	366540
"2014.07.25"	"Egypt"	"Sheikh Zuwaid"	2	0	2	15651	14590	30241	142409	224133	366542
"2014.07.25"	"Afghanistan"	"Ghor"	15	0	15	15666	14590	30256	142424	224133	366557
"2014.07.25"	"Iraq"	"Kirkuk"	4	15	19	15670	14605	30275	142428	224148	366576
"2014.07.25"	"Iraq"	"Tikrit"	18	0	18	15688	14605	30293	142446	224148	366594
"2014.07.25"	"Pakistan"	"Dera Ismail Khan"	2	0	2	15690	14605	30295	142448	224148	366596
"2014.07.25"	"Cameroon"	"Bargaram"	4	0	4	15694	14605	30299	142452	224148	366600
"2014.07.26"	"Nigeria"	"Hawul"	2	0	2	15696	14605	30301	142454	224148	366602
"2014.07.26"	"Pakistan"	"Gulshan-e-Iqbal"	1	3	4	15697	14608	30305	142455	224151	366606
"2014.07.26"	"Libya"	"Tripoli"	23	0	23	15720	14608	30328	142478	224151	366629
"2014.07.26"	"Libya"	"Benghazi"	34	87	121	15754	14695	30449	142512	224238	366750
"2014.07.26"	"Thailand"	"Betong"	2	52	54	15756	14747	30503	142514	224290	366804
"2014.07.26"	"India"	"Saharanpur"	2	19	21	15758	14766	30524	142516	224309	366825
"2014.07.26"	"India"	"Sopore"	1	4	5	15759	14770	30529	142517	224313	366830
"2014.07.26"	"Pakistan"	"Karachi"	5	0	5	15764	14770	30534	142522	224313	366835
"2014.07.26"	"Syria"	"Azaz"	4	4	8	15768	14774	30542	142526	224317	366843
"2014.07.26"	"Iraq"	"Taji"	6	0	6	15774	14774	30548	142532	224317	366849
"2014.07.26"	"Tunisia"	"Kef"	2	6	8	15776	14780	30556	142534	224323	366857
"2014.07.26"	"Egypt"	"Rafah"	4	5	9	15780	14785	30565	142538	224328	366866
"2014.07.26"	"Afghanistan"	"Marjah"	4	4	8	15784	14789	30573	142542	224332	366874
"2014.07.26"	"Pakistan"	"Zubaida"	1	1	2	15785	14790	30575	142543	224333	366876
"2014.07.27"	"Iraq"	"Tuz Khurmato"	2	4	6	15787	14794	30581	142545	224337	366882
"2014.07.27"	"Iraq"	"Jurf al-Sakhar"	3	4	7	15790	14798	30588	142548	224341	366889
"2014.07.27"	"Pakistan"	"Mirokas"	1	0	1	15791	14798	30589	142549	224341	366890
"2014.07.27"	"Pakistan"	"Jamrud"	1	0	1	15792	14798	30590	142550	224341	366891
"2014.07.27"	"Thailand"	"Pattani"	1	7	8	15793	14805	30598	142551	224348	366899
"2014.07.27"	"Iraq"	"Taji"	6	0	6	15799	14805	30604	142557	224348	366905
"2014.07.27"	"Afghanistan"	"Spinboldak"	2	0	2	15801	14805	30606	142559	224348	366907
"2014.07.27"	"Yemen"	"Abyan"	2	11	13	15803	14816	30619	142561	224359	366920
"2014.07.27"	"Israel"	"Border"	1	0	1	15804	14816	30620	142562	224359	366921
"2014.07.27"	"Nigeria"	"Kano"	5	8	13	15809	14824	30633	142567	224367	366934
"2014.07.27"	"Nigeria"	"Hong"	30	0	30	15839	14824	30663	142597	224367	366964
"2014.07.27"	"Nigeria"	"Shafa"	2	0	2	15841	14824	30665	142599	224367	366966
"2014.07.27"	"Pakistan"	"Karachi"	2	1	3	15843	14825	30668	142601	224368	366969
"2014.07.27"	"Cameroon"	"Kolofata"	18	22	40	15861	14847	30708	142619	224390	367009
"2014.07.27"	"Nigeria"	"Kano"	0	5	5	15861	14852	30713	142619	224395	367014
"2014.07.28"	"China"	"Xinjiang"	37	13	50	15898	14865	30763	142656	224408	367064
"2014.07.28"	"Pal. Auth."	"Shejaiya"	20	0	20	15918	14865	30783	142676	224408	367084
"2014.07.28"	"Pal. Auth."	"Gaza"	10	46	56	15928	14911	30839	142686	224454	367140
"2014.07.28"	"Israel"	"Eshkol"	4	9	13	15932	14920	30852	142690	224463	367153
"2014.07.28"	"Iraq"	"Baghdad"	3	0	3	15935	14920	30855	142693	224463	367156
"2014.07.28"	"Israel"	"Nahal Oz"	5	0	5	15940	14920	30860	142698	224463	367161
"2014.07.28"	"Iraq"	"Baghdad"	14	0	14	15954	14920	30874	142712	224463	367175
"2014.07.28"	"Iraq"	"Baghdad"	6	21	27	15960	14941	30901	142718	224484	367202
"2014.07.28"	"Pakistan"	"Jamrud"	1	0	1	15961	14941	30902	142719	224484	367203
"2014.07.28"	"Egypt"	"Sheikh Zuwaid"	1	10	11	15962	14951	30913	142720	224494	367214
"2014.07.28"	"Nigeria"	"Katarko"	8	12	20	15970	14963	30933	142728	224506	367234
"2014.07.28"	"Thailand"	"Narathiwat"	1	0	1	15971	14963	30934	142729	224506	367235
"2014.07.28"	"Pakistan"	"Gujranwala"	4	8	12	15975	14971	30946	142733	224514	367247
"2014.07.28"	"Nigeria"	"Kano"	3	8	11	15978	14979	30957	142736	224522	367258
"2014.07.28"	"Nigeria"	"Kano"	0	6	6	15978	14985	30963	142736	224528	367264
"2014.07.28"	"Philippines"	"Talipao"	23	11	34	16001	14996	30997	142759	224539	367298
"2014.07.28"	"Nigeria"	"Garkida"	40	0	40	16041	14996	31037	142799	224539	367338
"2014.07.29"	"Nigeria"	"Dogo Tebo"	11	37	48	16052	15033	31085	142810	224576	367386
"2014.07.29"	"Nigeria"	"Anguwar Bolawa"	2	0	2	16054	15033	31087	142812	224576	367388
"2014.07.29"	"Afghanistan"	"Kandahar"	2	1	3	16056	15034	31090	142814	224577	367391
"2014.07.29"	"Iraq"	"Tikrit"	200	0	200	16256	15034	31290	143014	224577	367591
"2014.07.29"	"Syria"	"Raqqa"	35	0	35	16291	15034	31325	143049	224577	367626
"2014.07.29"	"Pakistan"	"Lower Dir"	6	0	6	16297	15034	31331	143055	224577	367632
"2014.07.29"	"Bangladesh"	"Sylhet"	1	100	101	16298	15134	31432	143056	224677	367733
"2014.07.29"	"Libya"	"Benghazi"	30	81	111	16328	15215	31543	143086	224758	367844
"2014.07.29"	"Libya"	"Benghazi"	3	0	3	16331	15215	31546	143089	224758	367847
"2014.07.29"	"Pakistan"	"Charsadda"	2	1	3	16333	15216	31549	143091	224759	367850
"2014.07.30"	"China"	"Kashgar"	1	0	1	16334	15216	31550	143092	224759	367851
"2014.07.30"	"Pakistan"	"Quetta"	2	0	2	16336	15216	31552	143094	224759	367853
"2014.07.30"	"Iraq"	"Baqubah"	15	0	15	16351	15216	31567	143109	224759	367868
"2014.07.30"	"Iraq"	"Sadr City"	16	28	44	16367	15244	31611	143125	224787	367912
"2014.07.30"	"Iraq"	"Anbar"	6	6	12	16373	15250	31623	143131	224793	367924
"2014.07.30"	"Nigeria"	"Kano"	6	6	12	16379	15256	31635	143137	224799	367936
"2014.07.30"	"Somalia"	"Hosingow"	1	0	1	16380	15256	31636	143138	224799	367937
"2014.07.31"	"Iraq"	"Tikrit"	17	0	17	16397	15256	31653	143155	224799	367954
"2014.07.31"	"Iraq"	"Haditha"	6	18	24	16403	15274	31677	143161	224817	367978
"2014.07.31"	"Iraq"	"Kirkuk"	1	0	1	16404	15274	31678	143162	224817	367979
"2014.07.31"	"Iraq"	"Sadr City"	3	13	16	16407	15287	31694	143165	224830	367995
"2014.07.31"	"Thailand"	"Pattani"	1	0	1	16408	15287	31695	143166	224830	367996
"2014.07.31"	"Pakistan"	"Umerkot"	2	0	2	16410	15287	31697	143168	224830	367998
"2014.08.01"	"Pal. Auth."	"Rafah"	3	0	3	16413	15287	31700	143171	224830	368001
"2014.08.01"	"Iraq"	"Baghdad"	5	16	21	16418	15303	31721	143176	224846	368022
"2014.08.01"	"Somalia"	"Mogadishu"	1	0	1	16419	15303	31722	143177	224846	368023
"2014.08.01"	"Syria"	"Qalamoun"	7	0	7	16426	15303	31729	143184	224846	368030
"2014.08.01"	"Iraq"	"Mosul"	14	0	14	16440	15303	31743	143198	224846	368044
"2014.08.01"	"Iraq"	"Sadr City"	9	21	30	16449	15324	31773	143207	224867	368074
"2014.08.01"	"Iraq"	"Jurf al-Sakhr"	17	3	20	16466	15327	31793	143224	224870	368094
"2014.08.01"	"Afghanistan"	"Nuristan"	3	0	3	16469	15327	31796	143227	224870	368097
"2014.08.02"	"Iraq"	"Mosul"	1	0	1	16470	15327	31797	143228	224870	368098
"2014.08.02"	"Pakistan"	"Ashraf"	2	0	2	16472	15327	31799	143230	224870	368100
"2014.08.02"	"Yemen"	"Shabwa"	4	2	6	16476	15329	31805	143234	224872	368106
"2014.08.02"	"Iraq"	"Jurf al-Sakhr"	23	0	23	16499	15329	31828	143257	224872	368129
"2014.08.02"	"Iraq"	"Balad"	5	16	21	16504	15345	31849	143262	224888	368150
"2014.08.02"	"Iraq"	"Kirkuk"	1	0	1	16505	15345	31850	143263	224888	368151
"2014.08.02"	"Pakistan"	"Hangu"	1	1	2	16506	15346	31852	143264	224889	368153
"2014.08.02"	"Libya"	"Tripoli"	22	72	94	16528	15418	31946	143286	224961	368247
"2014.08.02"	"Bangladesh"	"Rangpur"	1	0	1	16529	15418	31947	143287	224961	368248
"2014.08.03"	"Tunisia"	"Sbitla"	1	1	2	16530	15419	31949	143288	224962	368250
"2014.08.03"	"Nigeria"	"Kaduna"	1	17	18	16531	15436	31967	143289	224979	368268
"2014.08.03"	"Egypt"	"Sheikh Zuweid"	1	4	5	16532	15440	31972	143290	224983	368273
"2014.08.03"	"Pakistan"	"Karachi"	1	1	2	16533	15441	31974	143291	224984	368275
"2014.08.03"	"Syria"	"Damascus"	12	23	35	16545	15464	32009	143303	225007	368310
"2014.08.03"	"Lebanon"	"Arsal"	3	0	3	16548	15464	32012	143306	225007	368313
"2014.08.03"	"Somalia"	"Mogadishu"	3	7	10	16551	15471	32022	143309	225014	368323
"2014.08.03"	"Iraq"	"Diyala"	1	1	2	16552	15472	32024	143310	225015	368325
"2014.08.03"	"Iraq"	"Sinjar"	88	0	88	16640	15472	32112	143398	225015	368413
"2014.08.03"	"Iraq"	"Tal Azir"	7	0	7	16647	15472	32119	143405	225015	368420
"2014.08.04"	"Chad"	"Dubuwa"	6	0	6	16653	15472	32125	143411	225015	368426
"2014.08.04"	"Thailand"	"Yala"	2	0	2	16655	15472	32127	143413	225015	368428
"2014.08.04"	"Lebanon"	"Arsal"	2	3	5	16657	15475	32132	143415	225018	368433
"2014.08.04"	"Iraq"	"Deir al-Zor"	15	120	135	16672	15595	32267	143430	225138	368568
"2014.08.04"	"Pakistan"	"Quetta"	2	0	2	16674	15595	32269	143432	225138	368570
"2014.08.04"	"Somalia"	"Bosaso"	5	0	5	16679	15595	32274	143437	225138	368575
"2014.08.04"	"Yemen"	"Hadramout"	6	0	6	16685	15595	32280	143443	225138	368581
"2014.08.04"	"Israel"	"Jerusalem"	1	6	7	16686	15601	32287	143444	225144	368588
"2014.08.04"	"Iraq"	"Jalawla"	3	6	9	16689	15607	32296	143447	225150	368597
"2014.08.04"	"Pakistan"	"Karachi"	1	0	1	16690	15607	32297	143448	225150	368598
"2014.08.04"	"Iraq"	"Telkef"	1	6	7	16691	15613	32304	143449	225156	368605
"2014.08.04"	"Pakistan"	"Dera Ismail Khan"	3	2	5	16694	15615	32309	143452	225158	368610
"2014.08.04"	"Syria"	"Mzeiraa"	7	4	11	16701	15619	32320	143459	225162	368621
"2014.08.05"	"Pakistan"	"Liaquatabad"	2	0	2	16703	15619	32322	143461	225162	368623
"2014.08.05"	"Afghanistan"	"Uruzgan"	7	0	7	16710	15619	32329	143468	225162	368630
"2014.08.05"	"Iraq"	"Abu Ghraib"	2	0	2	16712	15619	32331	143470	225162	368632
"2014.08.05"	"Syria"	"Maaloula"	1	0	1	16713	15619	32332	143471	225162	368633
"2014.08.05"	"Syria"	"Jerthe"	3	0	3	16716	15619	32335	143474	225162	368636
"2014.08.05"	"Sudan"	"Port Sudan"	2	0	2	16718	15619	32337	143476	225162	368638
"2014.08.05"	"Dagestan"	"Shamil"	1	0	1	16719	15619	32338	143477	225162	368639
"2014.08.05"	"Syria"	"Damascus"	16	79	95	16735	15698	32433	143493	225241	368734
"2014.08.05"	"Egypt"	"Matrouh"	5	0	5	16740	15698	32438	143498	225241	368739
"2014.08.05"	"Iraq"	"Sinjar"	40	0	40	16780	15698	32478	143538	225241	368779
"2014.08.05"	"Pal. Auth."	"Shejaiya"	10	0	10	16790	15698	32488	143548	225241	368789
"2014.08.06"	"Libya"	"Tripoli"	18	0	18	16808	15698	32506	143566	225241	368807
"2014.08.06"	"Iraq"	"Baghdad"	17	25	42	16825	15723	32548	143583	225266	368849
"2014.08.06"	"Iraq"	"Aliya Rash"	1	14	15	16826	15737	32563	143584	225280	368864
"2014.08.06"	"Iraq"	"Qara Qosh"	2	3	5	16828	15740	32568	143586	225283	368869
"2014.08.06"	"Iraq"	"Sinjar"	60	0	60	16888	15740	32628	143646	225283	368929
"2014.08.06"	"Iraq"	"Baghdad"	11	4	15	16899	15744	32643	143657	225287	368944
"2014.08.06"	"Nigeria"	"Gwoza"	997	40	1037	17896	15784	33680	144654	225327	369981
"2014.08.06"	"India"	"Kupwara"	1	0	1	17897	15784	33681	144655	225327	369982
"2014.08.06"	"Lebanon"	"Tripoli"	1	7	8	17898	15791	33689	144656	225334	369990
"2014.08.06"	"Yemen"	"Habban"	5	1	6	17903	15792	33695	144661	225335	369996
"2014.08.06"	"Iraq"	"Sadr City"	31	84	115	17934	15876	33810	144692	225419	370111
"2014.08.06"	"Cameroon"	"Zigague"	10	0	10	17944	15876	33820	144702	225419	370121
"2014.08.06"	"Pakistan"	"Peshawar"	1	2	3	17945	15878	33823	144703	225421	370124
"2014.08.06"	"Egypt"	"Karama"	1	0	1	17946	15878	33824	144704	225421	370125
"2014.08.07"	"Iraq"	"Kirkuk"	11	50	61	17957	15928	33885	144715	225471	370186
"2014.08.07"	"Syria"	"Deir Ezzor"	19	0	19	17976	15928	33904	144734	225471	370205
"2014.08.07"	"Libya"	"Zawiya"	4	9	13	17980	15937	33917	144738	225480	370218
"2014.08.07"	"Iraq"	"Sinjar"	397	500	897	18377	16437	34814	145135	225980	371115
"2014.08.07"	"Syria"	"Raqqa"	36	0	36	18413	16437	34850	145171	225980	371151
"2014.08.07"	"Yemen"	"Seyoun"	50	0	50	18463	16437	34900	145221	225980	371201
"2014.08.08"	"Syria"	"Damascus"	15	0	15	18478	16437	34915	145236	225980	371216
"2014.08.08"	"Afghanistan"	"Tenai Dara"	4	2	6	18482	16439	34921	145240	225982	371222
"2014.08.08"	"Iraq"	"Iraq"	15	0	15	18497	16439	34936	145255	225982	371237
"2014.08.08"	"Afghanistan"	"Sangin"	4	0	4	18501	16439	34940	145259	225982	371241
"2014.08.08"	"Yemen"	"Huta"	14	0	14	18515	16439	34954	145273	225982	371255
"2014.08.09"	"Somalia"	"Buloburde"	13	3	16	18528	16442	34970	145286	225985	371271
"2014.08.09"	"Iraq"	"Makhmour"	1	0	1	18529	16442	34971	145287	225985	371272
"2014.08.09"	"Syria"	"Alippo"	3	12	15	18532	16454	34986	145290	225997	371287
"2014.08.09"	"Syria"	"al-Bulel"	2	0	2	18534	16454	34988	145292	225997	371289
"2014.08.10"	"Syria"	"al-Shaafa"	2	0	2	18536	16454	34990	145294	225997	371291
"2014.08.10"	"Nigeria"	"Doron Baga"	31	122	153	18567	16576	35143	145325	226119	371444
"2014.08.10"	"Nigeria"	"Kaduna"	1	0	1	18568	16576	35144	145326	226119	371445
"2014.08.10"	"Afghanistan"	"Kabul"	4	7	11	18572	16583	35155	145330	226126	371456
"2014.08.10"	"DRC"	"Kivu"	3	0	3	18575	16583	35158	145333	226126	371459
"2014.08.10"	"Iraq"	"Jalawla"	10	80	90	18585	16663	35248	145343	226206	371549
"2014.08.10"	"Pakistan"	"Surjani"	2	2	4	18587	16665	35252	145345	226208	371553
"2014.08.10"	"Iraq"	"Nineveh"	17	0	17	18604	16665	35269	145362	226208	371570
"2014.08.11"	"Syria"	"Deir Ezzor"	5	0	5	18609	16665	35274	145367	226208	371575
"2014.08.11"	"Syria"	"Mayadin"	4	0	4	18613	16665	35278	145371	226208	371579
"2014.08.11"	"Iraq"	"Bieji"	2	0	2	18615	16665	35280	145373	226208	371581
"2014.08.11"	"Iraq"	"Mosul"	1	0	1	18616	16665	35281	145374	226208	371582
"2014.08.11"	"Nigeria"	"Yelwa"	14	0	14	18630	16665	35295	145388	226208	371596
"2014.08.11"	"Nigeria"	"Zarazong"	2	0	2	18632	16665	35297	145390	226208	371598
"2014.08.12"	"Afghanistan"	"Bahrami Shahid"	3	0	3	18635	16665	35300	145393	226208	371601
"2014.08.12"	"Libya"	"Tripoli"	1	0	1	18636	16665	35301	145394	226208	371602
"2014.08.12"	"Thailand"	"Yala"	2	1	3	18638	16666	35304	145396	226209	371605
"2014.08.12"	"Iraq"	"Baghdad"	2	5	7	18640	16671	35311	145398	226214	371612
"2014.08.12"	"Iraq"	"Baghdad"	13	27	40	18653	16698	35351	145411	226241	371652
"2014.08.12"	"Pakistan"	"Karachi"	2	0	2	18655	16698	35353	145413	226241	371654
"2014.08.12"	"Iraq"	"Diyala"	6	0	6	18661	16698	35359	145419	226241	371660
"2014.08.12"	"Pakistan"	"Dera Ismail Khan"	4	2	6	18665	16700	35365	145423	226243	371666
"2014.08.12"	"Yemen"	"al-Jouf"	15	0	15	18680	16700	35380	145438	226243	371681
"2014.08.13"	"Syria"	"Akhtarin"	9	0	9	18689	16700	35389	145447	226243	371690
"2014.08.13"	"Yemen"	"Lahj"	14	16	30	18703	16716	35419	145461	226259	371720
"2014.08.13"	"Egypt"	"el-Mattallah"	1	2	3	18704	16718	35422	145462	226261	371723
"2014.08.13"	"Iraq"	"Baghdad"	10	21	31	18714	16739	35453	145472	226282	371754
"2014.08.13"	"India"	"Galander"	3	0	3	18717	16739	35456	145475	226282	371757
"2014.08.13"	"Iraq"	"Baghdad"	6	9	15	18723	16748	35471	145481	226291	371772
"2014.08.14"	"Kenya"	"Mandera"	1	0	1	18724	16748	35472	145482	226291	371773
"2014.08.14"	"Kenya"	"Garissa"	2	2	4	18726	16750	35476	145484	226293	371777
"2014.08.14"	"Yemen"	"Mukallah"	3	3	6	18729	16753	35482	145487	226296	371783
"2014.08.14"	"Iraq"	"Fallujah"	5	0	5	18734	16753	35487	145492	226296	371788
"2014.08.15"	"Iraq"	"Hardan"	300	0	300	19034	16753	35787	145792	226296	372088
"2014.08.15"	"Syria"	"Deir al-Zor"	700	0	700	19734	16753	36487	146492	226296	372788
"2014.08.15"	"Iraq"	"Hit"	9	13	22	19743	16766	36509	146501	226309	372810
"2014.08.15"	"Iraq"	"Said Ahmad"	5	0	5	19748	16766	36514	146506	226309	372815
"2014.08.15"	"CAR"	"Mbres"	34	0	34	19782	16766	36548	146540	226309	372849
"2014.08.15"	"Pakistan"	"Quetta"	0	11	11	19782	16777	36559	146540	226320	372860
"2014.08.15"	"Iraq"	"Kucho"	80	0	80	19862	16777	36639	146620	226320	372940
"2014.08.15"	"Iraq"	"Jalawla"	1	0	1	19863	16777	36640	146621	226320	372941
"2014.08.15"	"Iraq"	"Sayed Ahmad"	6	0	6	19869	16777	36646	146627	226320	372947
"2014.08.15"	"Syria"	"Deraa"	14	12	26	19883	16789	36672	146641	226332	372973
"2014.08.15"	"Kenya"	"Nairobi"	0	1	1	19883	16790	36673	146641	226333	372974
"2014.08.16"	"Iraq"	"Jalawla"	13	7	20	19896	16797	36693	146654	226340	372994
"2014.08.16"	"Syria"	"Dama"	15	20	35	19911	16817	36728	146669	226360	373029
"2014.08.16"	"India"	"Awantipora"	2	4	6	19913	16821	36734	146671	226364	373035
"2014.08.16"	"Somalia"	"Beledweyne"	2	0	2	19915	16821	36736	146673	226364	373037
"2014.08.16"	"Russia"	"Vladikavkaz"	1	0	1	19916	16821	36737	146674	226364	373038
"2014.08.16"	"Iraq"	"Samarrah"	3	11	14	19919	16832	36751	146677	226375	373052
"2014.08.16"	"Indonesia"	"West Nusa Tenggara"	1	0	1	19920	16832	36752	146678	226375	373053
"2014.08.16"	"Mali"	"Ber"	2	9	11	19922	16841	36763	146680	226384	373064
"2014.08.16"	"Iraq"	"Kucho"	312	0	312	20234	16841	37075	146992	226384	373376
"2014.08.16"	"Syria"	"Akhtarin"	8	0	8	20242	16841	37083	147000	226384	373384
"2014.08.17"	"Iraq"	"Jalawla"	1	0	1	20243	16841	37084	147001	226384	373385
"2014.08.17"	"Iraq"	"Kucho"	20	0	20	20263	16841	37104	147021	226384	373405
"2014.08.18"	"Iraq"	"Albu Jwari"	1	0	1	20264	16841	37105	147022	226384	373406
"2014.08.18"	"Iraq"	"Tikrit"	4	0	4	20268	16841	37109	147026	226384	373410
"2014.08.18"	"Pakistan"	"Karachi"	4	0	4	20272	16841	37113	147030	226384	373414
"2014.08.18"	"Cameroon"	"Greya"	3	15	18	20275	16856	37131	147033	226399	373432
"2014.08.18"	"Pakistan"	"Jamrud"	2	0	2	20277	16856	37133	147035	226399	373434
"2014.08.18"	"Thailand"	"Yala"	2	2	4	20279	16858	37137	147037	226401	373438
"2014.08.18"	"Egypt"	"Gharbiya"	1	1	2	20280	16859	37139	147038	226402	373440
"2014.08.18"	"Nigeria"	"Durwa"	6	0	6	20286	16859	37145	147044	226402	373446
"2014.08.18"	"Nigeria"	"Maforo"	4	0	4	20290	16859	37149	147048	226402	373450
"2014.08.19"	"Iraq"	"Mosul"	1	0	1	20291	16859	37150	147049	226402	373451
"2014.08.19"	"Sudan"	"Port Sudan"	1	0	1	20292	16859	37151	147050	226402	373452
"2014.08.19"	"Iraq"	"Baghdad"	2	10	12	20294	16869	37163	147052	226412	373464
"2014.08.19"	"Pakistan"	"Karachi"	3	0	3	20297	16869	37166	147055	226412	373467
"2014.08.19"	"Pakistan"	"Karachi"	1	0	1	20298	16869	37167	147056	226412	373468
"2014.08.19"	"Iraq"	"Hardan"	19	2	21	20317	16871	37188	147075	226414	373489
"2014.08.19"	"Libya"	"Tripoli"	3	8	11	20320	16879	37199	147078	226422	373500
"2014.08.19"	"Pakistan"	"Tangi"	6	1	7	20326	16880	37206	147084	226423	373507
"2014.08.19"	"Syria"	"Taftanaz"	1	0	1	20327	16880	37207	147085	226423	373508
"2014.08.20"	"Iraq"	"Kirkuk"	2	9	11	20329	16889	37218	147087	226432	373519
"2014.08.20"	"Afghanistan"	"Kabul"	1	0	1	20330	16889	37219	147088	226432	373520
"2014.08.20"	"Syria"	"Aleppo"	3	0	3	20333	16889	37222	147091	226432	373523
"2014.08.20"	"Nigeria"	"Buni Yadi"	2	0	2	20335	16889	37224	147093	226432	373525
"2014.08.20"	"Afghanistan"	"Uruzgan"	3	2	5	20338	16891	37229	147096	226434	373530
"2014.08.20"	"Egypt"	"Sheikh Zuweid"	4	0	4	20342	16891	37233	147100	226434	373534
"2014.08.20"	"Kenya"	"Lamu"	1	0	1	20343	16891	37234	147101	226434	373535
"2014.08.21"	"Pakistan"	"Chadrar"	1	4	5	20344	16895	37239	147102	226438	373540
"2014.08.21"	"Pakistan"	"Peshawar"	2	0	2	20346	16895	37241	147104	226438	373542
"2014.08.21"	"Pal. Auth."	"Gaza"	18	0	18	20364	16895	37259	147122	226438	373560
"2014.08.22"	"Israel"	"Ashdod"	1	0	1	20365	16895	37260	147123	226438	373561
"2014.08.22"	"Iraq"	"Baghdad"	73	20	93	20438	16915	37353	147196	226458	373654
"2014.08.22"	"Israel"	"Sha'ar Hanegev"	1	3	4	20439	16918	37357	147197	226461	373658
"2014.08.22"	"Iraq"	"Himreen"	5	12	17	20444	16930	37374	147202	226473	373675
"2014.08.22"	"Iraq"	"Shirqat"	12	0	12	20456	16930	37386	147214	226473	373687
"2014.08.22"	"Iraq"	"Tikrit"	9	0	9	20465	16930	37395	147223	226473	373696
"2014.08.22"	"Iraq"	"Baghdad"	8	0	8	20473	16930	37403	147231	226473	373704
"2014.08.23"	"Iraq"	"Kirkuk"	31	123	154	20504	17053	37557	147262	226596	373858
"2014.08.23"	"Iraq"	"Baghdad"	11	24	35	20515	17077	37592	147273	226620	373893
"2014.08.23"	"Yemen"	"Shibam"	3	6	9	20518	17083	37601	147276	226626	373902
"2014.08.23"	"Pakistan"	"Zaman"	3	3	6	20521	17086	37607	147279	226629	373908
"2014.08.23"	"Pakistan"	"Sadat Colony"	2	0	2	20523	17086	37609	147281	226629	373910
"2014.08.23"	"Pakistan"	"Karachi"	1	0	1	20524	17086	37610	147282	226629	373911
"2014.08.23"	"Afghanistan"	"Kabul"	0	10	10	20524	17096	37620	147282	226639	373921
"2014.08.24"	"Nigeria"	"Taraba"	20	85	105	20544	17181	37725	147302	226724	374026
"2014.08.24"	"Syria"	"Raqqa"	150	0	150	20694	17181	37875	147452	226724	374176
"2014.08.24"	"Iraq"	"Baghdad"	7	11	18	20701	17192	37893	147459	226735	374194
"2014.08.24"	"Iraq"	"Haditha"	4	3	7	20705	17195	37900	147463	226738	374201
"2014.08.24"	"Iraq"	"Baqubah"	2	0	2	20707	17195	37902	147465	226738	374203
"2014.08.24"	"Nigeria"	"Gwoza"	35	0	35	20742	17195	37937	147500	226738	374238
"2014.08.25"	"Nigeria"	"Kafin Hausa"	6	0	6	20748	17195	37943	147506	226738	374244
"2014.08.25"	"Nigeria"	"Gambouru"	15	3	18	20763	17198	37961	147521	226741	374262
"2014.08.25"	"Iraq"	"Baghdad"	15	32	47	20778	17230	38008	147536	226773	374309
"2014.08.25"	"Iraq"	"Hillah"	11	26	37	20789	17256	38045	147547	226799	374346
"2014.08.25"	"Iraq"	"Shaab"	2	10	12	20791	17266	38057	147549	226809	374358
"2014.08.25"	"Iraq"	"Baghdad"	15	21	36	20806	17287	38093	147564	226830	374394
"2014.08.25"	"Iraq"	"Karbala"	12	31	43	20818	17318	38136	147576	226861	374437
"2014.08.25"	"Iraq"	"Qayara"	3	0	3	20821	17318	38139	147579	226861	374440
"2014.08.25"	"Nigeria"	"Ashigashya"	3	0	3	20824	17318	38142	147582	226861	374443
"2014.08.25"	"Pakistan"	"Jamrud"	2	1	3	20826	17319	38145	147584	226862	374446
"2014.08.25"	"Kenya"	"Garissa"	1	1	2	20827	17320	38147	147585	226863	374448
"2014.08.25"	"Iraq"	"Mosul"	3	0	3	20830	17320	38150	147588	226863	374451
"2014.08.26"	"Afghanistan"	"Farah"	1	0	1	20831	17320	38151	147589	226863	374452
"2014.08.26"	"Iraq"	"Abbasi"	12	0	12	20843	17320	38163	147601	226863	374464
"2014.08.26"	"Iraq"	"Baghdad"	15	37	52	20858	17357	38215	147616	226900	374516
"2014.08.26"	"Iraq"	"Mosul"	5	0	5	20863	17357	38220	147621	226900	374521
"2014.08.27"	"Afghanistan"	"Aqcha"	1	4	5	20864	17361	38225	147622	226904	374526
"2014.08.27"	"Iraq"	"Ramadi"	6	0	6	20870	17361	38231	147628	226904	374532
"2014.08.27"	"Iraq"	"Habbaniyah"	7	2	9	20877	17363	38240	147635	226906	374541
"2014.08.27"	"Pakistan"	"Korangi"	2	0	2	20879	17363	38242	147637	226906	374543
"2014.08.27"	"Bangladesh"	"Dhaka"	1	0	1	20880	17363	38243	147638	226906	374544
"2014.08.28"	"Lebanon"	"Arsal"	1	0	1	20881	17363	38244	147639	226906	374545
"2014.08.28"	"Iraq"	"Mosul"	7	0	7	20888	17363	38251	147646	226906	374552
"2014.08.28"	"Iraq"	"Hillah"	4	0	4	20892	17363	38255	147650	226906	374556
"2014.08.28"	"Pakistan"	"Awaran"	6	7	13	20898	17370	38268	147656	226913	374569
"2014.08.28"	"Nigeria"	"Bauchi"	2	1	3	20900	17371	38271	147658	226914	374572
"2014.08.28"	"Syria"	"Raqqa"	250	0	250	21150	17371	38521	147908	226914	374822
"2014.08.28"	"Syria"	"Raqqa"	7	0	7	21157	17371	38528	147915	226914	374829
"2014.08.28"	"Thailand"	"Pattani"	1	2	3	21158	17373	38531	147916	226916	374832
"2014.08.29"	"Iraq"	"Mosul"	2	0	2	21160	17373	38533	147918	226916	374834
"2014.08.29"	"Iraq"	"Tuz Khurmatu"	8	30	38	21168	17403	38571	147926	226946	374872
"2014.08.29"	"Iraq"	"Wahda"	6	0	6	21174	17403	38577	147932	226946	374878
"2014.08.29"	"Yemen"	"Lahj"	2	0	2	21176	17403	38579	147934	226946	374880
"2014.08.30"	"Nigeria"	"Borno"	14	215	229	21190	17618	38808	147948	227161	375109
"2014.08.30"	"Lebanon"	"Arsal"	1	0	1	21191	17618	38809	147949	227161	375110
"2014.08.30"	"Afghanistan"	"Jalalabad"	6	33	39	21197	17651	38848	147955	227194	375149
"2014.08.30"	"Nigeria"	"Gamboru Ngala"	40	0	40	21237	17651	38888	147995	227194	375189
"2014.08.30"	"Iraq"	"Yousifiya"	11	24	35	21248	17675	38923	148006	227218	375224
"2014.08.30"	"Afghanistan"	"Robaat"	12	5	17	21260	17680	38940	148018	227223	375241
"2014.08.31"	"Iraq"	"Ramadi"	37	38	75	21297	17718	39015	148055	227261	375316
"2014.08.31"	"Iraq"	"Fallujah"	3	13	16	21300	17731	39031	148058	227274	375332
"2014.08.31"	"Somalia"	"Mogadishu"	5	12	17	21305	17743	39048	148063	227286	375349
"2014.08.31"	"Yemen"	"Shabwa"	6	2	8	21311	17745	39056	148069	227288	375357
"2014.08.31"	"Syria"	"Aleppo"	1	0	1	21312	17745	39057	148070	227288	375358
"2014.08.31"	"Libya"	"Benghazi"	10	25	35	21322	17770	39092	148080	227313	375393
"2014.08.31"	"Thailand"	"Pattani"	1	1	2	21323	17771	39094	148081	227314	375395
"2014.08.31"	"Iraq"	"Jalula"	4	24	28	21327	17795	39122	148085	227338	375423
"2014.08.31"	"Pakistan"	"Sialkot"	3	0	3	21330	17795	39125	148088	227338	375426
"2014.08.31"	"Iraq"	"Saadiya"	19	0	19	21349	17795	39144	148107	227338	375445
"2014.09.01"	"Sudan"	"Kalma"	2	4	6	21351	17799	39150	148109	227342	375451
"2014.09.01"	"Nigeria"	"Madagali"	350	0	350	21701	17799	39500	148459	227342	375801
"2014.09.01"	"Iraq"	"Bartala"	1	0	1	21702	17799	39501	148460	227342	375802
"2014.09.01"	"Egypt"	"Sinai"	4	0	4	21706	17799	39505	148464	227342	375806
"2014.09.01"	"Syria"	"Aleppo"	31	0	31	21737	17799	39536	148495	227342	375837
"2014.09.01"	"Iraq"	"Bayaa"	13	45	58	21750	17844	39594	148508	227387	375895
"2014.09.01"	"Iraq"	"Hawija"	6	0	6	21756	17844	39600	148514	227387	375901
"2014.09.01"	"Nigeria"	"Bama"	59	0	59	21815	17844	39659	148573	227387	375960
"2014.09.01"	"Yemen"	"Shibam"	3	0	3	21818	17844	39662	148576	227387	375963
"2014.09.01"	"Iraq"	"Sinjar"	600	0	600	22418	17844	40262	149176	227387	376563
"2014.09.02"	"Pakistan"	"Karachi"	1	0	1	22419	17844	40263	149177	227387	376564
"2014.09.02"	"Nigeria"	"Bama"	120	35	155	22539	17879	40418	149297	227422	376719
"2014.09.02"	"Iraq"	"Fallujah"	3	17	20	22542	17896	40438	149300	227439	376739
"2014.09.02"	"Nigeria"	"Eggon"	55	100	155	22597	17996	40593	149355	227539	376894
"2014.09.02"	"Egypt"	"al-Wefaq"	11	2	13	22608	17998	40606	149366	227541	376907
"2014.09.02"	"Libya"	"Banghazi"	20	36	56	22628	18034	40662	149386	227577	376963
"2014.09.02"	"Syria"	"Taftanaz"	1	0	1	22629	18034	40663	149387	227577	376964
"2014.09.02"	"Nigeria"	"Bama"	2	0	2	22631	18034	40665	149389	227577	376966
"2014.09.02"	"CAR"	"Nana Bakassa"	5	5	10	22636	18039	40675	149394	227582	376976
"2014.09.02"	"Pakistan"	"Waziristan"	1	0	1	22637	18039	40676	149395	227582	376977
"2014.09.02"	"Dagestan"	"Makhachkala"	5	0	5	22642	18039	40681	149400	227582	376982
"2014.09.03"	"Afghanistan"	"Kunar"	7	0	7	22649	18039	40688	149407	227582	376989
"2014.09.03"	"Iraq"	"Ramadi"	16	0	16	22665	18039	40704	149423	227582	377005
"2014.09.03"	"Iraq"	"Fallujah"	5	13	18	22670	18052	40722	149428	227595	377023
"2014.09.03"	"Egypt"	"al-Arish"	1	0	1	22671	18052	40723	149429	227595	377024
"2014.09.03"	"Pakistan"	"Mardan"	1	0	1	22672	18052	40724	149430	227595	377025
"2014.09.04"	"Nigeria"	"Kawuri"	30	0	30	22702	18052	40754	149460	227595	377055
"2014.09.04"	"Iraq"	"Baghdad"	11	32	43	22713	18084	40797	149471	227627	377098
"2014.09.04"	"Iraq"	"Karrada"	6	17	23	22719	18101	40820	149477	227644	377121
"2014.09.04"	"Iraq"	"Sulaiman Bek"	35	0	35	22754	18101	40855	149512	227644	377156
"2014.09.04"	"Iraq"	"Mosul"	14	0	14	22768	18101	40869	149526	227644	377170
"2014.09.04"	"Iraq"	"Tikrit"	7	17	24	22775	18118	40893	149533	227661	377194
"2014.09.04"	"Afghanistan"	"Ghazni"	18	154	172	22793	18272	41065	149551	227815	377366
"2014.09.05"	"Iraq"	"Ameriya"	3	9	12	22796	18281	41077	149554	227824	377378
"2014.09.05"	"Iraq"	"Mosul"	6	0	6	22802	18281	41083	149560	227824	377384
"2014.09.05"	"Pakistan"	"Karachi"	2	0	2	22804	18281	41085	149562	227824	377386
"2014.09.05"	"Pakistan"	"Rawalpindi"	1	0	1	22805	18281	41086	149563	227824	377387
"2014.09.05"	"Nigeria"	"Borno"	2	0	2	22807	18281	41088	149565	227824	377389
"2014.09.05"	"Syria"	"Ashara"	1	0	1	22808	18281	41089	149566	227824	377390
"2014.09.06"	"Nigeria"	"Gulak"	100	0	100	22908	18281	41189	149666	227824	377490
"2014.09.06"	"Libya"	"Warshefana"	12	10	22	22920	18291	41211	149678	227834	377512
"2014.09.06"	"Pakistan"	"Azizabad"	2	0	2	22922	18291	41213	149680	227834	377514
"2014.09.06"	"Lebanon"	"Arsal"	1	0	1	22923	18291	41214	149681	227834	377515
"2014.09.06"	"Pakistan"	"Karachi"	1	7	8	22924	18298	41222	149682	227841	377523
"2014.09.06"	"Yemen"	"Jawf"	20	22	42	22944	18320	41264	149702	227863	377565
"2014.09.06"	"Pakistan"	"Peshawar"	1	0	1	22945	18320	41265	149703	227863	377566
"2014.09.07"	"Syria"	"Aleppo"	5	30	35	22950	18350	41300	149708	227893	377601
"2014.09.07"	"Syria"	"Aleppo"	3	9	12	22953	18359	41312	149711	227902	377613
"2014.09.07"	"Iraq"	"Mosul"	40	0	40	22993	18359	41352	149751	227902	377653
"2014.09.07"	"Iraq"	"Miqdadiya"	2	2	4	22995	18361	41356	149753	227904	377657
"2014.09.07"	"Pakistan"	"Sargodha"	3	7	10	22998	18368	41366	149756	227911	377667
"2014.09.07"	"Yemen"	"al-Baida"	2	0	2	23000	18368	41368	149758	227911	377669
"2014.09.07"	"Nigeria"	"Michika"	60	0	60	23060	18368	41428	149818	227911	377729
"2014.09.07"	"Nigeria"	"Mbar"	4	0	4	23064	18368	41432	149822	227911	377733
"2014.09.08"	"Iraq"	"Dhuluieh"	17	71	88	23081	18439	41520	149839	227982	377821
"2014.09.08"	"Afghanistan"	"Kandahar"	3	6	9	23084	18445	41529	149842	227988	377830
"2014.09.08"	"Somalia"	"Mogadishu"	12	27	39	23096	18472	41568	149854	228015	377869
"2014.09.09"	"Syria"	"Ram Hamdan"	45	5	50	23141	18477	41618	149899	228020	377919
"2014.09.09"	"CAR"	"Ngakobo"	13	0	13	23154	18477	41631	149912	228020	377932
"2014.09.09"	"Libya"	"Benghazi"	5	7	12	23159	18484	41643	149917	228027	377944
"2014.09.09"	"Yemen"	"Qattan"	4	6	10	23163	18490	41653	149921	228033	377954
"2014.09.09"	"Syria"	"Damascus"	5	22	27	23168	18512	41680	149926	228055	377981
"2014.09.09"	"Iraq"	"Mosul"	5	0	5	23173	18512	41685	149931	228055	377986
"2014.09.09"	"Iraq"	"Amerli"	6	0	6	23179	18512	41691	149937	228055	377992
"2014.09.09"	"Nigeria"	"Baza"	24	14	38	23203	18526	41729	149961	228069	378030
"2014.09.09"	"Pakistan"	"Karachi"	2	0	2	23205	18526	41731	149963	228069	378032
"2014.09.09"	"Iraq"	"Mosul"	2	0	2	23207	18526	41733	149965	228069	378034
"2014.09.09"	"Iraq"	"Mosul"	1	0	1	23208	18526	41734	149966	228069	378035
"2014.09.10"	"Iraq"	"Baghdad"	5	9	14	23213	18535	41748	149971	228078	378049
"2014.09.10"	"Iraq"	"Baghdad"	14	35	49	23227	18570	41797	149985	228113	378098
"2014.09.10"	"Iraq"	"Baghdad"	6	0	6	23233	18570	41803	149991	228113	378104
"2014.09.10"	"Iraq"	"Mosul"	31	0	31	23264	18570	41834	150022	228113	378135
"2014.09.10"	"Iraq"	"Zumar"	35	0	35	23299	18570	41869	150057	228113	378170
"2014.09.10"	"Iraq"	"Barzak"	14	0	14	23313	18570	41883	150071	228113	378184
"2014.09.10"	"Pakistan"	"Karachi"	1	0	1	23314	18570	41884	150072	228113	378185
"2014.09.10"	"Pakistan"	"Sharifabad"	1	0	1	23315	18570	41885	150073	228113	378186
"2014.09.10"	"Pakistan"	"Damadola"	1	0	1	23316	18570	41886	150074	228113	378187
"2014.09.10"	"Egypt"	"Ansar beit al Maqdis"	1	0	1	23317	18570	41887	150075	228113	378188
"2014.09.10"	"Pakistan"	"Karachi"	1	1	2	23318	18571	41889	150076	228114	378190
"2014.09.11"	"Iraq"	"Diwaniyah"	6	16	22	23324	18587	41911	150082	228130	378212
"2014.09.11"	"Iraq"	"Karbalah"	3	12	15	23327	18599	41926	150085	228142	378227
"2014.09.11"	"Iraq"	"Najaf"	5	12	17	23332	18611	41943	150090	228154	378244
"2014.09.11"	"Iraq"	"Baghdad"	13	41	54	23345	18652	41997	150103	228195	378298
"2014.09.11"	"Pakistan"	"Tank"	1	0	1	23346	18652	41998	150104	228195	378299
"2014.09.11"	"Pakistan"	"Orangi"	2	0	2	23348	18652	42000	150106	228195	378301
"2014.09.11"	"Thailand"	"Pattani"	1	0	1	23349	18652	42001	150107	228195	378302
"2014.09.11"	"Iraq"	"Mosul"	7	0	7	23356	18652	42008	150114	228195	378309
"2014.09.11"	"Thailand"	"Pattani"	4	5	9	23360	18657	42017	150118	228200	378318
"2014.09.11"	"Philippines"	"North Cotabato"	2	0	2	23362	18657	42019	150120	228200	378320
"2014.09.12"	"Libya"	"Benghazi"	1	0	1	23363	18657	42020	150121	228200	378321
"2014.09.12"	"Afghanistan"	"Badakhshan"	6	3	9	23369	18660	42029	150127	228203	378330
"2014.09.12"	"Iraq"	"Rashid"	4	0	4	23373	18660	42033	150131	228203	378334
"2014.09.13"	"Syria"	"Aleppo"	1	0	1	23374	18660	42034	150132	228203	378335
"2014.09.13"	"Nigeria"	"Ngom"	25	16	41	23399	18676	42075	150157	228219	378376
"2014.09.13"	"Iraq"	"Ghadeer"	3	1	4	23402	18677	42079	150160	228220	378380
"2014.09.14"	"Pakistan"	"Karachi"	1	0	1	23403	18677	42080	150161	228220	378381
"2014.09.14"	"Pakistan"	"Karachi"	1	0	1	23404	18677	42081	150162	228220	378382
"2014.09.14"	"Nigeria"	"Tunari"	20	40	60	23424	18717	42141	150182	228260	378442
"2014.09.14"	"Pakistan"	"Spinwam"	3	0	3	23427	18717	42144	150185	228260	378445
"2014.09.14"	"Iraq"	"al-Jumasah"	8	0	8	23435	18717	42152	150193	228260	378453
"2014.09.14"	"Mali"	"Aguelhoc"	1	3	4	23436	18720	42156	150194	228263	378457
"2014.09.14"	"Thailand"	"Narathiwat"	1	1	2	23437	18721	42158	150195	228264	378459
"2014.09.14"	"Iraq"	"Baghdad"	5	0	5	23442	18721	42163	150200	228264	378464
"2014.09.14"	"Pakistan"	"Nasir Bagh"	1	0	1	23443	18721	42164	150201	228264	378465
"2014.09.14"	"Iraq"	"Zab"	1	0	1	23444	18721	42165	150202	228264	378466
"2014.09.14"	"Pakistan"	"Bara"	2	0	2	23446	18721	42167	150204	228264	378468
"2014.09.14"	"Nigeria"	"Bokkos"	5	0	5	23451	18721	42172	150209	228264	378473
"2014.09.15"	"Pakistan"	"Swat"	3	0	3	23454	18721	42175	150212	228264	378476
"2014.09.15"	"Yemen"	"Jawf"	25	0	25	23479	18721	42200	150237	228264	378501
"2014.09.15"	"Afghanistan"	"Shahid Hasas"	1	0	1	23480	18721	42201	150238	228264	378502
"2014.09.15"	"Iraq"	"Baghdad"	3	15	18	23483	18736	42219	150241	228279	378520
"2014.09.15"	"Iraq"	"Mosul"	3	0	3	23486	18736	42222	150244	228279	378523
"2014.09.15"	"India"	"Poonch"	1	5	6	23487	18741	42228	150245	228284	378529
"2014.09.15"	"Pakistan"	"Tal"	1	2	3	23488	18743	42231	150246	228286	378532
"2014.09.15"	"Pakistan"	"Dera Ismail Khan"	3	0	3	23491	18743	42234	150249	228286	378535
"2014.09.15"	"Afghanistan"	"Baghlan"	1	7	8	23492	18750	42242	150250	228293	378543
"2014.09.15"	"Pakistan"	"Pishan"	1	0	1	23493	18750	42243	150251	228293	378544
"2014.09.15"	"Iraq"	"Mosul"	1	0	1	23494	18750	42244	150252	228293	378545
"2014.09.16"	"Iraq"	"Duluiya"	7	0	7	23501	18750	42251	150259	228293	378552
"2014.09.16"	"Iraq"	"Fallujah"	7	27	34	23508	18777	42285	150266	228320	378586
"2014.09.16"	"Nigeria"	"Fadan Karshi Daji"	33	4	37	23541	18781	42322	150299	228324	378623
"2014.09.16"	"Afghanistan"	"Herat"	6	6	12	23547	18787	42334	150305	228330	378635
"2014.09.16"	"Turkey"	"Bab al-Salam"	7	24	31	23554	18811	42365	150312	228354	378666
"2014.09.16"	"Israel"	"Petah Tikva"	1	0	1	23555	18811	42366	150313	228354	378667
"2014.09.16"	"Egypt"	"Rafah"	6	2	8	23561	18813	42374	150319	228356	378675
"2014.09.16"	"Afghanistan"	"Kabul"	7	20	27	23568	18833	42401	150326	228376	378702
"2014.09.17"	"Libya"	"Benghazi"	9	30	39	23577	18863	42440	150335	228406	378741
"2014.09.17"	"Nigeria"	"Kano"	17	34	51	23594	18897	42491	150352	228440	378792
"2014.09.17"	"Iraq"	"Ramadi"	7	5	12	23601	18902	42503	150359	228445	378804
"2014.09.17"	"Pakistan"	"Sarki"	1	0	1	23602	18902	42504	150360	228445	378805
"2014.09.17"	"Iraq"	"Tikrit"	7	0	7	23609	18902	42511	150367	228445	378812
"2014.09.17"	"Iraq"	"Tarmiyah"	8	16	24	23617	18918	42535	150375	228461	378836
"2014.09.17"	"Iraq"	"Baghdad"	5	20	25	23622	18938	42560	150380	228481	378861
"2014.09.17"	"Nigeria"	"Fadan-Karshi"	12	4	16	23634	18942	42576	150392	228485	378877
"2014.09.17"	"Nigeria"	"Ungwar Ganye"	2	15	17	23636	18957	42593	150394	228500	378894
"2014.09.18"	"Iraq"	"Baghdad"	23	50	73	23659	19007	42666	150417	228550	378967
"2014.09.18"	"Pakistan"	"Karachi"	1	0	1	23660	19007	42667	150418	228550	378968
"2014.09.18"	"Mali"	"Kidal"	5	3	8	23665	19010	42675	150423	228553	378976
"2014.09.19"	"Pakistan"	"Karachi"	1	0	1	23666	19010	42676	150424	228553	378977
"2014.09.19"	"Cameroon"	"Ganse"	4	0	4	23670	19010	42680	150428	228553	378981
"2014.09.19"	"Nigeria"	"Mainok"	36	16	52	23706	19026	42732	150464	228569	379033
"2014.09.19"	"Thailand"	"Pattani"	1	0	1	23707	19026	42733	150465	228569	379034
"2014.09.19"	"Yemen"	"Sanaa"	50	0	50	23757	19026	42783	150515	228569	379084
"2014.09.19"	"Pakistan"	"Gadap"	1	2	3	23758	19028	42786	150516	228571	379087
"2014.09.19"	"Libya"	"Benghazi"	2	0	2	23760	19028	42788	150518	228571	379089
"2014.09.19"	"Lebanon"	"Arsal"	3	0	3	23763	19028	42791	150521	228571	379092
"2014.09.19"	"Afghanistan"	"Baghlan"	6	12	18	23769	19040	42809	150527	228583	379110
"2014.09.19"	"Iraq"	"Karradah"	9	18	27	23778	19058	42836	150536	228601	379137
"2014.09.19"	"Iraq"	"Mahmoudiyah"	3	10	13	23781	19068	42849	150539	228611	379150
"2014.09.19"	"Iraq"	"Baghdad"	9	23	32	23790	19091	42881	150548	228634	379182
"2014.09.19"	"Iraq"	"Kirkuk"	10	14	24	23800	19105	42905	150558	228648	379206
"2014.09.19"	"Iraq"	"Tikrit"	12	7	19	23812	19112	42924	150570	228655	379225
"2014.09.19"	"Pakistan"	"Karachi"	2	0	2	23814	19112	42926	150572	228655	379227
"2014.09.20"	"Egypt"	"al-Arish"	1	0	1	23815	19112	42927	150573	228655	379228
"2014.09.20"	"Lebanon"	"Khraybeh"	3	3	6	23818	19115	42933	150576	228658	379234
"2014.09.20"	"Lebanon"	"Arsal"	1	0	1	23819	19115	42934	150577	228658	379235
"2014.09.20"	"Somalia"	"Mogadishu"	2	1	3	23821	19116	42937	150579	228659	379238
"2014.09.20"	"Libya"	"Benghazi"	8	0	8	23829	19116	42945	150587	228659	379246
"2014.09.21"	"Iraq"	"Tigris"	7	3	10	23836	19119	42955	150594	228662	379256
"2014.09.21"	"Iraq"	"Tikrit"	7	43	50	23843	19162	43005	150601	228705	379306
"2014.09.21"	"Iraq"	"Baghdad"	6	17	23	23849	19179	43028	150607	228722	379329
"2014.09.21"	"Iraq"	"Baghdad"	4	11	15	23853	19190	43043	150611	228733	379344
"2014.09.21"	"Iraq"	"Baghdad"	3	7	10	23856	19197	43053	150614	228740	379354
"2014.09.21"	"Iraq"	"Mosul"	7	0	7	23863	19197	43060	150621	228740	379361
"2014.09.21"	"Pakistan"	"Punjab"	2	1	3	23865	19198	43063	150623	228741	379364
"2014.09.21"	"Cameroon"	"Tourou"	19	0	19	23884	19198	43082	150642	228741	379383
"2014.09.21"	"China"	"Xinjiang"	10	54	64	23894	19252	43146	150652	228795	379447
"2014.09.21"	"Iraq"	"Sijir"	89	43	132	23983	19295	43278	150741	228838	379579
"2014.09.21"	"Egypt"	"Cairo"	3	6	9	23986	19301	43287	150744	228844	379588
"2014.09.21"	"Libya"	"Derna"	12	4	16	23998	19305	43303	150756	228848	379604
"2014.09.22"	"Iraq"	"Baghdad"	12	25	37	24010	19330	43340	150768	228873	379641
"2014.09.22"	"Iraq"	"Diyala"	4	0	4	24014	19330	43344	150772	228873	379645
"2014.09.22"	"Iraq"	"Saqlawiya"	300	102	402	24314	19432	43746	151072	228975	380047
"2014.09.22"	"Pakistan"	"Hangu"	4	0	4	24318	19432	43750	151076	228975	380051
"2014.09.23"	"Afghanistan"	"Ghazni"	1	0	1	24319	19432	43751	151077	228975	380052
"2014.09.23"	"Pakistan"	"Peshawar"	3	9	12	24322	19441	43763	151080	228984	380064
"2014.09.23"	"Nigeria"	"Nasarawa"	10	0	10	24332	19441	43773	151090	228984	380074
"2014.09.23"	"Iraq"	"Sadr City"	18	41	59	24350	19482	43832	151108	229025	380133
"2014.09.23"	"Iraq"	"Duluiya"	3	0	3	24353	19482	43835	151111	229025	380136
"2014.09.23"	"Pakistan"	"Mirpurkhas"	1	0	1	24354	19482	43836	151112	229025	380137
"2014.09.23"	"Pakistan"	"Peshawar"	5	29	34	24359	19511	43870	151117	229054	380171
"2014.09.24"	"Algeria"	"Djurdjura"	1	0	1	24360	19511	43871	151118	229054	380172
"2014.09.24"	"Iraq"	"Tikrit"	12	8	20	24372	19519	43891	151130	229062	380192
"2014.09.24"	"Iraq"	"Baiji"	9	0	9	24381	19519	43900	151139	229062	380201
"2014.09.24"	"Australia"	"Melbourne"	0	2	2	24381	19521	43902	151139	229064	380203
"2014.09.24"	"Thailand"	"Pattani"	1	0	1	24382	19521	43903	151140	229064	380204
"2014.09.24"	"Iraq"	"Babilan"	19	39	58	24401	19560	43961	151159	229103	380262
"2014.09.24"	"Mali"	"Zouera"	1	0	1	24402	19560	43962	151160	229103	380263
"2014.09.24"	"Nigeria"	"Shaffa"	20	0	20	24422	19560	43982	151180	229103	380283
"2014.09.24"	"Syria"	"Kobani"	1	0	1	24423	19560	43983	151181	229103	380284
"2014.09.24"	"Syria"	"Kobani"	2	0	2	24425	19560	43985	151183	229103	380286
"2014.09.25"	"Iraq"	"Kobani"	40	0	40	24465	19560	44025	151223	229103	380326
"2014.09.25"	"Iraq"	"Rutbah"	2	0	2	24467	19560	44027	151225	229103	380328
"2014.09.25"	"Iraq"	"Mahmoudiya"	5	23	28	24472	19583	44055	151230	229126	380356
"2014.09.25"	"Iraq"	"Yathrib"	2	0	2	24474	19583	44057	151232	229126	380358
"2014.09.25"	"Pakistan"	"Hayatabad"	1	0	1	24475	19583	44058	151233	229126	380359
"2014.09.25"	"USA"	"Moore"	1	1	2	24476	19584	44060	151234	229127	380361
"2014.09.25"	"Afghanistan"	"Maimana"	1	18	19	24477	19602	44079	151235	229145	380380
"2014.09.25"	"Iraq"	"Mosul"	1	0	1	24478	19602	44080	151236	229145	380381
"2014.09.25"	"Pakistan"	"Karachi"	2	7	9	24480	19609	44089	151238	229152	380390
"2014.09.25"	"Pakistan"	"Rawalpindi"	1	1	2	24481	19610	44091	151239	229153	380392
"2014.09.25"	"Afghanistan"	"Ghazni"	15	0	15	24496	19610	44106	151254	229153	380407
"2014.09.25"	"Israel"	"Ramle"	1	0	1	24497	19610	44107	151255	229153	380408
"2014.09.26"	"Iraq"	"Kobani"	50	50	100	24547	19660	44207	151305	229203	380508
"2014.09.26"	"Afghanistan"	"Ghazni"	100	0	100	24647	19660	44307	151405	229203	380608
"2014.09.26"	"Pakistan"	"Daweezi"	3	0	3	24650	19660	44310	151408	229203	380611
"2014.09.26"	"Somalia"	"Barawe"	1	0	1	24651	19660	44311	151409	229203	380612
"2014.09.27"	"Iraq"	"Mahmudiyah"	12	24	36	24663	19684	44347	151421	229227	380648
"2014.09.27"	"Iraq"	"Tikrit"	13	4	17	24676	19688	44364	151434	229231	380665
"2014.09.27"	"Iraq"	"Tuz Khormato"	3	10	13	24679	19698	44377	151437	229241	380678
"2014.09.27"	"Jordan"	"Amman"	1	0	1	24680	19698	44378	151438	229241	380679
"2014.09.27"	"Nigeria"	"Makurdi"	12	3	15	24692	19701	44393	151450	229244	380694
"2014.09.27"	"Iraq"	"Baghdad"	4	0	4	24696	19701	44397	151454	229244	380698
"2014.09.28"	"Iraq"	"Shirqat"	6	0	6	24702	19701	44403	151460	229244	380704
"2014.09.28"	"Iraq"	"Baiji"	21	0	21	24723	19701	44424	151481	229244	380725
"2014.09.28"	"Iraq"	"Mosul"	4	0	4	24727	19701	44428	151485	229244	380729
"2014.09.28"	"Pakistan"	"Mattani"	1	1	2	24728	19702	44430	151486	229245	380731
"2014.09.28"	"Algeria"	"Telagh"	2	0	2	24730	19702	44432	151488	229245	380733
"2014.09.28"	"Yemen"	"al-Baida"	6	0	6	24736	19702	44438	151494	229245	380739
"2014.09.28"	"Pakistan"	"Hangu"	8	14	22	24744	19716	44460	151502	229259	380761
"2014.09.28"	"Pakistan"	"Jawzjan"	5	3	8	24749	19719	44468	151507	229262	380769
"2014.09.28"	"Yemen"	"Marib"	15	25	40	24764	19744	44508	151522	229287	380809
"2014.09.29"	"Saudi Arabia"	"Awamiya"	1	0	1	24765	19744	44509	151523	229287	380810
"2014.09.29"	"Afghanistan"	"Paktia"	8	10	18	24773	19754	44527	151531	229297	380828
"2014.09.29"	"Iraq"	"Tikrit"	5	0	5	24778	19754	44532	151536	229297	380833
"2014.09.29"	"Iraq"	"Riyadh"	7	0	7	24785	19754	44539	151543	229297	380840
"2014.09.29"	"Afghanistan"	"Kabul"	7	13	20	24792	19767	44559	151550	229310	380860
"2014.09.29"	"Pakistan"	"Charsadda"	2	0	2	24794	19767	44561	151552	229310	380862
"2014.09.29"	"Pakistan"	"Tirah"	5	3	8	24799	19770	44569	151557	229313	380870
"2014.09.29"	"Iran"	"Tehran"	1	0	1	24800	19770	44570	151558	229313	380871
"2014.09.29"	"Sudan"	"Khartoum"	1	0	1	24801	19770	44571	151559	229313	380872
"2014.09.29"	"Nigeria"	"Michika"	40	0	40	24841	19770	44611	151599	229313	380912
"2014.09.29"	"Somalia"	"Beledweyn"	1	0	1	24842	19770	44612	151600	229313	380913
"2014.09.30"	"Iraq"	"Baghdad"	20	35	55	24862	19805	44667	151620	229348	380968
"2014.09.30"	"Iraq"	"Baghdad"	5	15	20	24867	19820	44687	151625	229363	380988
"2014.09.30"	"Iraq"	"Karbala"	8	13	21	24875	19833	44708	151633	229376	381009
"2014.09.30"	"Iraq"	"Iskandariyah"	5	13	18	24880	19846	44726	151638	229389	381027
"2014.09.30"	"Iraq"	"Khanaqin"	4	12	16	24884	19858	44742	151642	229401	381043
"2014.09.30"	"Georgia"	"Pankisi Gorge"	0	1	1	24884	19859	44743	151642	229402	381044
"2014.09.30"	"Syria"	"Kobane"	9	0	9	24893	19859	44752	151651	229402	381053
"2014.10.01"	"Syria"	"Kobani"	1	0	1	24894	19859	44753	151652	229402	381054
"2014.10.01"	"Pakistan"	"Karachi"	1	0	1	24895	19859	44754	151653	229402	381055
"2014.10.01"	"Iraq"	"Baghdad"	15	40	55	24910	19899	44809	151668	229442	381110
"2014.10.01"	"Iraq"	"Baghdad"	7	24	31	24917	19923	44840	151675	229466	381141
"2014.10.01"	"Afghanistan"	"Kabul"	8	21	29	24925	19944	44869	151683	229487	381170
"2014.10.01"	"Iraq"	"Jubur"	7	30	37	24932	19974	44906	151690	229517	381207
"2014.10.01"	"Syria"	"Homs"	45	74	119	24977	20048	45025	151735	229591	381326
"2014.10.01"	"Pakistan"	"Shabqadar"	1	2	3	24978	20050	45028	151736	229593	381329
"2014.10.02"	"Nigeria"	"Fang"	3	0	3	24981	20050	45031	151739	229593	381332
"2014.10.02"	"Afghanistan"	"Kabul"	3	7	10	24984	20057	45041	151742	229600	381342
"2014.10.02"	"Pakistan"	"Haramosh"	3	10	13	24987	20067	45054	151745	229610	381355
"2014.10.02"	"Libya"	"Benghazi"	29	70	99	25016	20137	45153	151774	229680	381454
"2014.10.02"	"Pakistan"	"Peshawar"	7	6	13	25023	20143	45166	151781	229686	381467
"2014.10.02"	"Libya"	"Banghazi"	7	48	55	25030	20191	45221	151788	229734	381522
"2014.10.02"	"Iraq"	"Hit"	42	32	74	25072	20223	45295	151830	229766	381596
"2014.10.02"	"Nigeria"	"Kano"	1	0	1	25073	20223	45296	151831	229766	381597
"2014.10.03"	"Nigeria"	"Michika"	70	0	70	25143	20223	45366	151901	229766	381667
"2014.10.03"	"Libya"	"Benghazi"	12	45	57	25155	20268	45423	151913	229811	381724
"2014.10.03"	"Iraq"	"Mosul"	1	0	1	25156	20268	45424	151914	229811	381725
"2014.10.03"	"Nigeria"	"Yola"	1	0	1	25157	20268	45425	151915	229811	381726
"2014.10.03"	"Iraq"	"Beiji"	2	0	2	25159	20268	45427	151917	229811	381728
"2014.10.03"	"Mali"	"Gao"	9	0	9	25168	20268	45436	151926	229811	381737
"2014.10.03"	"Nigeria"	"Bachit"	13	0	13	25181	20268	45449	151939	229811	381750
"2014.10.03"	"Iraq"	"Kobani"	1	0	1	25182	20268	45450	151940	229811	381751
"2014.10.03"	"Nigeria"	"Dum"	2	0	2	25184	20268	45452	151942	229811	381753
"2014.10.04"	"Libya"	"Benghazi"	4	5	9	25188	20273	45461	151946	229816	381762
"2014.10.04"	"Iraq"	"Mansouriya"	4	14	18	25192	20287	45479	151950	229830	381780
"2014.10.04"	"Iraq"	"Tarmiya"	7	18	25	25199	20305	45504	151957	229848	381805
"2014.10.04"	"Iraq"	"Baiji"	12	24	36	25211	20329	45540	151969	229872	381841
"2014.10.04"	"Pakistan"	"Hafizabad"	1	0	1	25212	20329	45541	151970	229872	381842
"2014.10.04"	"Pakistan"	"Karachi"	2	0	2	25214	20329	45543	151972	229872	381844
"2014.10.04"	"Pakistan"	"Kohat"	6	17	23	25220	20346	45566	151978	229889	381867
"2014.10.04"	"Pakistan"	"Quetta"	5	30	35	25225	20376	45601	151983	229919	381902
"2014.10.04"	"Pakistan"	"Swat"	2	0	2	25227	20376	45603	151985	229919	381904
"2014.10.05"	"DRC"	"Beni"	7	14	21	25234	20390	45624	151992	229933	381925
"2014.10.05"	"Chechnya"	"Grozny"	5	12	17	25239	20402	45641	151997	229945	381942
"2014.10.05"	"Egypt"	"Sinai"	4	0	4	25243	20402	45645	152001	229945	381946
"2014.10.05"	"Iraq"	"Mosul"	14	0	14	25257	20402	45659	152015	229945	381960
"2014.10.05"	"Iraq"	"Anbar"	6	0	6	25263	20402	45665	152021	229945	381966
"2014.10.05"	"Iraq"	"Hit"	6	0	6	25269	20402	45671	152027	229945	381972
"2014.10.05"	"Nigeria"	"Sharbutu"	3	0	3	25272	20402	45674	152030	229945	381975
"2014.10.06"	"Libya"	"Banghazi"	5	0	5	25277	20402	45679	152035	229945	381980
"2014.10.06"	"Nigeria"	"Ngambi"	7	0	7	25284	20402	45686	152042	229945	381987
"2014.10.06"	"Cameroon"	"Amchide"	8	24	32	25292	20426	45718	152050	229969	382019
"2014.10.06"	"Syria"	"Hasakah"	30	35	65	25322	20461	45783	152080	230004	382084
"2014.10.06"	"Egypt"	"Sheikh Zuweid"	1	0	1	25323	20461	45784	152081	230004	382085
"2014.10.06"	"Somalia"	"Jazeera"	2	0	2	25325	20461	45786	152083	230004	382087
"2014.10.07"	"Pakistan"	"Garhi Kapura"	2	0	2	25327	20461	45788	152085	230004	382089
"2014.10.07"	"Pakistan"	"Jamrud"	1	0	1	25328	20461	45789	152086	230004	382090
"2014.10.07"	"Iraq"	"Abbasiya"	17	13	30	25345	20474	45819	152103	230017	382120
"2014.10.07"	"Pakistan"	"Karachi"	2	0	2	25347	20474	45821	152105	230017	382122
"2014.10.07"	"Iraq"	"Jalawla"	5	0	5	25352	20474	45826	152110	230017	382127
"2014.10.07"	"Libya"	"Derna"	1	0	1	25353	20474	45827	152111	230017	382128
"2014.10.07"	"Mali"	"Kidal"	1	0	1	25354	20474	45828	152112	230017	382129
"2014.10.07"	"Iraq"	"Baghdad"	13	31	44	25367	20505	45872	152125	230048	382173
"2014.10.07"	"Iraq"	"Baquba"	12	0	12	25379	20505	45884	152137	230048	382185
"2014.10.07"	"Iraq"	"Mosul"	4	0	4	25383	20505	45888	152141	230048	382189
"2014.10.07"	"Iraq"	"Hit"	3	3	6	25386	20508	45894	152144	230051	382195
"2014.10.07"	"Iraq"	"Samarra"	8	10	18	25394	20518	45912	152152	230061	382213
"2014.10.07"	"Iraq"	"Diyala"	1	0	1	25395	20518	45913	152153	230061	382214
"2014.10.07"	"Iraq"	"Alam"	2	0	2	25397	20518	45915	152155	230061	382216
"2014.10.07"	"Lebanon"	"Shebaa"	0	2	2	25397	20520	45917	152155	230063	382218
"2014.10.07"	"Pakistan"	"Quetta"	2	3	5	25399	20523	45922	152157	230066	382223
"2014.10.07"	"Nigeria"	"Shonong"	6	0	6	25405	20523	45928	152163	230066	382229
"2014.10.08"	"Iraq"	"Sadr City"	10	25	35	25415	20548	45963	152173	230091	382264
"2014.10.08"	"Iraq"	"Tal Afar"	1	0	1	25416	20548	45964	152174	230091	382265
"2014.10.08"	"Iraq"	"Mosul"	2	0	2	25418	20548	45966	152176	230091	382267
"2014.10.08"	"Philippines"	"North Catabato"	2	7	9	25420	20555	45975	152178	230098	382276
"2014.10.08"	"Afghanistan"	"Paktika"	2	0	2	25422	20555	45977	152180	230098	382278
"2014.10.08"	"Afghanistan"	"Lashkar Gah"	5	19	24	25427	20574	46001	152185	230117	382302
"2014.10.08"	"Yemen"	"Baida"	10	9	19	25437	20583	46020	152195	230126	382321
"2014.10.08"	"Pakistan"	"Safi"	2	1	3	25439	20584	46023	152197	230127	382324
"2014.10.08"	"Libya"	"al-Aziziya"	8	3	11	25447	20587	46034	152205	230130	382335
"2014.10.09"	"Bangladesh"	"Nawdabash"	1	4	5	25448	20591	46039	152206	230134	382340
"2014.10.09"	"Kenya"	"Mombasa"	1	0	1	25449	20591	46040	152207	230134	382341
"2014.10.09"	"Nigeria"	"Bachi"	27	0	27	25476	20591	46067	152234	230134	382368
"2014.10.09"	"Iraq"	"Sfiftah"	9	13	22	25485	20604	46089	152243	230147	382390
"2014.10.09"	"Iraq"	"Baghdad"	2	8	10	25487	20612	46099	152245	230155	382400
"2014.10.09"	"Yemen"	"Sanaa"	47	75	122	25534	20687	46221	152292	230230	382522
"2014.10.09"	"Yemen"	"Mukalla"	20	15	35	25554	20702	46256	152312	230245	382557
"2014.10.09"	"Iraq"	"Baquba"	10	11	21	25564	20713	46277	152322	230256	382578
"2014.10.09"	"Libya"	"Benghazi"	14	0	14	25578	20713	46291	152336	230256	382592
"2014.10.10"	"Nigeria"	"Lwa"	7	0	7	25585	20713	46298	152343	230256	382599
"2014.10.10"	"Iraq"	"Baiji"	3	0	3	25588	20713	46301	152346	230256	382602
"2014.10.10"	"Iraq"	"Mosul"	1	0	1	25589	20713	46302	152347	230256	382603
"2014.10.10"	"Yemen"	"Sanaa"	14	0	14	25603	20713	46316	152361	230256	382617
"2014.10.10"	"Iraq"	"Hawija"	6	0	6	25609	20713	46322	152367	230256	382623
"2014.10.10"	"Iraq"	"Samra"	4	0	4	25613	20713	46326	152371	230256	382627
"2014.10.10"	"Pakistan"	"Millat"	2	0	2	25615	20713	46328	152373	230256	382629
"2014.10.10"	"China"	"Guma"	6	0	6	25621	20713	46334	152379	230256	382635
"2014.10.10"	"DRC"	"Oicha"	9	0	9	25630	20713	46343	152388	230256	382644
"2014.10.11"	"Iraq"	"Khazimiyah"	13	28	41	25643	20741	46384	152401	230284	382685
"2014.10.11"	"Iraq"	"Shula"	8	24	32	25651	20765	46416	152409	230308	382717
"2014.10.11"	"Iraq"	"Shula"	18	41	59	25669	20806	46475	152427	230349	382776
"2014.10.11"	"Iraq"	"Meshahda"	14	27	41	25683	20833	46516	152441	230376	382817
"2014.10.11"	"Iraq"	"Tikrit"	27	32	59	25710	20865	46575	152468	230408	382876
"2014.10.11"	"Nigeria"	"Shonong"	6	0	6	25716	20865	46581	152474	230408	382882
"2014.10.11"	"Syria"	"Kobani"	20	0	20	25736	20865	46601	152494	230408	382902
"2014.10.11"	"Yemen"	"Shibam"	3	3	6	25739	20868	46607	152497	230411	382908
"2014.10.11"	"Iraq"	"Tarmiyah"	11	21	32	25750	20889	46639	152508	230432	382940
"2014.10.11"	"Afghanistan"	"Lashkar Gah"	2	5	7	25752	20894	46646	152510	230437	382947
"2014.10.11"	"Pakistan"	"Khoshta"	1	1	2	25753	20895	46648	152511	230438	382949
"2014.10.12"	"Iraq"	"Baqubah"	6	10	16	25759	20905	46664	152517	230448	382965
"2014.10.12"	"Iraq"	"Diyala"	2	1	3	25761	20906	46667	152519	230449	382968
"2014.10.12"	"Libya"	"Kikla"	23	43	66	25784	20949	46733	152542	230492	383034
"2014.10.12"	"Syria"	"Kobani"	2	0	2	25786	20949	46735	152544	230492	383036
"2014.10.12"	"Libya"	"Benghazi"	1	1	2	25787	20950	46737	152545	230493	383038
"2014.10.12"	"Syria"	"Kobani"	1	0	1	25788	20950	46738	152546	230493	383039
"2014.10.12"	"Iraq"	"Qara Tappah"	58	107	165	25846	21057	46903	152604	230600	383204
"2014.10.12"	"Somalia"	"Mogadishu"	6	3	9	25852	21060	46912	152610	230603	383213
"2014.10.12"	"Afghanistan"	"Mazar-e-Sharif"	2	18	20	25854	21078	46932	152612	230621	383233
"2014.10.12"	"Afghanistan"	"Monogai"	3	3	6	25857	21081	46938	152615	230624	383239
"2014.10.12"	"Afghanistan"	"Alishing"	3	0	3	25860	21081	46941	152618	230624	383242
"2014.10.12"	"Afghanistan"	"Wardak"	6	8	14	25866	21089	46955	152624	230632	383256
"2014.10.12"	"China"	"Maralbeshi"	22	0	22	25888	21089	46977	152646	230632	383278
"2014.10.13"	"Iraq"	"Baghdad"	22	41	63	25910	21130	47040	152668	230673	383341
"2014.10.13"	"Iraq"	"Baghdad"	16	30	46	25926	21160	47086	152684	230703	383387
"2014.10.13"	"Iraq"	"Sadr City"	6	24	30	25932	21184	47116	152690	230727	383417
"2014.10.13"	"Iraq"	"Balad"	13	0	13	25945	21184	47129	152703	230727	383430
"2014.10.13"	"Iraq"	"Samarrah"	4	5	9	25949	21189	47138	152707	230732	383439
"2014.10.13"	"India"	"Kupwara"	1	0	1	25950	21189	47139	152708	230732	383440
"2014.10.13"	"Afghanistan"	"Nangarhar"	2	6	8	25952	21195	47147	152710	230738	383448
"2014.10.13"	"Afghanistan"	"Kabul"	1	3	4	25953	21198	47151	152711	230741	383452
"2014.10.13"	"Pakistan"	"Peshawar"	2	0	2	25955	21198	47153	152713	230741	383454
"2014.10.13"	"Afghanistan"	"Laghman"	22	15	37	25977	21213	47190	152735	230756	383491
"2014.10.13"	"Somalia"	"Mogadishu"	13	2	15	25990	21215	47205	152748	230758	383506
"2014.10.13"	"China"	"Xinjiang"	1	0	1	25991	21215	47206	152749	230758	383507
"2014.10.14"	"Iraq"	"Baghdad"	4	11	15	25995	21226	47221	152753	230769	383522
"2014.10.14"	"Iraq"	"Mosul"	3	0	3	25998	21226	47224	152756	230769	383525
"2014.10.14"	"Iraq"	"Mosul"	4	0	4	26002	21226	47228	152760	230769	383529
"2014.10.14"	"Iraq"	"Babil"	35	0	35	26037	21226	47263	152795	230769	383564
"2014.10.14"	"Iraq"	"Kadhimiyah"	21	51	72	26058	21277	47335	152816	230820	383636
"2014.10.14"	"Afghanistan"	"Badi Sambor"	0	1	1	26058	21278	47336	152816	230821	383637
"2014.10.14"	"Afghanistan"	"Kunar"	1	1	2	26059	21279	47338	152817	230822	383639
"2014.10.14"	"Afghanistan"	"Baraki"	6	0	6	26065	21279	47344	152823	230822	383645
"2014.10.15"	"Pakistan"	"Safi"	1	1	2	26066	21280	47346	152824	230823	383647
"2014.10.15"	"Afghanistan"	"Kabul"	2	3	5	26068	21283	47351	152826	230826	383652
"2014.10.15"	"Afghanistan"	"Khost"	8	5	13	26076	21288	47364	152834	230831	383665
"2014.10.15"	"Somalia"	"Mogadishu"	2	0	2	26078	21288	47366	152836	230831	383667
"2014.10.15"	"Somalia"	"Mogadishu"	5	8	13	26083	21296	47379	152841	230839	383680
"2014.10.15"	"Pakistan"	"Tirah"	7	5	12	26090	21301	47391	152848	230844	383692
"2014.10.15"	"Egypt"	"Cairo"	0	12	12	26090	21313	47403	152848	230856	383704
"2014.10.15"	"Libya"	"Benghazi"	4	8	12	26094	21321	47415	152852	230864	383716
"2014.10.15"	"Syria"	"Idlib"	35	0	35	26129	21321	47450	152887	230864	383751
"2014.10.16"	"Nigeria"	"Sabon-Gida"	10	0	10	26139	21321	47460	152897	230864	383761
"2014.10.16"	"Syria"	"al-Bukamal"	2	0	2	26141	21321	47462	152899	230864	383763
"2014.10.16"	"Egypt"	"Tanta"	0	11	11	26141	21332	47473	152899	230875	383774
"2014.10.16"	"Afghanistan"	"Bahglan"	2	0	2	26143	21332	47475	152901	230875	383776
"2014.10.16"	"Pakistan"	"Attock"	1	0	1	26144	21332	47476	152902	230875	383777
"2014.10.16"	"Egypt"	"al-Arish"	3	11	14	26147	21343	47490	152905	230886	383791
"2014.10.16"	"Iraq"	"Baghdad"	14	34	48	26161	21377	47538	152919	230920	383839
"2014.10.16"	"Iraq"	"Talibiyah"	12	28	40	26173	21405	47578	152931	230948	383879
"2014.10.16"	"Iraq"	"Hurriyah"	6	16	22	26179	21421	47600	152937	230964	383901
"2014.10.16"	"Iraq"	"Shula"	6	18	24	26185	21439	47624	152943	230982	383925
"2014.10.16"	"Iraq"	"Mahmoudiya"	7	12	19	26192	21451	47643	152950	230994	383944
"2014.10.16"	"Iraq"	"Baghdad"	3	4	7	26195	21455	47650	152953	230998	383951
"2014.10.16"	"Yemen"	"Udain"	5	0	5	26200	21455	47655	152958	230998	383956
"2014.10.16"	"Pakistan"	"Faisalabad"	1	0	1	26201	21455	47656	152959	230998	383957
"2014.10.16"	"Pakistan"	"Rahim Yar Khan"	1	1	2	26202	21456	47658	152960	230999	383959
"2014.10.16"	"Pakistan"	"Karachi"	1	0	1	26203	21456	47659	152961	230999	383960
"2014.10.16"	"Iraq"	"Mosul"	1	0	1	26204	21456	47660	152962	230999	383961
"2014.10.16"	"Iraq"	"Tikrit"	17	3	20	26221	21459	47680	152979	231002	383981
"2014.10.16"	"Iraq"	"Tikrit"	11	0	11	26232	21459	47691	152990	231002	383992
"2014.10.16"	"Afghanistan"	"Farah"	4	0	4	26236	21459	47695	152994	231002	383996
"2014.10.16"	"DRC"	"Beni"	26	50	76	26262	21509	47771	153020	231052	384072
"2014.10.16"	"DRC"	"Beni"	26	0	26	26288	21509	47797	153046	231052	384098
"2014.10.16"	"Sudan"	"Heiban"	9	17	26	26297	21526	47823	153055	231069	384124
"2014.10.17"	"DRC"	"Eringeti"	22	10	32	26319	21536	47855	153077	231079	384156
"2014.10.17"	"Libya"	"Benghazi"	3	3	6	26322	21539	47861	153080	231082	384162
"2014.10.17"	"Iraq"	"Baghdad"	14	27	41	26336	21566	47902	153094	231109	384203
"2014.10.17"	"Iraq"	"Baghdad"	7	13	20	26343	21579	47922	153101	231122	384223
"2014.10.17"	"Iraq"	"Baghdad"	7	12	19	26350	21591	47941	153108	231134	384242
"2014.10.17"	"Iraq"	"Karrada"	9	27	36	26359	21618	47977	153117	231161	384278
"2014.10.17"	"Nigeria"	"Abadam"	1	0	1	26360	21618	47978	153118	231161	384279
"2014.10.17"	"Nigeria"	"Zhur"	7	0	7	26367	21618	47985	153125	231161	384286
"2014.10.17"	"Syria"	"Kobani"	1	0	1	26368	21618	47986	153126	231161	384287
"2014.10.17"	"Lebanon"	"Akkar"	1	0	1	26369	21618	47987	153127	231161	384288
"2014.10.17"	"Syria"	"al-Bab"	1	0	1	26370	21618	47988	153128	231161	384289
"2014.10.17"	"India"	"Maharashtra"	1	0	1	26371	21618	47989	153129	231161	384290
"2014.10.18"	"Iraq"	"Madaen"	4	14	18	26375	21632	48007	153133	231175	384308
"2014.10.18"	"Iraq"	"Baghdad"	3	12	15	26378	21644	48022	153136	231187	384323
"2014.10.18"	"Afghanistan"	"Jalalabad"	1	0	1	26379	21644	48023	153137	231187	384324
"2014.10.18"	"Yemen"	"Yarim"	4	0	4	26383	21644	48027	153141	231187	384328
"2014.10.18"	"Afghanistan"	"Lashkar Gah"	3	6	9	26386	21650	48036	153144	231193	384337
"2014.10.18"	"Nigeria"	"Maikadiri"	8	0	8	26394	21650	48044	153152	231193	384345
"2014.10.18"	"Nigeria"	"Garta"	3	0	3	26397	21650	48047	153155	231193	384348
"2014.10.18"	"Nigeria"	"Waga"	2	40	42	26399	21690	48089	153157	231233	384390
"2014.10.19"	"Afghanistan"	"Logar"	4	0	4	26403	21690	48093	153161	231233	384394
"2014.10.19"	"Iraq"	"Zaidan"	7	28	35	26410	21718	48128	153168	231261	384429
"2014.10.19"	"Iraq"	"Baiji"	4	7	11	26414	21725	48139	153172	231268	384440
"2014.10.19"	"Iraq"	"Amiriyat al-Falluja"	3	0	3	26417	21725	48142	153175	231268	384443
"2014.10.19"	"Pakistan"	"Joharabad"	1	0	1	26418	21725	48143	153176	231268	384444
"2014.10.19"	"Nigeria"	"Gidin Waya"	7	0	7	26425	21725	48150	153183	231268	384451
"2014.10.19"	"Nigeria"	"Wukari"	31	0	31	26456	21725	48181	153214	231268	384482
"2014.10.19"	"Iraq"	"Baghdad"	22	25	47	26478	21750	48228	153236	231293	384529
"2014.10.19"	"Egypt"	"al-Arish"	7	6	13	26485	21756	48241	153243	231299	384542
"2014.10.20"	"Canada"	"Montreal"	1	1	2	26486	21757	48243	153244	231300	384544
"2014.10.20"	"Iraq"	"Mosul"	2	0	2	26488	21757	48245	153246	231300	384546
"2014.10.20"	"Pakistan"	"Salarzai"	2	2	4	26490	21759	48249	153248	231302	384550
"2014.10.20"	"Libya"	"Benghazi"	1	1	2	26491	21760	48251	153249	231303	384552
"2014.10.20"	"Yemen"	"Rada"	20	0	20	26511	21760	48271	153269	231303	384572
"2014.10.20"	"Iraq"	"Qara Tappa"	15	0	15	26526	21760	48286	153284	231303	384587
"2014.10.20"	"Iraq"	"Karbala"	26	55	81	26552	21815	48367	153310	231358	384668
"2014.10.20"	"Iraq"	"Mosul Dam"	15	25	40	26567	21840	48407	153325	231383	384708
"2014.10.20"	"Iraq"	"Latifiyah"	7	0	7	26574	21840	48414	153332	231383	384715
"2014.10.20"	"Iraq"	"Baghdad"	17	28	45	26591	21868	48459	153349	231411	384760
"2014.10.21"	"Pakistan"	"Bajaur"	1	2	3	26592	21870	48462	153350	231413	384763
"2014.10.21"	"Iraq"	"Baghdad"	21	42	63	26613	21912	48525	153371	231455	384826
"2014.10.21"	"Iraq"	"Fallujah"	6	0	6	26619	21912	48531	153377	231455	384832
"2014.10.21"	"Iraq"	"Hijaj"	6	2	8	26625	21914	48539	153383	231457	384840
"2014.10.21"	"Afghanistan"	"Kabul"	4	12	16	26629	21926	48555	153387	231469	384856
"2014.10.21"	"Syria"	"Hama"	1	0	1	26630	21926	48556	153388	231469	384857
"2014.10.21"	"Syria"	"Idlib"	1	0	1	26631	21926	48557	153389	231469	384858
"2014.10.21"	"Syria"	"Kobani"	1	0	1	26632	21926	48558	153390	231469	384859
"2014.10.21"	"Nigeria"	"Pelachiroma"	4	0	4	26636	21926	48562	153394	231469	384863
"2014.10.22"	"Philippines"	"Maguindanao"	2	0	2	26638	21926	48564	153396	231469	384865
"2014.10.22"	"Afghanistan"	"Helmand"	3	0	3	26641	21926	48567	153399	231469	384868
"2014.10.22"	"Egypt"	"Cairo"	0	11	11	26641	21937	48578	153399	231480	384879
"2014.10.22"	"Iraq"	"Baghdad"	18	37	55	26659	21974	48633	153417	231517	384934
"2014.10.22"	"Iraq"	"Sadr City"	9	37	46	26668	22011	48679	153426	231554	384980
"2014.10.22"	"Israel"	"Jerusalem"	2	6	8	26670	22017	48687	153428	231560	384988
"2014.10.22"	"Libya"	"Dariana"	1	4	5	26671	22021	48692	153429	231564	384993
"2014.10.22"	"Canada"	"Ottawa"	1	1	2	26672	22022	48694	153430	231565	384995
"2014.10.22"	"Pakistan"	"Mamund"	0	3	3	26672	22025	48697	153430	231568	384998
"2014.10.22"	"Yemen"	"al-Bayda"	5	0	5	26677	22025	48702	153435	231568	385003
"2014.10.23"	"Tunisia"	"Tunis"	1	1	2	26678	22026	48704	153436	231569	385005
"2014.10.23"	"Pakistan"	"Quetta"	2	10	12	26680	22036	48716	153438	231579	385017
"2014.10.23"	"Pakistan"	"Quetta"	2	22	24	26682	22058	48740	153440	231601	385041
"2014.10.23"	"Pakistan"	"Quetta"	1	0	1	26683	22058	48741	153441	231601	385042
"2014.10.23"	"USA"	"NYC"	0	5	5	26683	22063	48746	153441	231606	385047
"2014.10.23"	"Philippines"	"Bagumbayan"	1	0	1	26684	22063	48747	153442	231606	385048
"2014.10.23"	"Nigeria"	"Azare"	5	12	17	26689	22075	48764	153447	231618	385065
"2014.10.23"	"Pakistan"	"Quetta"	8	1	9	26697	22076	48773	153455	231619	385074
"2014.10.23"	"Nigeria"	"Mafa"	17	30	47	26714	22106	48820	153472	231649	385121
"2014.10.23"	"CAR"	"Yamale"	30	0	30	26744	22106	48850	153502	231649	385151
"2014.10.24"	"Afghanistan"	"Khogyani"	5	2	7	26749	22108	48857	153507	231651	385158
"2014.10.24"	"Iraq"	"Mosul"	20	0	20	26769	22108	48877	153527	231651	385178
"2014.10.24"	"Iraq"	"al-Ameriya"	12	30	42	26781	22138	48919	153539	231681	385220
"2014.10.24"	"Egypt"	"al-Kharouba"	30	28	58	26811	22166	48977	153569	231709	385278
"2014.10.24"	"Egypt"	"al-Arish"	3	0	3	26814	22166	48980	153572	231709	385281
"2014.10.25"	"Somalia"	"Mogadishu"	1	1	2	26815	22167	48982	153573	231710	385283
"2014.10.25"	"Iraq"	"Jurf al-Sakhr"	8	0	8	26823	22167	48990	153581	231710	385291
"2014.10.25"	"Iraq"	"Zumar"	7	0	7	26830	22167	48997	153588	231710	385298
"2014.10.25"	"Iraq"	"Taji"	8	17	25	26838	22184	49022	153596	231727	385323
"2014.10.25"	"Iraq"	"Muqdadiya"	1	0	1	26839	22184	49023	153597	231727	385324
"2014.10.25"	"Iraq"	"Anbar"	3	7	10	26842	22191	49033	153600	231734	385334
"2014.10.25"	"Iraq"	"Mosul"	3	0	3	26845	22191	49036	153603	231734	385337
"2014.10.26"	"Iraq"	"Baiji"	11	8	19	26856	22199	49055	153614	231742	385356
"2014.10.26"	"Syria"	"Aleppo"	2	24	26	26858	22223	49081	153616	231766	385382
"2014.10.26"	"Iraq"	"Jurf al-Sakhar"	15	0	15	26873	22223	49096	153631	231766	385397
"2014.10.26"	"Syria"	"Raqqa"	3	0	3	26876	22223	49099	153634	231766	385400
"2014.10.26"	"Yemen"	"al-Manassah"	33	0	33	26909	22223	49132	153667	231766	385433
"2014.10.26"	"Syria"	"Albu Kamal"	4	0	4	26913	22223	49136	153671	231766	385437
"2014.10.26"	"Yemen"	"al-Baydah"	10	0	10	26923	22223	49146	153681	231766	385447
"2014.10.26"	"Nigeria"	"Borno"	17	25	42	26940	22248	49188	153698	231791	385489
"2014.10.27"	"Pakistan"	"Gujranwala"	3	7	10	26943	22255	49198	153701	231798	385499
"2014.10.27"	"Iraq"	"Mosul"	2	0	2	26945	22255	49200	153703	231798	385501
"2014.10.27"	"Iraq"	"Tuz"	2	20	22	26947	22275	49222	153705	231818	385523
"2014.10.27"	"Iraq"	"Jurf al-Sakhar"	27	60	87	26974	22335	49309	153732	231878	385610
"2014.10.27"	"Afghanistan"	"Kunduz"	10	10	20	26984	22345	49329	153742	231888	385630
"2014.10.27"	"Nigeria"	"Kukawa"	3	0	3	26987	22345	49332	153745	231888	385633
"2014.10.27"	"Syria"	"Idlib"	70	0	70	27057	22345	49402	153815	231888	385703
"2014.10.27"	"Syria"	"Kobani"	1	0	1	27058	22345	49403	153816	231888	385704
"2014.10.27"	"Afghanistan"	"Wardoj"	4	17	21	27062	22362	49424	153820	231905	385725
"2014.10.27"	"Syria"	"Idlib"	20	0	20	27082	22362	49444	153840	231905	385745
"2014.10.27"	"Iraq"	"Baghdad"	10	18	28	27092	22380	49472	153850	231923	385773
"2014.10.27"	"CAR"	"Nana Bakassa"	2	0	2	27094	22380	49474	153852	231923	385775
"2014.10.28"	"Nigeria"	"Uba"	24	0	24	27118	22380	49498	153876	231923	385799
"2014.10.28"	"Pakistan"	"Karachi"	1	8	9	27119	22388	49507	153877	231931	385808
"2014.10.28"	"Syria"	"Aleppo"	1	0	1	27120	22388	49508	153878	231931	385809
"2014.10.28"	"Pakistan"	"Swat"	1	0	1	27121	22388	49509	153879	231931	385810
"2014.10.28"	"Afghanistan"	"Herat"	2	4	6	27123	22392	49515	153881	231935	385816
"2014.10.29"	"Mali"	"Kidal"	1	0	1	27124	22392	49516	153882	231935	385817
"2014.10.29"	"Israel"	"Jerusalem"	0	1	1	27124	22393	49517	153882	231936	385818
"2014.10.29"	"Iraq"	"Hit"	46	0	46	27170	22393	49563	153928	231936	385864
"2014.10.29"	"Syria"	"Homs"	12	25	37	27182	22418	49600	153940	231961	385901
"2014.10.29"	"Pakistan"	"Hangu"	4	6	10	27186	22424	49610	153944	231967	385911
"2014.10.29"	"Iraq"	"Baiji"	6	14	20	27192	22438	49630	153950	231981	385931
"2014.10.29"	"Iraq"	"Yusufiya"	4	16	20	27196	22454	49650	153954	231997	385951
"2014.10.29"	"Pakistan"	"Amanullah Baghdar"	2	0	2	27198	22454	49652	153956	231997	385953
"2014.10.29"	"Nigeria"	"Mubi"	5	0	5	27203	22454	49657	153961	231997	385958
"2014.10.29"	"Syria"	"Sheer"	30	0	30	27233	22454	49687	153991	231997	385988
"2014.10.29"	"Morocco"	"Kemisset"	1	0	1	27234	22454	49688	153992	231997	385989
"2014.10.30"	"DRC"	"Kampi ya Chui"	14	0	14	27248	22454	49702	154006	231997	386003
"2014.10.30"	"Iraq"	"Ramadi"	150	0	150	27398	22454	49852	154156	231997	386153
"2014.10.30"	"Yemen"	"Lahij"	2	0	2	27400	22454	49854	154158	231997	386155
"2014.10.30"	"Iraq"	"Hit"	70	0	70	27470	22454	49924	154228	231997	386225
"2014.10.30"	"Iraq"	"Tikrit"	17	0	17	27487	22454	49941	154245	231997	386242
"2014.10.30"	"Iraq"	"Tikrit"	5	11	16	27492	22465	49957	154250	232008	386258
"2014.10.30"	"Iraq"	"Baiji"	8	5	13	27500	22470	49970	154258	232013	386271
"2014.10.30"	"Iraq"	"Qayara"	3	0	3	27503	22470	49973	154261	232013	386274
"2014.10.30"	"UAE"	"Abu Dhabi"	1	0	1	27504	22470	49974	154262	232013	386275
"2014.10.30"	"Pakistan"	"Karachi"	1	0	1	27505	22470	49975	154263	232013	386276
"2014.10.30"	"Niger"	"Ouallam"	12	0	12	27517	22470	49987	154275	232013	386288
"2014.10.31"	"Afghanistan"	"Bagram"	1	25	26	27518	22495	50013	154276	232038	386314
"2014.10.31"	"Iraq"	"Anbar"	24	0	24	27542	22495	50037	154300	232038	386338
"2014.10.31"	"Iraq"	"Baghdad"	5	13	18	27547	22508	50055	154305	232051	386356
"2014.10.31"	"Iraq"	"Baghdad"	2	9	11	27549	22517	50066	154307	232060	386367
"2014.10.31"	"Iraq"	"Madain"	4	11	15	27553	22528	50081	154311	232071	386382
"2014.10.31"	"Iraq"	"Youssifiyah"	4	10	14	27557	22538	50095	154315	232081	386396
"2014.10.31"	"Iraq"	"Kubaisa"	4	0	4	27561	22538	50099	154319	232081	386400
"2014.10.31"	"Iraq"	"Ras al-Maa"	85	0	85	27646	22538	50184	154404	232081	386485
"2014.10.31"	"Nigeria"	"Gombe"	8	41	49	27654	22579	50233	154412	232122	386534
"2014.10.31"	"Thailand"	"Pattani"	1	2	3	27655	22581	50236	154413	232124	386537
"2014.10.31"	"Iraq"	"Mount Sinjar"	3	6	9	27658	22587	50245	154416	232130	386546
"2014.11.01"	"Iraq"	"Baghdad"	11	42	53	27669	22629	50298	154427	232172	386599
"2014.11.01"	"Iraq"	"Baghdad"	24	52	76	27693	22681	50374	154451	232224	386675
"2014.11.01"	"Pakistan"	"Karachi"	2	4	6	27695	22685	50380	154453	232228	386681
"2014.11.01"	"Afghanistan"	"Logar"	11	20	31	27706	22705	50411	154464	232248	386712
"2014.11.01"	"Yemen"	"Ibb"	3	2	5	27709	22707	50416	154467	232250	386717
"2014.11.01"	"Pakistan"	"Orakzai"	8	3	11	27717	22710	50427	154475	232253	386728
"2014.11.01"	"Thailand"	"Songkhla"	2	4	6	27719	22714	50433	154477	232257	386734
"2014.11.01"	"Pakistan"	"Layyah"	1	0	1	27720	22714	50434	154478	232257	386735
"2014.11.01"	"Pakistan"	"Bajaur"	1	1	2	27721	22715	50436	154479	232258	386737
"2014.11.01"	"Pal. Auth."	"Ramle"	1	0	1	27722	22715	50437	154480	232258	386738
"2014.11.01"	"Iraq"	"Ras al-Maa"	50	0	50	27772	22715	50487	154530	232258	386788
"2014.11.01"	"Pakistan"	"Badnikhel"	1	0	1	27773	22715	50488	154531	232258	386789
"2014.11.01"	"Yemen"	"Jabal Ras"	20	0	20	27793	22715	50508	154551	232258	386809
"2014.11.01"	"Syria"	"Albu Kamal"	8	0	8	27801	22715	50516	154559	232258	386817
"2014.11.02"	"Afghanistan"	"Ghor"	1	0	1	27802	22715	50517	154560	232258	386818
"2014.11.02"	"Mali"	"Almoustrate"	2	4	6	27804	22719	50523	154562	232262	386824
"2014.11.02"	"Iraq"	"Baghdad"	5	17	22	27809	22736	50545	154567	232279	386846
"2014.11.02"	"Iraq"	"Baghdad"	3	10	13	27812	22746	50558	154570	232289	386859
"2014.11.02"	"Iraq"	"Sadr City"	6	19	25	27818	22765	50583	154576	232308	386884
"2014.11.02"	"Somalia"	"Mogadishu"	1	2	3	27819	22767	50586	154577	232310	386887
"2014.11.02"	"Iraq"	"Baghdad"	14	32	46	27833	22799	50632	154591	232342	386933
"2014.11.02"	"Yemen"	"Sanaa"	1	0	1	27834	22799	50633	154592	232342	386934
"2014.11.02"	"Thailand"	"Narathiwat"	1	4	5	27835	22803	50638	154593	232346	386939
"2014.11.02"	"Nigeria"	"Kogi"	1	0	1	27836	22803	50639	154594	232346	386940
"2014.11.02"	"Iraq"	"Ras al-Maa"	50	0	50	27886	22803	50689	154644	232346	386990
"2014.11.02"	"Nigeria"	"Sabon Gari"	12	0	12	27898	22803	50701	154656	232346	387002
"2014.11.02"	"Kenya"	"Mombasa"	1	0	1	27899	22803	50702	154657	232346	387003
"2014.11.02"	"DRC"	"Beni"	8	0	8	27907	22803	50710	154665	232346	387011
"2014.11.02"	"Pakistan"	"Orakzai"	2	2	4	27909	22805	50714	154667	232348	387015
"2014.11.02"	"Philippines"	"Sumisop"	6	1	7	27915	22806	50721	154673	232349	387022
"2014.11.02"	"Pakistan"	"Wagah"	61	120	181	27976	22926	50902	154734	232469	387203
"2014.11.03"	"Iraq"	"Ramadi"	36	0	36	28012	22926	50938	154770	232469	387239
"2014.11.03"	"Iraq"	"Ramadi"	1	0	1	28013	22926	50939	154771	232469	387240
"2014.11.03"	"Afghanistan"	"Gardez"	4	24	28	28017	22950	50967	154775	232493	387268
"2014.11.03"	"India"	"Chattergam"	2	2	4	28019	22952	50971	154777	232495	387272
"2014.11.03"	"Saudi Arabia"	"al-Dalwah"	8	12	20	28027	22964	50991	154785	232507	387292
"2014.11.03"	"Australia"	"Greenacre"	0	1	1	28027	22965	50992	154785	232508	387293
"2014.11.03"	"Nigeria"	"Potiskum"	32	119	151	28059	23084	51143	154817	232627	387444
"2014.11.03"	"Afghanistan"	"Kandahar"	1	0	1	28060	23084	51144	154818	232627	387445
"2014.11.04"	"Iraq"	"Latifiya"	2	12	14	28062	23096	51158	154820	232639	387459
"2014.11.04"	"Iraq"	"Mosul"	2	0	2	28064	23096	51160	154822	232639	387461
"2014.11.04"	"Kenya"	"Mombasa"	1	0	1	28065	23096	51161	154823	232639	387462
"2014.11.04"	"Nigeria"	"Nafada"	10	0	10	28075	23096	51171	154833	232639	387472
"2014.11.04"	"Pakistan"	"Mirazai"	3	28	31	28078	23124	51202	154836	232667	387503
"2014.11.04"	"Pakistan"	"Lahore"	2	0	2	28080	23124	51204	154838	232667	387505
"2014.11.05"	"Nigeria"	"Malam Fatori"	21	30	51	28101	23154	51255	154859	232697	387556
"2014.11.05"	"Nigeria"	"Whitambaya"	2	0	2	28103	23154	51257	154861	232697	387558
"2014.11.05"	"Pakistan"	"Gujrat"	1	0	1	28104	23154	51258	154862	232697	387559
"2014.11.05"	"Afghanistan"	"Paktia"	11	0	11	28115	23154	51269	154873	232697	387570
"2014.11.05"	"Iraq"	"Ramadi"	46	0	46	28161	23154	51315	154919	232697	387616
"2014.11.05"	"Iraq"	"Baiji"	4	7	11	28165	23161	51326	154923	232704	387627
"2014.11.05"	"Iraq"	"Baiji"	10	4	14	28175	23165	51340	154933	232708	387641
"2014.11.05"	"Iraq"	"Baqubah"	1	0	1	28176	23165	51341	154934	232708	387642
"2014.11.05"	"Iraq"	"Kut"	3	15	18	28179	23180	51359	154937	232723	387660
"2014.11.05"	"Pakistan"	"Karachi"	3	0	3	28182	23180	51362	154940	232723	387663
"2014.11.05"	"Pakistan"	"Quetta"	1	0	1	28183	23180	51363	154941	232723	387664
"2014.11.05"	"Thailand"	"Narathiwat"	1	0	1	28184	23180	51364	154942	232723	387665
"2014.11.05"	"Israel"	"Jerusalem"	2	12	14	28186	23192	51378	154944	232735	387679
"2014.11.05"	"Tunisia"	"Kef"	4	11	15	28190	23203	51393	154948	232746	387694
"2014.11.06"	"Egypt"	"Menoufa"	5	15	20	28195	23218	51413	154953	232761	387714
"2014.11.06"	"Afghanistan"	"Jawzjan"	2	0	2	28197	23218	51415	154955	232761	387716
"2014.11.06"	"Pakistan"	"Rahim Yar Khan"	1	2	3	28198	23220	51418	154956	232763	387719
"2014.11.06"	"Iraq"	"Kubaisa"	17	0	17	28215	23220	51435	154973	232763	387736
"2014.11.06"	"Iraq"	"Fallujah"	16	24	40	28231	23244	51475	154989	232787	387776
"2014.11.06"	"Iraq"	"Shiwaish"	7	0	7	28238	23244	51482	154996	232787	387783
"2014.11.06"	"Iraq"	"al-Baghdadi"	5	12	17	28243	23256	51499	155001	232799	387800
"2014.11.06"	"Iraq"	"Abu Ghraib"	6	2	8	28249	23258	51507	155007	232801	387808
"2014.11.06"	"Iraq"	"Baghdad"	6	8	14	28255	23266	51521	155013	232809	387822
"2014.11.06"	"Iraq"	"Mosul"	5	0	5	28260	23266	51526	155018	232809	387827
"2014.11.06"	"Libya"	"Derna"	2	0	2	28262	23266	51528	155020	232809	387829
"2014.11.07"	"Pakistan"	"Peshawar"	1	0	1	28263	23266	51529	155021	232809	387830
"2014.11.07"	"Pakistan"	"Badhaber"	1	1	2	28264	23267	51531	155022	232810	387832
"2014.11.07"	"Pakistan"	"Safi"	7	2	9	28271	23269	51540	155029	232812	387841
"2014.11.07"	"Iraq"	"Baiji"	8	15	23	28279	23284	51563	155037	232827	387864
"2014.11.07"	"Iraq"	"Mosul"	3	0	3	28282	23284	51566	155040	232827	387867
"2014.11.07"	"Iraq"	"Jubba"	3	3	6	28285	23287	51572	155043	232830	387873
"2014.11.07"	"Iraq"	"Baghdad"	5	24	29	28290	23311	51601	155048	232854	387902
"2014.11.07"	"Pakistan"	"Ghallanai"	4	2	6	28294	23313	51607	155052	232856	387908
"2014.11.07"	"Nigeria"	"Azare"	11	24	35	28305	23337	51642	155063	232880	387943
"2014.11.08"	"Iraq"	"Karrada"	10	18	28	28315	23355	51670	155073	232898	387971
"2014.11.08"	"Iraq"	"Sadr City"	11	21	32	28326	23376	51702	155084	232919	388003
"2014.11.08"	"Iraq"	"Baghdad"	10	34	44	28336	23410	51746	155094	232953	388047
"2014.11.08"	"Iraq"	"Baqubah"	1	1	2	28337	23411	51748	155095	232954	388049
"2014.11.08"	"Iraq"	"Ramadi"	5	0	5	28342	23411	51753	155100	232954	388054
"2014.11.08"	"Cameroon"	"Kerawa"	1	0	1	28343	23411	51754	155101	232954	388055
"2014.11.08"	"Nigeria"	"Libyabo"	33	0	33	28376	23411	51787	155134	232954	388088
"2014.11.08"	"Iraq"	"Yousifiya"	8	17	25	28384	23428	51812	155142	232971	388113
"2014.11.08"	"Pakistan"	"Batala"	2	0	2	28386	23428	51814	155144	232971	388115
"2014.11.08"	"Pakistan"	"Tirah Vally"	2	1	3	28388	23429	51817	155146	232972	388118
"2014.11.08"	"Yemen"	"Rada"	70	0	70	28458	23429	51887	155216	232972	388188
"2014.11.08"	"Afghanistan"	"Kabul"	1	6	7	28459	23435	51894	155217	232978	388195
"2014.11.08"	"Somalia"	"Kudhaa"	60	0	60	28519	23435	51954	155277	232978	388255
"2014.11.08"	"Somalia"	"Kudha"	2	0	2	28521	23435	51956	155279	232978	388257
"2014.11.08"	"Syria"	"Raqqa"	3	0	3	28524	23435	51959	155282	232978	388260
"2014.11.09"	"Cameroon"	"Kolofata"	3	0	3	28527	23435	51962	155285	232978	388263
"2014.11.09"	"Iraq"	"Baqubah"	3	0	3	28530	23435	51965	155288	232978	388266
"2014.11.09"	"Pakistan"	"Karachi"	1	0	1	28531	23435	51966	155289	232978	388267
"2014.11.09"	"Iraq"	"Hit"	100	0	100	28631	23435	52066	155389	232978	388367
"2014.11.10"	"Yemen"	"Sanaa"	3	0	3	28634	23435	52069	155392	232978	388370
"2014.11.10"	"Pakistan"	"Sadiqabad"	2	2	4	28636	23437	52073	155394	232980	388374
"2014.11.10"	"Syria"	"Damascus"	5	0	5	28641	23437	52078	155399	232980	388379
"2014.11.10"	"Afghanistan"	"Puli Alam"	9	3	12	28650	23440	52090	155408	232983	388391
"2014.11.10"	"Afghanistan"	"Jalalabad"	3	1	4	28653	23441	52094	155411	232984	388395
"2014.11.10"	"Israel"	"Alon Shvut"	1	4	5	28654	23445	52099	155412	232988	388400
"2014.11.10"	"Israel"	"Tel Aviv"	1	0	1	28655	23445	52100	155413	232988	388401
"2014.11.10"	"Nigeria"	"Potiskum"	58	117	175	28713	23562	52275	155471	233105	388576
"2014.11.10"	"Pakistan"	"Karachi"	1	0	1	28714	23562	52276	155472	233105	388577
"2014.11.10"	"Iraq"	"Baiji"	5	11	16	28719	23573	52292	155477	233116	388593
"2014.11.10"	"Iraq"	"Makhoul"	15	0	15	28734	23573	52307	155492	233116	388608
"2014.11.10"	"Somalia"	"Mogashishu"	1	0	1	28735	23573	52308	155493	233116	388609
"2014.11.10"	"Thailand"	"Narathiwat"	1	1	2	28736	23574	52310	155494	233117	388611
"2014.11.11"	"Somalia"	"Mogadishu"	1	4	5	28737	23578	52315	155495	233121	388616
"2014.11.11"	"Pakistan"	"Quetta"	1	32	33	28738	23610	52348	155496	233153	388649
"2014.11.11"	"Iraq"	"Baiji"	8	15	23	28746	23625	52371	155504	233168	388672
"2014.11.11"	"Egypt"	"al-Arish"	0	10	10	28746	23635	52381	155504	233178	388682
"2014.11.11"	"Pakistan"	"Peshawar"	1	0	1	28747	23635	52382	155505	233178	388683
"2014.11.11"	"Nigeria"	"Rim"	1	0	1	28748	23635	52383	155506	233178	388684
"2014.11.11"	"Pakistan"	"Shirindara"	2	6	8	28750	23641	52391	155508	233184	388692
"2014.11.11"	"Pakistan"	"Bajaur"	3	2	5	28753	23643	52396	155511	233186	388697
"2014.11.11"	"Pakistan"	"Lahore"	3	0	3	28756	23643	52399	155514	233186	388700
"2014.11.11"	"Pakistan"	"Kyber"	3	1	4	28759	23644	52403	155517	233187	388704
"2014.11.11"	"Afghanistan"	"Jalalabad"	1	3	4	28760	23647	52407	155518	233190	388708
"2014.11.11"	"Afghanistan"	"Kandahar"	1	0	1	28761	23647	52408	155519	233190	388709
"2014.11.11"	"Iraq"	"Baghdad"	8	23	31	28769	23670	52439	155527	233213	388740
"2014.11.11"	"Iraq"	"Tarmiya"	3	16	19	28772	23686	52458	155530	233229	388759
"2014.11.12"	"Pakistan"	"Charsadda"	1	2	3	28773	23688	52461	155531	233231	388762
"2014.11.12"	"Pakistan"	"Karachi"	1	0	1	28774	23688	52462	155532	233231	388763
"2014.11.12"	"Yemen"	"Rada"	26	0	26	28800	23688	52488	155558	233231	388789
"2014.11.12"	"Nigeria"	"Kontagora"	0	4	4	28800	23692	52492	155558	233235	388793
"2014.11.12"	"Pakistan"	"Qambar"	1	0	1	28801	23692	52493	155559	233235	388794
"2014.11.12"	"Yemen"	"Rada"	16	0	16	28817	23692	52509	155575	233235	388810
"2014.11.12"	"Iraq"	"Kobani"	3	8	11	28820	23700	52520	155578	233243	388821
"2014.11.12"	"Libya"	"Tobruk"	9	20	29	28829	23720	52549	155587	233263	388850
"2014.11.12"	"Pakistan"	"Quetta"	1	0	1	28830	23720	52550	155588	233263	388851
"2014.11.12"	"Iraq"	"Baghdad"	11	21	32	28841	23741	52582	155599	233284	388883
"2014.11.12"	"Iraq"	"Yusifiya"	6	20	26	28847	23761	52608	155605	233304	388909
"2014.11.12"	"Iraq"	"Diyala"	6	0	6	28853	23761	52614	155611	233304	388915
"2014.11.12"	"Syria"	"Karnaz"	7	9	16	28860	23770	52630	155618	233313	388931
"2014.11.12"	"Somalia"	"Mogadishu"	1	0	1	28861	23770	52631	155619	233313	388932
"2014.11.12"	"Egypt"	"Domyat"	8	5	13	28869	23775	52644	155627	233318	388945
"2014.11.13"	"Iraq"	"Fallujah"	2	0	2	28871	23775	52646	155629	233318	388947
"2014.11.13"	"Nigeria"	"Gwoza"	16	0	16	28887	23775	52662	155645	233318	388963
"2014.11.13"	"Afghanistan"	"Herat"	1	0	1	28888	23775	52663	155646	233318	388964
"2014.11.13"	"Afghanistan"	"Nangarhar"	1	1	2	28889	23776	52665	155647	233319	388966
"2014.11.13"	"Afghanistan"	"Kabul"	4	0	4	28893	23776	52669	155651	233319	388970
"2014.11.13"	"Afghanistan"	"Kandahar"	1	5	6	28894	23781	52675	155652	233324	388976
"2014.11.13"	"Thailand"	"Yala"	1	1	2	28895	23782	52677	155653	233325	388978
"2014.11.13"	"Libya"	"Derna"	2	0	2	28897	23782	52679	155655	233325	388980
"2014.11.13"	"Egypt"	"Sinai"	5	16	21	28902	23798	52700	155660	233341	389001
"2014.11.13"	"Iraq"	"Baghdad"	17	0	17	28919	23798	52717	155677	233341	389018
"2014.11.13"	"Iraq"	"Thar Thar"	16	0	16	28935	23798	52733	155693	233341	389034
"2014.11.13"	"Iraq"	"Baghdad"	5	11	16	28940	23809	52749	155698	233352	389050
"2014.11.14"	"Nigeria"	"Chibok"	12	0	12	28952	23809	52761	155710	233352	389062
"2014.11.14"	"Afghanistan"	"Mehraban Kalay"	1	0	1	28953	23809	52762	155711	233352	389063
"2014.11.14"	"Iraq"	"Azamiyah"	11	24	35	28964	23833	52797	155722	233376	389098
"2014.11.14"	"Nigeria"	"Kano"	6	5	11	28970	23838	52808	155728	233381	389109
"2014.11.14"	"Philippines"	"Talipao"	5	26	31	28975	23864	52839	155733	233407	389140
"2014.11.14"	"Iraq"	"Baghdad"	10	36	46	28985	23900	52885	155743	233443	389186
"2014.11.14"	"Iraq"	"Waziriya"	9	34	43	28994	23934	52928	155752	233477	389229
"2014.11.14"	"Iraq"	"Tikrit"	15	5	20	29009	23939	52948	155767	233482	389249
"2014.11.14"	"Iraq"	"Fallujah"	2	7	9	29011	23946	52957	155769	233489	389258
"2014.11.15"	"Philippines"	"Pikit"	2	3	5	29013	23949	52962	155771	233492	389263
"2014.11.15"	"Afghanistan"	"Arandu"	2	4	6	29015	23953	52968	155773	233496	389269
"2014.11.15"	"Iraq"	"Taji"	4	21	25	29019	23974	52993	155777	233517	389294
"2014.11.15"	"Iraq"	"Anbar"	4	0	4	29023	23974	52997	155781	233517	389298
"2014.11.15"	"Iraq"	"Jalawla"	2	0	2	29025	23974	52999	155783	233517	389300
"2014.11.15"	"Thailand"	"Yala"	1	0	1	29026	23974	53000	155784	233517	389301
"2014.11.15"	"Nigeria"	"Gombi"	2	0	2	29028	23974	53002	155786	233517	389303
"2014.11.15"	"Indonesia"	"Sulawesi"	1	0	1	29029	23974	53003	155787	233517	389304
"2014.11.16"	"Philippines"	"North Cotabato"	1	17	18	29030	23991	53021	155788	233534	389322
"2014.11.16"	"Iraq"	"Baghdad"	3	14	17	29033	24005	53038	155791	233548	389339
"2014.11.16"	"Iraq"	"Beiji"	9	15	24	29042	24020	53062	155800	233563	389363
"2014.11.16"	"India"	"Dogripora"	1	0	1	29043	24020	53063	155801	233563	389364
"2014.11.16"	"Thailand"	"Pattani"	2	0	2	29045	24020	53065	155803	233563	389366
"2014.11.16"	"Bangladesh"	"Rajshahi"	1	0	1	29046	24020	53066	155804	233563	389367
"2014.11.16"	"Nigeria"	"Azere"	13	65	78	29059	24085	53144	155817	233628	389445
"2014.11.16"	"Pakistan"	"Datta Khel"	4	11	15	29063	24096	53159	155821	233639	389460
"2014.11.16"	"Iraq"	"Hillah"	2	1	3	29065	24097	53162	155823	233640	389463
"2014.11.16"	"Afghanistan"	"Faryab"	3	1	4	29068	24098	53166	155826	233641	389467
"2014.11.16"	"Iraq"	"Mosul"	5	0	5	29073	24098	53171	155831	233641	389472
"2014.11.16"	"Iraq"	"Mosul"	1	0	1	29074	24098	53172	155832	233641	389473
"2014.11.16"	"Syria"	"Dabiq"	1	0	1	29075	24098	53173	155833	233641	389474
"2014.11.16"	"Syria"	"Dabiq"	18	0	18	29093	24098	53191	155851	233641	389492
"2014.11.16"	"Afghanistan"	"Kabul"	3	17	20	29096	24115	53211	155854	233658	389512
"2014.11.17"	"Iraq"	"Baghdad"	8	22	30	29104	24137	53241	155862	233680	389542
"2014.11.17"	"Iraq"	"Baghdad"	6	16	22	29110	24153	53263	155868	233696	389564
"2014.11.17"	"Iraq"	"Majjara"	18	44	62	29128	24197	53325	155886	233740	389626
"2014.11.17"	"Iraq"	"al-Baghdadi"	3	8	11	29131	24205	53336	155889	233748	389637
"2014.11.17"	"Thailand"	"Narathiwat"	1	1	2	29132	24206	53338	155890	233749	389639
"2014.11.17"	"Pakistan"	"Manghopir"	1	0	1	29133	24206	53339	155891	233749	389640
"2014.11.17"	"Iraq"	"Mosul"	6	0	6	29139	24206	53345	155897	233749	389646
"2014.11.17"	"Afghanistan"	"Farah"	2	1	3	29141	24207	53348	155899	233750	389649
"2014.11.17"	"Iraq"	"Tikrit"	3	12	15	29144	24219	53363	155902	233762	389664
"2014.11.17"	"Philippines"	"Mindanao"	3	0	3	29147	24219	53366	155905	233762	389667
"2014.11.17"	"Somalia"	"Mogadishu"	1	0	1	29148	24219	53367	155906	233762	389668
"2014.11.18"	"Afghanistan"	"Baghlan"	0	20	20	29148	24239	53387	155906	233782	389688
"2014.11.18"	"Israel"	"Jerusalem"	5	7	12	29153	24246	53399	155911	233789	389700
"2014.11.18"	"Pakistan"	"Nasti Kot"	2	5	7	29155	24251	53406	155913	233794	389707
"2014.11.18"	"Afghanistan"	"Kabul"	2	0	2	29157	24251	53408	155915	233794	389709
"2014.11.18"	"Kenya"	"Mombasa"	3	0	3	29160	24251	53411	155918	233794	389712
"2014.11.18"	"Yemen"	"Taez"	1	0	1	29161	24251	53412	155919	233794	389713
"2014.11.18"	"Pakistan"	"Shabqadar"	2	0	2	29163	24251	53414	155921	233794	389715
"2014.11.19"	"Iraq"	"Erbil"	6	29	35	29169	24280	53449	155927	233823	389750
"2014.11.19"	"Egypt"	"Negah Shabana"	10	1	11	29179	24281	53460	155937	233824	389761
"2014.11.19"	"Pakistan"	"Peshawar"	1	0	1	29180	24281	53461	155938	233824	389762
"2014.11.19"	"Iraq"	"Tikrit"	12	0	12	29192	24281	53473	155950	233824	389774
"2014.11.19"	"Iraq"	"Tikrit"	15	50	65	29207	24331	53538	155965	233874	389839
"2014.11.19"	"Nigeria"	"Azaya Kura"	45	0	45	29252	24331	53583	156010	233874	389884
"2014.11.20"	"Iraq"	"al-Zawiya"	18	0	18	29270	24331	53601	156028	233874	389902
"2014.11.20"	"Egypt"	"al-Sharqiya"	1	1	2	29271	24332	53603	156029	233875	389904
"2014.11.20"	"DRC"	"Beni"	50	0	50	29321	24332	53653	156079	233875	389954
"2014.11.20"	"Afghanistan"	"Asadabad"	1	5	6	29322	24337	53659	156080	233880	389960
"2014.11.20"	"Nigeria"	"Doron Baga"	56	0	56	29378	24337	53715	156136	233880	390016
"2014.11.21"	"Iraq"	"Albu Farraj"	5	10	15	29383	24347	53730	156141	233890	390031
"2014.11.21"	"Pakistan"	"Mithra"	2	0	2	29385	24347	53732	156143	233890	390033
"2014.11.21"	"Iraq"	"Zab"	2	0	2	29387	24347	53734	156145	233890	390035
"2014.11.21"	"Iraq"	"Raqqa"	6	0	6	29393	24347	53740	156151	233890	390041
"2014.11.22"	"Mali"	"Aguelhoc"	2	10	12	29395	24357	53752	156153	233900	390053
"2014.11.22"	"Iraq"	"Balad"	12	18	30	29407	24375	53782	156165	233918	390083
"2014.11.22"	"Iraq"	"Baghdad"	8	21	29	29415	24396	53811	156173	233939	390112
"2014.11.22"	"Iraq"	"Mosul"	2	0	2	29417	24396	53813	156175	233939	390114
"2014.11.22"	"Kenya"	"Mandera"	28	0	28	29445	24396	53841	156203	233939	390142
"2014.11.22"	"Iraq"	"al-Sajariya"	25	0	25	29470	24396	53866	156228	233939	390167
"2014.11.22"	"Afghanistan"	"Jalalabad"	1	2	3	29471	24398	53869	156229	233941	390170
"2014.11.22"	"Afghanistan"	"Ghazni"	3	1	4	29474	24399	53873	156232	233942	390174
"2014.11.22"	"Pakistan"	"Orangi"	1	36	37	29475	24435	53910	156233	233978	390211
"2014.11.22"	"Saudi Arabia"	"Riyadh"	0	1	1	29475	24436	53911	156233	233979	390212
"2014.11.23"	"Philippines"	"M'lang"	3	22	25	29478	24458	53936	156236	234001	390237
"2014.11.23"	"Pakistan"	"Orangi"	1	0	1	29479	24458	53937	156237	234001	390238
"2014.11.23"	"Thailand"	"Yala"	2	0	2	29481	24458	53939	156239	234001	390240
"2014.11.23"	"Afghanistan"	"Paktika"	61	66	127	29542	24524	54066	156300	234067	390367
"2014.11.23"	"Iraq"	"Yusufiyah"	7	16	23	29549	24540	54089	156307	234083	390390
"2014.11.23"	"Iraq"	"Diyala"	7	18	25	29556	24558	54114	156314	234101	390415
"2014.11.23"	"Iraq"	"Badush"	50	0	50	29606	24558	54164	156364	234101	390465
"2014.11.24"	"Syria"	"Homs"	1	0	1	29607	24558	54165	156365	234101	390466
"2014.11.24"	"Iraq"	"Mosul"	6	0	6	29613	24558	54171	156371	234101	390472
"2014.11.24"	"DRC"	"Beni"	45	0	45	29658	24558	54216	156416	234101	390517
"2014.11.24"	"Afghanistan"	"Kunduz"	6	5	11	29664	24563	54227	156422	234106	390528
"2014.11.24"	"Iraq"	"Shaab"	12	32	44	29676	24595	54271	156434	234138	390572
"2014.11.24"	"Afghanistan"	"Kabul"	3	1	4	29679	24596	54275	156437	234139	390576
"2014.11.24"	"Nigeria"	"Chibok"	20	3	23	29699	24599	54298	156457	234142	390599
"2014.11.24"	"Nigeria"	"Damasak"	50	100	150	29749	24699	54448	156507	234242	390749
"2014.11.24"	"Egypt"	"Cairo"	1	0	1	29750	24699	54449	156508	234242	390750
"2014.11.25"	"Mali"	"Bourem"	2	4	6	29752	24703	54455	156510	234246	390756
"2014.11.25"	"Israel"	"Jerusalem"	0	2	2	29752	24705	54457	156510	234248	390758
"2014.11.25"	"Nigeria"	"Maiduguri"	78	54	132	29830	24759	54589	156588	234302	390890
"2014.11.25"	"Syria"	"Deir Ezzor"	2	0	2	29832	24759	54591	156590	234302	390892
"2014.11.25"	"Iraq"	"Trebil"	5	9	14	29837	24768	54605	156595	234311	390906
"2014.11.25"	"Iraq"	"Baghdad"	4	0	4	29841	24768	54609	156599	234311	390910
"2014.11.25"	"Pakistan"	"Korangi"	1	5	6	29842	24773	54615	156600	234316	390916
"2014.11.26"	"Pakistan"	"Parachinar"	1	0	1	29843	24773	54616	156601	234316	390917
"2014.11.26"	"Iraq"	"Sadr City"	7	15	22	29850	24788	54638	156608	234331	390939
"2014.11.26"	"Iraq"	"Baghdad"	5	8	13	29855	24796	54651	156613	234339	390952
"2014.11.26"	"Nigeria"	"Mubi"	5	7	12	29860	24803	54663	156618	234346	390964
"2014.11.26"	"Pakistan"	"Quetta"	4	3	7	29864	24806	54670	156622	234349	390971
"2014.11.26"	"Iraq"	"Badghis"	2	7	9	29866	24813	54679	156624	234356	390980
"2014.11.26"	"Iraq"	"Mosul"	2	0	2	29868	24813	54681	156626	234356	390982
"2014.11.26"	"Yemen"	"Shabwa"	5	3	8	29873	24816	54689	156631	234359	390990
"2014.11.26"	"Egypt"	"al-Arish"	3	0	3	29876	24816	54692	156634	234359	390993
"2014.11.26"	"Syria"	"Irbin"	1	0	1	29877	24816	54693	156635	234359	390994
"2014.11.27"	"Iraq"	"Madaen"	3	11	14	29880	24827	54707	156638	234370	391008
"2014.11.27"	"Nigeria"	"Mubi"	40	35	75	29920	24862	54782	156678	234405	391083
"2014.11.27"	"Afghanistan"	"Kabul"	6	33	39	29926	24895	54821	156684	234438	391122
"2014.11.27"	"India"	"Jammu"	7	2	9	29933	24897	54830	156691	234440	391131
"2014.11.28"	"Pakistan"	"Kuchesar Chauplato"	2	0	2	29935	24897	54832	156693	234440	391133
"2014.11.28"	"Iraq"	"Husseiniyah"	4	9	13	29939	24906	54845	156697	234449	391146
"2014.11.28"	"Iraq"	"Sabaa al-Bour"	3	12	15	29942	24918	54860	156700	234461	391161
"2014.11.28"	"Nigeria"	"Kano"	120	270	390	30062	25188	55250	156820	234731	391551
"2014.11.28"	"Afghanistan"	"Khogyani"	0	36	36	30062	25224	55286	156820	234767	391587
"2014.11.28"	"Afghanistan"	"Nawzad"	4	5	9	30066	25229	55295	156824	234772	391596
"2014.11.28"	"Egypt"	"Cairo"	2	0	2	30068	25229	55297	156826	234772	391598
"2014.11.28"	"Pakistan"	"Hayatabad"	2	1	3	30070	25230	55300	156828	234773	391601
"2014.11.28"	"Afghanistan"	"Camp Bastion"	6	16	22	30076	25246	55322	156834	234789	391623
"2014.11.29"	"Pakistan"	"Korangi"	1	1	2	30077	25247	55324	156835	234790	391625
"2014.11.29"	"Nigeria"	"Shani"	40	0	40	30117	25247	55364	156875	234790	391665
"2014.11.29"	"Thailand"	"Pattani"	1	1	2	30118	25248	55366	156876	234791	391667
"2014.11.29"	"Afghanistan"	"Kabul"	3	0	3	30121	25248	55369	156879	234791	391670
"2014.11.29"	"Pakistan"	"Sukkur"	1	0	1	30122	25248	55370	156880	234791	391671
"2014.11.29"	"China"	"Xinjiang"	3	15	18	30125	25263	55388	156883	234806	391689
"2014.11.29"	"Syria"	"Kobani"	11	0	11	30136	25263	55399	156894	234806	391700
"2014.11.29"	"Iraq"	"Mosul"	10	0	10	30146	25263	55409	156904	234806	391710
"2014.11.29"	"Yemen"	"Hadramawt"	3	0	3	30149	25263	55412	156907	234806	391713
"2014.11.30"	"Iraq"	"Samarrah"	6	4	10	30155	25267	55422	156913	234810	391723
"2014.11.30"	"Iraq"	"Nineveh"	3	0	3	30158	25267	55425	156916	234810	391726
"2014.11.30"	"Pakistan"	"Karachi"	2	0	2	30160	25267	55427	156918	234810	391728
"2014.11.30"	"Pakistan"	"Islamabad"	2	0	2	30162	25267	55429	156920	234810	391730
"2014.11.30"	"India"	"Shopian"	1	0	1	30163	25267	55430	156921	234810	391731
"2014.11.30"	"Iraq"	"Baghdad"	3	12	15	30166	25279	55445	156924	234822	391746
"2014.11.30"	"Iraq"	"Baghdad"	4	9	13	30170	25288	55458	156928	234831	391759
"2014.11.30"	"Syria"	"Aleppo"	4	0	4	30174	25288	55462	156932	234831	391763
"2014.11.30"	"Iran"	"Jahrom"	0	6	6	30174	25294	55468	156932	234837	391769
"2014.11.30"	"Nigeria"	"Bama"	55	0	55	30229	25294	55523	156987	234837	391824
"2014.12.01"	"UAE"	"Abu Dhabi"	1	0	1	30230	25294	55524	156988	234837	391825
"2014.12.01"	"Israel"	"Samaria"	1	0	1	30231	25294	55525	156989	234837	391826
"2014.12.01"	"Nigeria"	"Damaturu"	47	78	125	30278	25372	55650	157036	234915	391951
"2014.12.01"	"Iraq"	"Balad"	8	20	28	30286	25392	55678	157044	234935	391979
"2014.12.01"	"Bangladesh"	"Gournadi"	0	13	13	30286	25405	55691	157044	234948	391992
"2014.12.01"	"Nigeria"	"Ekiti"	1	0	1	30287	25405	55692	157045	234948	391993
"2014.12.01"	"Somalia"	"Wajir"	1	12	13	30288	25417	55705	157046	234960	392006
"2014.12.01"	"Nigeria"	"Maiduguri"	22	40	62	30310	25457	55767	157068	235000	392068
"2014.12.01"	"Afghanistan"	"Burka"	9	18	27	30319	25475	55794	157077	235018	392095
"2014.12.01"	"Tunisia"	"El Kef"	1	0	1	30320	25475	55795	157078	235018	392096
"2014.12.01"	"Afghanistan"	"Spin Boldak"	3	0	3	30323	25475	55798	157081	235018	392099
"2014.12.01"	"Iraq"	"al-Walid"	16	4	20	30339	25479	55818	157097	235022	392119
"2014.12.02"	"Lebanon"	"Ras Baalbek"	6	1	7	30345	25480	55825	157103	235023	392126
"2014.12.02"	"Kenya"	"Korome"	36	0	36	30381	25480	55861	157139	235023	392162
"2014.12.02"	"Afghanistan"	"Bala Murghab"	6	0	6	30387	25480	55867	157145	235023	392168
"2014.12.02"	"Iraq"	"Baghdad"	3	6	9	30390	25486	55876	157148	235029	392177
"2014.12.02"	"Iraq"	"Tuz Khormato"	5	12	17	30395	25498	55893	157153	235041	392194
"2014.12.02"	"Iraq"	"Husseiniya"	3	7	10	30398	25505	55903	157156	235048	392204
"2014.12.02"	"Libya"	"Benghazi"	9	27	36	30407	25532	55939	157165	235075	392240
"2014.12.03"	"Thailand"	"Yala"	2	0	2	30409	25532	55941	157167	235075	392242
"2014.12.03"	"Iraq"	"Arab Jubur"	9	7	16	30418	25539	55957	157176	235082	392258
"2014.12.03"	"Lebanon"	"Arsal"	1	2	3	30419	25541	55960	157177	235084	392261
"2014.12.03"	"Yemen"	"Sanaa"	1	6	7	30420	25547	55967	157178	235090	392268
"2014.12.03"	"Pakistan"	"Lower Kurrum"	1	1	2	30421	25548	55969	157179	235091	392270
"2014.12.03"	"Syria"	"Deir al-Zor"	19	0	19	30440	25548	55988	157198	235091	392289
"2014.12.03"	"India"	"Pohu"	1	6	7	30441	25554	55995	157199	235097	392296
"2014.12.03"	"Israel"	"Mishor Adumim"	0	2	2	30441	25556	55997	157199	235099	392298
"2014.12.03"	"Nigeria"	"Lassa"	11	20	31	30452	25576	56028	157210	235119	392329
"2014.12.03"	"Somalia"	"Mogadishu"	4	9	13	30456	25585	56041	157214	235128	392342
"2014.12.04"	"Syria"	"Deir al-Zor"	11	0	11	30467	25585	56052	157225	235128	392353
"2014.12.04"	"Iraq"	"Tikrit"	4	1	5	30471	25586	56057	157229	235129	392358
"2014.12.04"	"Iraq"	"Mosul"	3	0	3	30474	25586	56060	157232	235129	392361
"2014.12.04"	"Pakistan"	"Nawagai"	3	0	3	30477	25586	56063	157235	235129	392364
"2014.12.04"	"Pakistan"	"Gwadar"	1	0	1	30478	25586	56064	157236	235129	392365
"2014.12.04"	"Nigeria"	"Bajoga"	24	0	24	30502	25586	56088	157260	235129	392389
"2014.12.04"	"Thailand"	"Narathiwat"	1	0	1	30503	25586	56089	157261	235129	392390
"2014.12.04"	"Somalia"	"Mogadishu"	2	1	3	30505	25587	56092	157263	235130	392393
"2014.12.04"	"Chechnya"	"Grozny"	14	28	42	30519	25615	56134	157277	235158	392435
"2014.12.04"	"Iraq"	"Sadr City"	11	25	36	30530	25640	56170	157288	235183	392471
"2014.12.04"	"Iraq"	"Sadr City"	7	21	28	30537	25661	56198	157295	235204	392499
"2014.12.04"	"Iraq"	"Shaab"	3	12	15	30540	25673	56213	157298	235216	392514
"2014.12.04"	"Iraq"	"Kirkuk"	16	22	38	30556	25695	56251	157314	235238	392552
"2014.12.04"	"Thailand"	"Pattani"	1	0	1	30557	25695	56252	157315	235238	392553
"2014.12.05"	"CAR"	"Bambari"	12	13	25	30569	25708	56277	157327	235251	392578
"2014.12.05"	"India"	"Tral"	2	5	7	30571	25713	56284	157329	235256	392585
"2014.12.05"	"Iraq"	"Mosul"	3	0	3	30574	25713	56287	157332	235256	392588
"2014.12.05"	"Syria"	"Deir al-Zor"	19	0	19	30593	25713	56306	157351	235256	392607
"2014.12.05"	"India"	"Uri"	13	0	13	30606	25713	56319	157364	235256	392620
"2014.12.05"	"Somalia"	"Baidoa"	15	41	56	30621	25754	56375	157379	235297	392676
"2014.12.05"	"Syria"	"Wafideen"	2	2	4	30623	25756	56379	157381	235299	392680
"2014.12.05"	"Lebanon"	"Bekaa Valley"	1	0	1	30624	25756	56380	157382	235299	392681
"2014.12.06"	"Nigeria"	"Ashaka"	10	12	22	30634	25768	56402	157392	235311	392703
"2014.12.06"	"Iraq"	"Mahmoudiya"	5	12	17	30639	25780	56419	157397	235323	392720
"2014.12.06"	"Iraq"	"Husseiniya"	3	8	11	30642	25788	56430	157400	235331	392731
"2014.12.06"	"Iraq"	"Baghdad"	3	8	11	30645	25796	56441	157403	235339	392742
"2014.12.06"	"Yemen"	"Wadi Abdan"	2	0	2	30647	25796	56443	157405	235339	392744
"2014.12.06"	"Iraq"	"Hit"	16	0	16	30663	25796	56459	157421	235339	392760
"2014.12.06"	"Afghanistan"	"Chamtal"	4	20	24	30667	25816	56483	157425	235359	392784
"2014.12.06"	"Somalia"	"Baledogle"	2	0	2	30669	25816	56485	157427	235359	392786
"2014.12.07"	"Iraq"	"Balad"	12	10	22	30681	25826	56507	157439	235369	392808
"2014.12.07"	"Iraq"	"Salman"	9	11	20	30690	25837	56527	157448	235380	392828
"2014.12.07"	"Afghanistan"	"Trikh Nawar"	5	0	5	30695	25837	56532	157453	235380	392833
"2014.12.07"	"Iraq"	"Tarmiyah"	9	11	20	30704	25848	56552	157462	235391	392853
"2014.12.07"	"DRC"	"Beni"	36	4	40	30740	25852	56592	157498	235395	392893
"2014.12.07"	"Pakistan"	"Taimuria"	1	1	2	30741	25853	56594	157499	235396	392895
"2014.12.07"	"Afghanistan"	"Bashran"	1	0	1	30742	25853	56595	157500	235396	392896
"2014.12.07"	"Saudi Arabia"	"Ortawwiyah"	1	1	2	30743	25854	56597	157501	235397	392898
"2014.12.08"	"Bahrain"	"Damistan"	1	0	1	30744	25854	56598	157502	235397	392899
"2014.12.08"	"Syria"	"Sulouk"	1	0	1	30745	25854	56599	157503	235397	392900
"2014.12.08"	"Iraq"	"Hawija"	19	0	19	30764	25854	56618	157522	235397	392919
"2014.12.08"	"Afghanistan"	"Kandahar"	5	7	12	30769	25861	56630	157527	235404	392931
"2014.12.08"	"Pakistan"	"Buner"	2	0	2	30771	25861	56632	157529	235404	392933
"2014.12.08"	"Yemen"	"Sanaa"	15	36	51	30786	25897	56683	157544	235440	392984
"2014.12.09"	"Pakistan"	"Athara Hazari"	6	1	7	30792	25898	56690	157550	235441	392991
"2014.12.09"	"Pakistan"	"Faisalabad"	1	0	1	30793	25898	56691	157551	235441	392992
"2014.12.09"	"Syria"	"Wilayet al-Furat"	1	0	1	30794	25898	56692	157552	235441	392993
"2014.12.09"	"Philippines"	"Maramag"	10	42	52	30804	25940	56744	157562	235483	393045
"2014.12.09"	"Iraq"	"Muqdadiyah"	2	0	2	30806	25940	56746	157564	235483	393047
"2014.12.09"	"Iraq"	"Kirkuk"	1	2	3	30807	25942	56749	157565	235485	393050
"2014.12.09"	"Iraq"	"Baghdad"	4	0	4	30811	25942	56753	157569	235485	393054
"2014.12.09"	"Afghanistan"	"Haska Mina"	4	0	4	30815	25942	56757	157573	235485	393058
"2014.12.09"	"Yemen"	"Sayoun"	7	8	15	30822	25950	56772	157580	235493	393073
"2014.12.09"	"Bosnia"	"Trnovi"	0	1	1	30822	25951	56773	157580	235494	393074
"2014.12.10"	"Thailand"	"Songkhla"	1	1	2	30823	25952	56775	157581	235495	393076
"2014.12.10"	"Iraq"	"Tikrit"	9	13	22	30832	25965	56797	157590	235508	393098
"2014.12.10"	"Iraq"	"Maqalaa"	16	0	16	30848	25965	56813	157606	235508	393114
"2014.12.10"	"Iraq"	"Baghdad"	6	23	29	30854	25988	56842	157612	235531	393143
"2014.12.10"	"Somalia"	"Tayeglow"	2	0	2	30856	25988	56844	157614	235531	393145
"2014.12.10"	"Nigeria"	"Kano"	7	30	37	30863	26018	56881	157621	235561	393182
"2014.12.10"	"Nigeria"	"Gajigana"	13	0	13	30876	26018	56894	157634	235561	393195
"2014.12.10"	"Iraq"	"Mkeshiefa"	38	0	38	30914	26018	56932	157672	235561	393233
"2014.12.11"	"Iraq"	"Ramadi"	2	0	2	30916	26018	56934	157674	235561	393235
"2014.12.11"	"Iraq"	"Baghdad"	4	0	4	30920	26018	56938	157678	235561	393239
"2014.12.11"	"Afghanistan"	"Kabul"	2	16	18	30922	26034	56956	157680	235577	393257
"2014.12.11"	"Afghanistan"	"Kabul"	6	11	17	30928	26045	56973	157686	235588	393274
"2014.12.11"	"Nigeria"	"Jos"	37	47	84	30965	26092	57057	157723	235635	393358
"2014.12.11"	"Uganda"	"Kaliro"	1	1	2	30966	26093	57059	157724	235636	393360
"2014.12.12"	"Syria"	"Manbij"	2	0	2	30968	26093	57061	157726	235636	393362
"2014.12.12"	"Iraq"	"Beiji"	8	0	8	30976	26093	57069	157734	235636	393370
"2014.12.12"	"India"	"Sopore"	1	0	1	30977	26093	57070	157735	235636	393371
"2014.12.12"	"Iraq"	"Muqdadiyah"	8	21	29	30985	26114	57099	157743	235657	393400
"2014.12.12"	"Israel"	"Gush Etzion"	0	5	5	30985	26119	57104	157743	235662	393405
"2014.12.12"	"Syria"	"Aleppo"	152	436	588	31137	26555	57692	157895	236098	393993
"2014.12.12"	"Iraq"	"Karbalah"	1	7	8	31138	26562	57700	157896	236105	394001
"2014.12.12"	"Algeria"	"Fercha"	1	0	1	31139	26562	57701	157897	236105	394002
"2014.12.12"	"Yemen"	"Rada"	6	0	6	31145	26562	57707	157903	236105	394008
"2014.12.12"	"Iraq"	"Ramadi"	14	10	24	31159	26572	57731	157917	236115	394032
"2014.12.13"	"Somalia"	"Bur Hakaba"	2	0	2	31161	26572	57733	157919	236115	394034
"2014.12.13"	"Somalia"	"Qandho"	1	0	1	31162	26572	57734	157920	236115	394035
"2014.12.13"	"Iraq"	"Haditha"	12	17	29	31174	26589	57763	157932	236132	394064
"2014.12.13"	"Iraq"	"Mosul"	2	0	2	31176	26589	57765	157934	236132	394066
"2014.12.13"	"Iraq"	"al-Wafa"	19	0	19	31195	26589	57784	157953	236132	394085
"2014.12.13"	"Iraq"	"al-Baghdadi"	21	0	21	31216	26589	57805	157974	236132	394106
"2014.12.13"	"Afghanistan"	"Lashkar Gah"	12	6	18	31228	26595	57823	157986	236138	394124
"2014.12.13"	"Afghanistan"	"Kabul"	7	18	25	31235	26613	57848	157993	236156	394149
"2014.12.13"	"Afghanistan"	"Kabul"	1	0	1	31236	26613	57849	157994	236156	394150
"2014.12.13"	"Syria"	"Homs"	4	0	4	31240	26613	57853	157998	236156	394154
"2014.12.14"	"Afghanistan"	"Kunduz"	1	2	3	31241	26615	57856	157999	236158	394157
"2014.12.14"	"Afghanistan"	"Ghurband"	4	4	8	31245	26619	57864	158003	236162	394165
"2014.12.14"	"Egypt"	"al-Arish"	1	1	2	31246	26620	57866	158004	236163	394167
"2014.12.14"	"Iraq"	"Mosul"	3	0	3	31249	26620	57869	158007	236163	394170
"2014.12.14"	"Saudi Arabia"	"Awamiya"	1	0	1	31250	26620	57870	158008	236163	394171
"2014.12.14"	"Nigeria"	"Gumsuri"	33	191	224	31283	26811	58094	158041	236354	394395
"2014.12.15"	"Pakistan"	"Karachi"	1	0	1	31284	26811	58095	158042	236354	394396
"2014.12.15"	"Nigeria"	"Cross Kawa"	10	2	12	31294	26813	58107	158052	236356	394408
"2014.12.15"	"Saudi Arabia"	"Riyadh"	1	2	3	31295	26815	58110	158053	236358	394411
"2014.12.15"	"Syria"	"Yarmouk"	2	0	2	31297	26815	58112	158055	236358	394413
"2014.12.15"	"Afghanistan"	"Sabokhil"	1	1	2	31298	26816	58114	158056	236359	394415
"2014.12.15"	"Somalia"	"Lower Shabelle"	10	0	10	31308	26816	58124	158066	236359	394425
"2014.12.15"	"Syria"	"Raqqa"	1	0	1	31309	26816	58125	158067	236359	394426
"2014.12.15"	"Pakistan"	"Tangy"	1	0	1	31310	26816	58126	158068	236359	394427
"2014.12.15"	"Australia"	"Sydney"	2	5	7	31312	26821	58133	158070	236364	394434
"2014.12.15"	"Iraq"	"Mosul"	30	0	30	31342	26821	58163	158100	236364	394464
"2014.12.15"	"Iraq"	"al-Alam"	17	0	17	31359	26821	58180	158117	236364	394481
"2014.12.15"	"Syria"	"Raqqa"	100	0	100	31459	26821	58280	158217	236364	394581
"2014.12.16"	"Iraq"	"Mosul"	13	0	13	31472	26821	58293	158230	236364	394594
"2014.12.16"	"Yemen"	"Radaa"	31	12	43	31503	26833	58336	158261	236376	394637
"2014.12.16"	"Pakistan"	"Peshawar"	148	122	270	31651	26955	58606	158409	236498	394907
"2014.12.16"	"Iraq"	"Khan Bani Saad"	2	0	2	31653	26955	58608	158411	236498	394909
"2014.12.16"	"Syria"	"Haresta"	18	0	18	31671	26955	58626	158429	236498	394927
"2014.12.16"	"CAR"	"Mbres"	1	0	1	31672	26955	58627	158430	236498	394928
"2014.12.17"	"Nigeria"	"Angwan Dauda"	5	0	5	31677	26955	58632	158435	236498	394933
"2014.12.17"	"Nigeria"	"Sabon Gida Shagogo"	10	0	10	31687	26955	58642	158445	236498	394943
"2014.12.17"	"Iraq"	"Abu Ghraib"	4	5	9	31691	26960	58651	158449	236503	394952
"2014.12.17"	"Iraq"	"Anbar"	150	0	150	31841	26960	58801	158599	236503	395102
"2014.12.17"	"Syria"	"Deir al-Zor"	230	0	230	32071	26960	59031	158829	236503	395332
"2014.12.17"	"Afghanistan"	"Jalalabad"	2	5	7	32073	26965	59038	158831	236508	395339
"2014.12.17"	"Afghanistan"	"Lashkar Gah"	10	14	24	32083	26979	59062	158841	236522	395363
"2014.12.18"	"Iraq"	"Qasreej"	7	0	7	32090	26979	59069	158848	236522	395370
"2014.12.18"	"Iraq"	"Mahmoudiya"	4	0	4	32094	26979	59073	158852	236522	395374
"2014.12.18"	"Iraq"	"Mosul"	2	0	2	32096	26979	59075	158854	236522	395376
"2014.12.18"	"Iraq"	"Baghdad"	4	6	10	32100	26985	59085	158858	236528	395386
"2014.12.18"	"Yemen"	"Hodeida"	18	15	33	32118	27000	59118	158876	236543	395419
"2014.12.18"	"Pakistan"	"Damadola"	3	0	3	32121	27000	59121	158879	236543	395422
"2014.12.18"	"Afghanistan"	"Kabul"	1	3	4	32122	27003	59125	158880	236546	395426
"2014.12.18"	"Iraq"	"Nahyat al-Alam"	1	0	1	32123	27003	59126	158881	236546	395427
"2014.12.18"	"USA"	"Morganton"	1	0	1	32124	27003	59127	158882	236546	395428
"2014.12.19"	"Pakistan"	"Muridke"	2	0	2	32126	27003	59129	158884	236546	395430
"2014.12.19"	"Pakistan"	"Daudzai"	1	0	1	32127	27003	59130	158885	236546	395431
"2014.12.19"	"Yemen"	"Seyun"	3	5	8	32130	27008	59138	158888	236551	395439
"2014.12.19"	"Afghanistan"	"Laghman"	1	6	7	32131	27014	59145	158889	236557	395446
"2014.12.19"	"Iraq"	"Baghdad"	3	7	10	32134	27021	59155	158892	236564	395456
"2014.12.19"	"Iraq"	"Baghdad"	2	8	10	32136	27029	59165	158894	236572	395466
"2014.12.19"	"Iraq"	"Baghdad"	2	0	2	32138	27029	59167	158896	236572	395468
"2014.12.19"	"Iraq"	"Baghdad"	4	9	13	32142	27038	59180	158900	236581	395481
"2014.12.20"	"Iraq"	"Taji"	3	12	15	32145	27050	59195	158903	236593	395496
"2014.12.20"	"Iraq"	"Tikrit"	17	0	17	32162	27050	59212	158920	236593	395513
"2014.12.20"	"Iraq"	"Hardan"	70	0	70	32232	27050	59282	158990	236593	395583
"2014.12.20"	"Iraq"	"Madain"	4	9	13	32236	27059	59295	158994	236602	395596
"2014.12.20"	"Syria"	"Aleppo"	1	0	1	32237	27059	59296	158995	236602	395597
"2014.12.20"	"France"	"Joue-les-Tours"	0	3	3	32237	27062	59299	158995	236605	395600
"2014.12.20"	"Afghanistan"	"Jawzjan"	7	4	11	32244	27066	59310	159002	236609	395611
"2014.12.20"	"Afghanistan"	"Kunar"	7	3	10	32251	27069	59320	159009	236612	395621
"2014.12.20"	"Nigeria"	"Gwoza"	50	0	50	32301	27069	59370	159059	236612	395671
"2014.12.21"	"Afghanistan"	"Shor Darya"	5	0	5	32306	27069	59375	159064	236612	395676
"2014.12.21"	"Yemen"	"Arhab"	4	26	30	32310	27095	59405	159068	236638	395706
"2014.12.21"	"France"	"Dijon"	0	13	13	32310	27108	59418	159068	236651	395719
"2014.12.21"	"Iraq"	"Muqdadiya"	2	4	6	32312	27112	59424	159070	236655	395725
"2014.12.21"	"Iraq"	"Mosul"	5	0	5	32317	27112	59429	159075	236655	395730
"2014.12.21"	"Yemen"	"Arhab"	42	0	42	32359	27112	59471	159117	236655	395772
"2014.12.22"	"Pakistan"	"Gulberg"	1	2	3	32360	27114	59474	159118	236657	395775
"2014.12.22"	"Nigeria"	"Bauchi"	8	20	28	32368	27134	59502	159126	236677	395803
"2014.12.22"	"France"	"Nantes"	1	9	10	32369	27143	59512	159127	236686	395813
"2014.12.22"	"Nigeria"	"Gombe"	20	21	41	32389	27164	59553	159147	236707	395854
"2014.12.23"	"Somalia"	"Kismayo"	1	2	3	32390	27166	59556	159148	236709	395857
"2014.12.23"	"Iraq"	"Jurf al-Sakhar"	20	0	20	32410	27166	59576	159168	236709	395877
"2014.12.23"	"Iraq"	"Baghdad"	2	7	9	32412	27173	59585	159170	236716	395886
"2014.12.23"	"Afghanistan"	"Kunduz"	1	6	7	32413	27179	59592	159171	236722	395893
"2014.12.23"	"Yemen"	"Sanaa"	1	2	3	32414	27181	59595	159172	236724	395896
"2014.12.23"	"Egypt"	"Sinai"	2	0	2	32416	27181	59597	159174	236724	395898
"2014.12.23"	"Libya"	"Sirte"	2	1	3	32418	27182	59600	159176	236725	395901
"2014.12.23"	"Yemen"	"Sanaa"	2	2	4	32420	27184	59604	159178	236727	395905
"2014.12.23"	"Uganda"	"Mayuge"	1	0	1	32421	27184	59605	159179	236727	395906
"2014.12.24"	"Iraq"	"Yusufiya"	4	7	11	32425	27191	59616	159183	236734	395917
"2014.12.24"	"Iraq"	"al-Baghdadi"	4	0	4	32429	27191	59620	159187	236734	395921
"2014.12.24"	"Iraq"	"Madain"	43	61	104	32472	27252	59724	159230	236795	396025
"2014.12.24"	"Somalia"	"Garbahaarreey"	2	0	2	32474	27252	59726	159232	236795	396027
"2014.12.25"	"DRC"	"Ndalya"	10	12	22	32484	27264	59748	159242	236807	396049
"2014.12.25"	"Libya"	"Benghazi"	20	0	20	32504	27264	59768	159262	236807	396069
"2014.12.25"	"Libya"	"al-Sidra"	22	0	22	32526	27264	59790	159284	236807	396091
"2014.12.25"	"Egypt"	"al-Arish"	1	1	2	32527	27265	59792	159285	236808	396093
"2014.12.25"	"Somalia"	"Mogadishu"	4	0	4	32531	27265	59796	159289	236808	396097
"2014.12.25"	"Libya"	"Sirte"	1	0	1	32532	27265	59797	159290	236808	396098
"2014.12.25"	"Israel"	"Jerusalem"	0	2	2	32532	27267	59799	159290	236810	396100
"2014.12.25"	"Afghanistan"	"Faryab"	2	1	3	32534	27268	59802	159292	236811	396103
"2014.12.25"	"Iraq"	"Jalawla"	10	0	10	32544	27268	59812	159302	236811	396113
"2014.12.26"	"Afghanistan"	"Kandahar"	4	0	4	32548	27268	59816	159306	236811	396117
"2014.12.26"	"Afghanistan"	"Nad-e-Ali"	3	0	3	32551	27268	59819	159309	236811	396120
"2014.12.26"	"Pakistan"	"Sarki Mela"	1	2	3	32552	27270	59822	159310	236813	396123
"2014.12.27"	"Yemen"	"Sanaa"	12	0	12	32564	27270	59834	159322	236813	396135
"2014.12.27"	"Iraq"	"Tuz Khurmatu"	1	0	1	32565	27270	59835	159323	236813	396136
"2014.12.27"	"Cameroon"	"Mozogo"	30	3	33	32595	27273	59868	159353	236816	396169
"2014.12.27"	"Afghanistan"	"Wardak"	3	5	8	32598	27278	59876	159356	236821	396177
"2014.12.27"	"Pakistan"	"Bhiri Sha Rehman"	1	0	1	32599	27278	59877	159357	236821	396178
"2014.12.27"	"Egypt"	"Cairo"	2	0	2	32601	27278	59879	159359	236821	396180
"2014.12.27"	"Indonesia"	"Tamadue"	1	2	3	32602	27280	59882	159360	236823	396183
"2014.12.27"	"Nigeria"	"Tattaura"	10	0	10	32612	27280	59892	159370	236823	396193
"2014.12.28"	"India"	"Bangalore"	1	3	4	32613	27283	59896	159371	236826	396197
"2014.12.28"	"Uganda"	"Kampala"	1	0	1	32614	27283	59897	159372	236826	396198
"2014.12.28"	"Iran"	"Saravan"	3	0	3	32617	27283	59900	159375	236826	396201
"2014.12.28"	"Egypt"	"Alexandria"	1	4	5	32618	27287	59905	159376	236830	396206
"2014.12.28"	"Yemen"	"Aden"	1	2	3	32619	27289	59908	159377	236832	396209
"2014.12.28"	"Afghanistan"	"Lahgman"	2	2	4	32621	27291	59912	159379	236834	396213
"2014.12.28"	"Syria"	"Aleppo"	6	10	16	32627	27301	59928	159385	236844	396229
"2014.12.28"	"Nigeria"	"Potiskum"	1	0	1	32628	27301	59929	159386	236844	396230
"2014.12.29"	"Afghanistan"	"Helmand"	4	3	7	32632	27304	59936	159390	236847	396237
"2014.12.29"	"Syria"	"Deir al-Zor"	70	0	70	32702	27304	60006	159460	236847	396307
"2014.12.29"	"Yemen"	"Marib"	1	2	3	32703	27306	60009	159461	236849	396310
"2014.12.29"	"Iraq"	"al-Baghdadi"	4	13	17	32707	27319	60026	159465	236862	396327
"2014.12.29"	"Iraq"	"Baqubah"	2	3	5	32709	27322	60031	159467	236865	396332
"2014.12.29"	"Afghanistan"	"Kandahar"	1	0	1	32710	27322	60032	159468	236865	396333
"2014.12.29"	"Iraq"	"Taji"	17	35	52	32727	27357	60084	159485	236900	396385
"2014.12.29"	"Syria"	"Homs"	8	12	20	32735	27369	60104	159493	236912	396405
"2014.12.29"	"Yemen"	"Hadramawt"	2	11	13	32737	27380	60117	159495	236923	396418
"2014.12.29"	"Nigeria"	"Kautikari"	15	0	15	32752	27380	60132	159510	236923	396433
"2014.12.30"	"Somalia"	"Mogadishu"	2	0	2	32754	27380	60134	159512	236923	396435
"2014.12.30"	"Syria"	"Aleppo"	15	5	20	32769	27385	60154	159527	236928	396455
"2014.12.30"	"Iraq"	"Mosul"	3	0	3	32772	27385	60157	159530	236928	396458
"2014.12.30"	"Libya"	"Tobruk"	0	11	11	32772	27396	60168	159530	236939	396469
"2014.12.30"	"Pakistan"	"Karachi"	1	0	1	32773	27396	60169	159531	236939	396470
"2014.12.30"	"Iraq"	"Mosul"	2	0	2	32775	27396	60171	159533	236939	396472
"2014.12.30"	"Syria"	"Raqqa"	13	0	13	32788	27396	60184	159546	236939	396485
"2014.12.31"	"Afghanistan"	"Bati Kot"	2	5	7	32790	27401	60191	159548	236944	396492
"2014.12.31"	"Afghanistan"	"Oruzgan"	3	5	8	32793	27406	60199	159551	236949	396500
"2014.12.31"	"Philippines"	"Mlang"	2	30	32	32795	27436	60231	159553	236979	396532
"2014.12.31"	"Yemen"	"Ibb"	49	70	119	32844	27506	60350	159602	237049	396651
"2014.12.31"	"Afghanistan"	"Qush Tepa"	5	9	14	32849	27515	60364	159607	237058	396665
"2014.12.31"	"Nigeria"	"Fika"	6	6	12	32855	27521	60376	159613	237064	396677
"2014.12.31"	"Pakistan"	"Swat"	3	1	4	32858	27522	60380	159616	237065	396681
"2014.12.31"	"Iran"	"Sarbaz"	2	0	2	32860	27522	60382	159618	237065	396683
"2014.12.31"	"Nigeria"	"Kantoma"	3	0	3	32863	27522	60385	159621	237065	396686
"2015.01.01"	"Afghanistan"	"Jalalabad"	1	2	3	1	2	3	159622	237067	396689
"2015.01.01"	"Iraq"	"Fallujah"	15	0	15	16	2	18	159637	237067	396704
"2015.01.01"	"Iraq"	"Baqubah"	3	0	3	19	2	21	159640	237067	396707
"2015.01.01"	"Iraq"	"Samarrah"	2	5	7	21	7	28	159642	237072	396714
"2015.01.01"	"Iraq"	"Basra"	3	2	5	24	9	33	159645	237074	396719
"2015.01.01"	"Syria"	"Aleppo"	13	18	31	37	27	64	159658	237092	396750
"2015.01.01"	"Afghanistan"	"Kapisa"	1	3	4	38	30	68	159659	237095	396754
"2015.01.01"	"Nigeria"	"Gombe"	0	8	8	38	38	76	159659	237103	396762
"2015.01.01"	"Cameroon"	"Maroua"	15	10	25	53	48	101	159674	237113	396787
"2015.01.01"	"Iraq"	"Yathrib"	7	0	7	60	48	108	159681	237113	396794
"2015.01.01"	"Pakistan"	"Karachi"	1	0	1	61	48	109	159682	237113	396795
"2015.01.02"	"Libya"	"Sukna"	17	0	17	78	48	126	159699	237113	396812
"2015.01.02"	"Nigeria"	"Ambe-Madaki"	15	40	55	93	88	181	159714	237153	396867
"2015.01.02"	"Thailand"	"Narathiwat"	1	0	1	94	88	182	159715	237153	396868
"2015.01.02"	"Iraq"	"Baghdad"	23	0	23	117	88	205	159738	237153	396891
"2015.01.02"	"Iraq"	"Tuz"	3	0	3	120	88	208	159741	237153	396894
"2015.01.02"	"Somalia"	"Baidoa"	7	3	10	127	91	218	159748	237156	396904
"2015.01.02"	"Afghanistan"	"Lashkargah"	4	0	4	131	91	222	159752	237156	396908
"2015.01.02"	"Somalia"	"Galkayo"	1	5	6	132	96	228	159753	237161	396914
"2015.01.02"	"Libya"	"Sabha"	14	0	14	146	96	242	159767	237161	396928
"2015.01.03"	"Mali"	"Gao"	2	0	2	148	96	244	159769	237161	396930
"2015.01.03"	"Iraq"	"Shirquat"	7	0	7	155	96	251	159776	237161	396937
"2015.01.03"	"Iraq"	"Garma"	15	0	15	170	96	266	159791	237161	396952
"2015.01.03"	"Iraq"	"Anbar"	1	0	1	171	96	267	159792	237161	396953
"2015.01.03"	"Nigeria"	"Baga"	1	0	1	172	96	268	159793	237161	396954
"2015.01.04"	"Afghanistan"	"Ghazni"	2	0	2	174	96	270	159795	237161	396956
"2015.01.04"	"Tunisia"	"Zaghouan"	1	0	1	175	96	271	159796	237161	396957
"2015.01.04"	"Yemen"	"Ansarullah"	4	25	29	179	121	300	159800	237186	396986
"2015.01.04"	"Nigeria"	"Kantoma"	2	10	12	181	131	312	159802	237196	396998
"2015.01.04"	"Somalia"	"Mogadishu"	4	1	5	185	132	317	159806	237197	397003
"2015.01.04"	"Iraq"	"Fallujah"	4	5	9	189	137	326	159810	237202	397012
"2015.01.04"	"Nigeria"	"Lugda"	1	4	5	190	141	331	159811	237206	397017
"2015.01.04"	"Somalia"	"Baladweyne"	1	0	1	191	141	332	159812	237206	397018
"2015.01.05"	"Nigeria"	"Baga"	31	0	31	222	141	363	159843	237206	397049
"2015.01.05"	"Afghanistan"	"Kabul"	1	5	6	223	146	369	159844	237211	397055
"2015.01.05"	"Afghanistan"	"Zabul"	2	9	11	225	155	380	159846	237220	397066
"2015.01.05"	"Pakistan"	"Kalya"	5	11	16	230	166	396	159851	237231	397082
"2015.01.05"	"Saudi Arabia"	"Arar"	3	3	6	233	169	402	159854	237234	397088
"2015.01.05"	"Afghanistan"	"Zabul"	3	11	14	236	180	416	159857	237245	397102
"2015.01.05"	"Iraq"	"Salaheddin"	8	0	8	244	180	424	159865	237245	397110
"2015.01.05"	"Mali"	"Nampala"	7	0	7	251	180	431	159872	237245	397117
"2015.01.06"	"Turkey"	"Sultanahmet"	1	1	2	252	181	433	159873	237246	397119
"2015.01.06"	"Dagestan"	"Khasavyurt"	2	2	4	254	183	437	159875	237248	397123
"2015.01.06"	"Pakistan"	"Landhi"	2	0	2	256	183	439	159877	237248	397125
"2015.01.06"	"Iraq"	"Haditha"	7	13	20	263	196	459	159884	237261	397145
"2015.01.06"	"Egypt"	"Cairo"	1	3	4	264	199	463	159885	237264	397149
"2015.01.06"	"Iraq"	"Mosul"	23	0	23	287	199	486	159908	237264	397172
"2015.01.06"	"Iraq"	"Mosul"	2	0	2	289	199	488	159910	237264	397174
"2015.01.06"	"Pakistan"	"Nazimabad"	2	0	2	291	199	490	159912	237264	397176
"2015.01.06"	"Afghanistan"	"Shekhzo"	3	2	5	294	201	495	159915	237266	397181
"2015.01.06"	"Egypt"	"Cairo"	2	0	2	296	201	497	159917	237266	397183
"2015.01.06"	"Iraq"	"al-Jubba"	23	21	44	319	222	541	159940	237287	397227
"2015.01.06"	"Syria"	"Deir al-Zor"	1	0	1	320	222	542	159941	237287	397228
"2015.01.07"	"Iraq"	"Mosul"	320	0	320	640	222	862	160261	237287	397548
"2015.01.07"	"Pakistan"	"Karachi"	2	0	2	642	222	864	160263	237287	397550
"2015.01.07"	"Afghanistan"	"Nawzad"	1	0	1	643	222	865	160264	237287	397551
"2015.01.07"	"Afghanistan"	"Zhari"	2	11	13	645	233	878	160266	237298	397564
"2015.01.07"	"France"	"Paris"	12	10	22	657	243	900	160278	237308	397586
"2015.01.07"	"Afghanistan"	"Baghlan"	0	3	3	657	246	903	160278	237311	397589
"2015.01.07"	"Syria"	"Raqqa"	1	0	1	658	246	904	160279	237311	397590
"2015.01.07"	"Yemen"	"Sanaa"	37	67	104	695	313	1008	160316	237378	397694
"2015.01.07"	"Afghanistan"	"Jalalabad"	1	2	3	696	315	1011	160317	237380	397697
"2015.01.07"	"Afghanistan"	"Baghlan"	6	3	9	702	318	1020	160323	237383	397706
"2015.01.07"	"Iraq"	"Baghdad"	4	11	15	706	329	1035	160327	237394	397721
"2015.01.07"	"Iraq"	"Ghazlani"	5	0	5	711	329	1040	160332	237394	397726
"2015.01.07"	"Iraq"	"Mosul"	4	3	7	715	332	1047	160336	237397	397733
"2015.01.07"	"Pakistan"	"Qila Saifullah"	1	0	1	716	332	1048	160337	237397	397734
"2015.01.07"	"Pakistan"	"Kamra"	1	0	1	717	332	1049	160338	237397	397735
"2015.01.07"	"Nigeria"	"Baga"	2000	500	2500	2717	832	3549	162338	237897	400235
"2015.01.07"	"Nigeria"	"Askira"	26	0	26	2743	832	3575	162364	237897	400261
"2015.01.08"	"Iraq"	"Fallujah"	17	0	17	2760	832	3592	162381	237897	400278
"2015.01.08"	"Pakistan"	"Nazimambad"	2	0	2	2762	832	3594	162383	237897	400280
"2015.01.08"	"Iraq"	"Yusufiyah"	7	21	28	2769	853	3622	162390	237918	400308
"2015.01.08"	"Iraq"	"Samarrah"	8	23	31	2777	876	3653	162398	237941	400339
"2015.01.08"	"Iraq"	"Baghdad"	8	16	24	2785	892	3677	162406	237957	400363
"2015.01.08"	"Libya"	"Barqa"	2	0	2	2787	892	3679	162408	237957	400365
"2015.01.08"	"Syria"	"Abu Khuyut"	1	0	1	2788	892	3680	162409	237957	400366
"2015.01.08"	"France"	"Montrouge"	1	1	2	2789	893	3682	162410	237958	400368
"2015.01.09"	"Iraq"	"Fallujah"	8	0	8	2797	893	3690	162418	237958	400376
"2015.01.09"	"Iraq"	"Jazira"	4	8	12	2801	901	3702	162422	237966	400388
"2015.01.09"	"Pakistan"	"Orakzai"	4	2	6	2805	903	3708	162426	237968	400394
"2015.01.09"	"Iraq"	"Muqdadiya"	1	0	1	2806	903	3709	162427	237968	400395
"2015.01.09"	"France"	"Paris"	4	5	9	2810	908	3718	162431	237973	400404
"2015.01.09"	"Pakistan"	"Rawalpindi"	8	20	28	2818	928	3746	162439	237993	400432
"2015.01.09"	"Pakistan"	"Orakzai"	1	5	6	2819	933	3752	162440	237998	400438
"2015.01.10"	"Nigeria"	"Maiduguri"	20	18	38	2839	951	3790	162460	238016	400476
"2015.01.10"	"Lebanon"	"Tripoli"	8	36	44	2847	987	3834	162468	238052	400520
"2015.01.10"	"Pakistan"	"Baldia"	1	0	1	2848	987	3835	162469	238052	400521
"2015.01.10"	"Iraq"	"Baghdad"	5	11	16	2853	998	3851	162474	238063	400537
"2015.01.10"	"Egypt"	"Sheikh Zuweid"	2	0	2	2855	998	3853	162476	238063	400539
"2015.01.10"	"Pakistan"	"Hayatabad"	1	0	1	2856	998	3854	162477	238063	400540
"2015.01.10"	"Bangladesh"	"Chittagong"	1	0	1	2857	998	3855	162478	238063	400541
"2015.01.10"	"Yemen"	"Sanaa"	2	0	2	2859	998	3857	162480	238063	400543
"2015.01.10"	"Nigeria"	"Potiskum"	1	2	3	2860	1000	3860	162481	238065	400546
"2015.01.10"	"Pakistan"	"Islamabad"	1	0	1	2861	1000	3861	162482	238065	400547
"2015.01.10"	"Iraq"	"Madian"	3	9	12	2864	1009	3873	162485	238074	400559
"2015.01.10"	"Iraq"	"Gwer"	26	0	26	2890	1009	3899	162511	238074	400585
"2015.01.11"	"Iraq"	"Dour"	40	0	40	2930	1009	3939	162551	238074	400625
"2015.01.11"	"Kenya"	"Mombasa"	1	0	1	2931	1009	3940	162552	238074	400626
"2015.01.11"	"Nigeria"	"Potiskum"	6	46	52	2937	1055	3992	162558	238120	400678
"2015.01.11"	"Pakistan"	"Karachi"	2	0	2	2939	1055	3994	162560	238120	400680
"2015.01.12"	"Iraq"	"Mosul"	13	0	13	2952	1055	4007	162573	238120	400693
"2015.01.12"	"Iraq"	"Baqubah"	2	8	10	2954	1063	4017	162575	238128	400703
"2015.01.12"	"Iraq"	"Mosul"	2	0	2	2956	1063	4019	162577	238128	400705
"2015.01.12"	"Pakistan"	"Mekhtar"	7	1	8	2963	1064	4027	162584	238129	400713
"2015.01.12"	"Afghanistan"	"Khost"	1	0	1	2964	1064	4028	162585	238129	400714
"2015.01.12"	"Iraq"	"Abasiyat"	12	18	30	2976	1082	4058	162597	238147	400744
"2015.01.12"	"Cameroon"	"Kolofata"	1	6	7	2977	1088	4065	162598	238153	400751
"2015.01.12"	"Egypt"	"Rafah"	1	0	1	2978	1088	4066	162599	238153	400752
"2015.01.12"	"Iraq"	"Mosul"	5	0	5	2983	1088	4071	162604	238153	400757
"2015.01.13"	"Afghanistan"	"Kabul"	2	2	4	2985	1090	4075	162606	238155	400761
"2015.01.13"	"Libya"	"Ajdabiya"	3	4	7	2988	1094	4082	162609	238159	400768
"2015.01.13"	"Syria"	"Raqaa"	2	0	2	2990	1094	4084	162611	238159	400770
"2015.01.13"	"Iraq"	"Samarrah"	4	18	22	2994	1112	4106	162615	238177	400792
"2015.01.13"	"Pakistan"	"Rizvia"	2	0	2	2996	1112	4108	162617	238177	400794
"2015.01.13"	"Afghanistan"	"Paktia"	3	0	3	2999	1112	4111	162620	238177	400797
"2015.01.13"	"Iraq"	"Diyala"	3	0	3	3002	1112	4114	162623	238177	400800
"2015.01.13"	"Egypt"	"Luxor"	1	0	1	3003	1112	4115	162624	238177	400801
"2015.01.14"	"Iraq"	"Jalawa"	6	0	6	3009	1112	4121	162630	238177	400807
"2015.01.14"	"Iraq"	"al-Karma"	11	0	11	3020	1112	4132	162641	238177	400818
"2015.01.14"	"Iraq"	"Kobachi"	16	0	16	3036	1112	4148	162657	238177	400834
"2015.01.14"	"Pakistan"	"Dera Ismail Khan"	1	0	1	3037	1112	4149	162658	238177	400835
"2015.01.14"	"Pakistan"	"Dera Ismail Khan"	3	3	6	3040	1115	4155	162661	238180	400841
"2015.01.14"	"Somalia"	"Puntland"	2	3	5	3042	1118	4160	162663	238183	400846
"2015.01.14"	"Syria"	"Idlib"	1	0	1	3043	1118	4161	162664	238183	400847
"2015.01.14"	"Nigeria"	"Gombe"	2	14	16	3045	1132	4177	162666	238197	400863
"2015.01.15"	"Iraq"	"Qayara"	3	0	3	3048	1132	4180	162669	238197	400866
"2015.01.15"	"Syria"	"Mosul"	2	0	2	3050	1132	4182	162671	238197	400868
"2015.01.15"	"Afghanistan"	"Almar"	2	1	3	3052	1133	4185	162673	238198	400871
"2015.01.15"	"Algeria"	"Kabylie"	1	0	1	3053	1133	4186	162674	238198	400872
"2015.01.15"	"Syria"	"Mayadin"	1	0	1	3054	1133	4187	162675	238198	400873
"2015.01.16"	"Niger"	"Zinder"	1	22	23	3055	1155	4210	162676	238220	400896
"2015.01.16"	"Nigeria"	"Gombe"	6	10	16	3061	1165	4226	162682	238230	400912
"2015.01.16"	"Iraq"	"Baghdad"	4	13	17	3065	1178	4243	162686	238243	400929
"2015.01.16"	"Iraq"	"Zalaya"	8	12	20	3073	1190	4263	162694	238255	400949
"2015.01.16"	"Iraq"	"Husseiniya"	3	11	14	3076	1201	4277	162697	238266	400963
"2015.01.16"	"Iraq"	"Baqubah"	1	0	1	3077	1201	4278	162698	238266	400964
"2015.01.16"	"Iraq"	"Mosul"	1	0	1	3078	1201	4279	162699	238266	400965
"2015.01.16"	"Mali"	"Tenenkou"	9	0	9	3087	1201	4288	162708	238266	400974
"2015.01.16"	"Syria"	"Deir Ezzor"	16	0	16	3103	1201	4304	162724	238266	400990
"2015.01.17"	"Iraq"	"Sadr City"	9	25	34	3112	1226	4338	162733	238291	401024
"2015.01.17"	"Iraq"	"Samarra"	22	0	22	3134	1226	4360	162755	238291	401046
"2015.01.17"	"Iraq"	"Mosul"	5	0	5	3139	1226	4365	162760	238291	401051
"2015.01.17"	"Somalia"	"Baidoa"	1	0	1	3140	1226	4366	162761	238291	401052
"2015.01.17"	"Pakistan"	"Rawalpindi"	3	0	3	3143	1226	4369	162764	238291	401055
"2015.01.17"	"Niger"	"Zinder"	1	0	1	3144	1226	4370	162765	238291	401056
"2015.01.17"	"Mali"	"Kidal"	1	1	2	3145	1227	4372	162766	238292	401058
"2015.01.17"	"India"	"Kulgam"	1	1	2	3146	1228	4374	162767	238293	401060
"2015.01.17"	"Iraq"	"Iskandariyah"	4	14	18	3150	1242	4392	162771	238307	401078
"2015.01.17"	"Iraq"	"Sabaa al-Bour"	5	14	19	3155	1256	4411	162776	238321	401097
"2015.01.17"	"Syria"	"Deir Ezzor"	17	0	17	3172	1256	4428	162793	238321	401114
"2015.01.17"	"Indonesia"	"Tamadue"	5	0	5	3177	1256	4433	162798	238321	401119
"2015.01.18"	"Iraq"	"Baiji"	12	6	18	3189	1262	4451	162810	238327	401137
"2015.01.18"	"Pakistan"	"Korangi"	1	0	1	3190	1262	4452	162811	238327	401138
"2015.01.18"	"Pakistan"	"Nazimabad"	2	0	2	3192	1262	4454	162813	238327	401140
"2015.01.18"	"India"	"Bihar"	1	0	1	3193	1262	4455	162814	238327	401141
"2015.01.18"	"Afghanistan"	"Kandahar"	0	3	3	3193	1265	4458	162814	238330	401144
"2015.01.18"	"Nigeria"	"Potiskum"	4	48	52	3197	1313	4510	162818	238378	401196
"2015.01.18"	"Cameroon"	"Tourou"	4	24	28	3201	1337	4538	162822	238402	401224
"2015.01.18"	"Afghanistan"	"Helmand"	4	10	14	3205	1347	4552	162826	238412	401238
"2015.01.18"	"Jordan"	"Zarqa"	1	0	1	3206	1347	4553	162827	238412	401239
"2015.01.19"	"Syria"	"Damascus"	1	2	3	3207	1349	4556	162828	238414	401242
"2015.01.19"	"Iraq"	"Hajaj"	7	12	19	3214	1361	4575	162835	238426	401261
"2015.01.19"	"Iraq"	"Mahmoudiya"	2	9	11	3216	1370	4586	162837	238435	401272
"2015.01.19"	"Pakistan"	"Karachi"	1	0	1	3217	1370	4587	162838	238435	401273
"2015.01.19"	"Afghanistan"	"Khost"	1	6	7	3218	1376	4594	162839	238441	401280
"2015.01.19"	"Pakistan"	"Karachi"	4	1	5	3222	1377	4599	162843	238442	401285
"2015.01.19"	"Afghanistan"	"Laghman"	2	1	3	3224	1378	4602	162845	238443	401288
"2015.01.20"	"Iraq"	"Baghdad"	5	11	16	3229	1389	4618	162850	238454	401304
"2015.01.20"	"Iraq"	"Diyala"	26	0	26	3255	1389	4644	162876	238454	401330
"2015.01.20"	"Iraq"	"Sadr City"	3	7	10	3258	1396	4654	162879	238461	401340
"2015.01.20"	"Afghanistan"	"Jaghuri"	8	2	10	3266	1398	4664	162887	238463	401350
"2015.01.20"	"Iraq"	"Mosul"	1	0	1	3267	1398	4665	162888	238463	401351
"2015.01.21"	"Iraq"	"Albu Ghanem"	2	13	15	3269	1411	4680	162890	238476	401366
"2015.01.21"	"Israel"	"Tel Aviv"	0	13	13	3269	1424	4693	162890	238489	401379
"2015.01.21"	"Syria"	"Homs"	7	30	37	3276	1454	4730	162897	238519	401416
"2015.01.21"	"Syria"	"New Sabri"	2	35	37	3278	1489	4767	162899	238554	401453
"2015.01.22"	"Iraq"	"Samarra"	4	14	18	3282	1503	4785	162903	238568	401471
"2015.01.22"	"Afghanistan"	"Lashkar Gah"	2	16	18	3284	1519	4803	162905	238584	401489
"2015.01.22"	"Iraq"	"Taji"	8	21	29	3292	1540	4832	162913	238605	401518
"2015.01.22"	"Libya"	"Sirte"	2	0	2	3294	1540	4834	162915	238605	401520
"2015.01.22"	"Somalia"	"Mogadishu"	5	23	28	3299	1563	4862	162920	238628	401548
"2015.01.23"	"Iraq"	"Sinjar"	50	0	50	3349	1563	4912	162970	238628	401598
"2015.01.23"	"Iraq"	"Basra"	5	0	5	3354	1563	4917	162975	238628	401603
"2015.01.23"	"Iraq"	"Muqdadiyah"	7	0	7	3361	1563	4924	162982	238628	401610
"2015.01.23"	"Nigeria"	"Kambari"	15	0	15	3376	1563	4939	162997	238628	401625
"2015.01.23"	"Syria"	"Raqqa"	1	0	1	3377	1563	4940	162998	238628	401626
"2015.01.23"	"Libya"	"Tripoli"	1	0	1	3378	1563	4941	162999	238628	401627
"2015.01.23"	"Philippines"	"Zamboanga"	2	54	56	3380	1617	4997	163001	238682	401683
"2015.01.23"	"Iraq"	"Baghdad"	2	11	13	3382	1628	5010	163003	238693	401696
"2015.01.23"	"Iraq"	"Mosul"	4	0	4	3386	1628	5014	163007	238693	401700
"2015.01.23"	"Lebanon"	"Ras Baalbak"	3	7	10	3389	1635	5024	163010	238700	401710
"2015.01.23"	"Syria"	"Damascus"	1	6	7	3390	1641	5031	163011	238706	401717
"2015.01.23"	"Nigeria"	"Bantaje"	1	0	1	3391	1641	5032	163012	238706	401718
"2015.01.24"	"Iraq"	"Zafaraniyah"	4	13	17	3395	1654	5049	163016	238719	401735
"2015.01.24"	"Iraq"	"Baghdad"	3	8	11	3398	1662	5060	163019	238727	401746
"2015.01.24"	"Iraq"	"Baghdad"	3	8	11	3401	1670	5071	163022	238735	401757
"2015.01.24"	"Iraq"	"al-Amin"	3	7	10	3404	1677	5081	163025	238742	401767
"2015.01.24"	"Pakistan"	"Korangi"	2	0	2	3406	1677	5083	163027	238742	401769
"2015.01.25"	"Iraq"	"Baghdad"	7	11	18	3413	1688	5101	163034	238753	401787
"2015.01.25"	"Iraq"	"Baghdad"	4	8	12	3417	1696	5113	163038	238761	401799
"2015.01.25"	"Philippines"	"Barangay Tukanalipao"	49	11	60	3466	1707	5173	163087	238772	401859
"2015.01.25"	"Iraq"	"Arab Jabour"	3	2	5	3469	1709	5178	163090	238774	401864
"2015.01.25"	"Syria"	"Aleppo"	3	11	14	3472	1720	5192	163093	238785	401878
"2015.01.25"	"Iraq"	"Tikrit"	4	0	4	3476	1720	5196	163097	238785	401882
"2015.01.25"	"Pakistan"	"Karachi"	1	0	1	3477	1720	5197	163098	238785	401883
"2015.01.25"	"Iraq"	"Mosul"	7	0	7	3484	1720	5204	163105	238785	401890
"2015.01.25"	"Syria"	"Damascus"	7	43	50	3491	1763	5254	163112	238828	401940
"2015.01.25"	"Iraq"	"Mosul"	1	0	1	3492	1763	5255	163113	238828	401941
"2015.01.26"	"Nigeria"	"Michika"	30	6	36	3522	1769	5291	163143	238834	401977
"2015.01.26"	"Syria"	"al-Shadadi"	1	0	1	3523	1769	5292	163144	238834	401978
"2015.01.26"	"Iraq"	"Abu Ghraib"	6	8	14	3529	1777	5306	163150	238842	401992
"2015.01.26"	"Iraq"	"Barwanah"	72	0	72	3601	1777	5378	163222	238842	402064
"2015.01.26"	"Afghanistan"	"Kabul"	1	0	1	3602	1777	5379	163223	238842	402065
"2015.01.26"	"Pakistan"	"Karachi"	1	0	1	3603	1777	5380	163224	238842	402066
"2015.01.26"	"Yemen"	"Abyan"	5	0	5	3608	1777	5385	163229	238842	402071
"2015.01.27"	"Iraq"	"Saladin"	10	0	10	3618	1777	5395	163239	238842	402081
"2015.01.27"	"Iraq"	"Maria"	6	0	6	3624	1777	5401	163245	238842	402087
"2015.01.27"	"Iraq"	"Mosul"	10	0	10	3634	1777	5411	163255	238842	402097
"2015.01.27"	"Libya"	"Tripoli"	10	2	12	3644	1779	5423	163265	238844	402109
"2015.01.27"	"Egypt"	"Alexandria"	1	2	3	3645	1781	5426	163266	238846	402112
"2015.01.27"	"Afghanistan"	"Kot"	2	0	2	3647	1781	5428	163268	238846	402114
"2015.01.27"	"India"	"Tral"	1	1	2	3648	1782	5430	163269	238847	402116
"2015.01.27"	"Iraq"	"Tikrit"	6	4	10	3654	1786	5440	163275	238851	402126
"2015.01.28"	"Somalia"	"Kismayu"	13	0	13	3667	1786	5453	163288	238851	402139
"2015.01.28"	"Afghanistan"	"Ghanzi"	11	6	17	3678	1792	5470	163299	238857	402156
"2015.01.28"	"Pakistan"	"Sargodha"	4	0	4	3682	1792	5474	163303	238857	402160
"2015.01.28"	"Afghanistan"	"Herat"	1	2	3	3683	1794	5477	163304	238859	402163
"2015.01.28"	"Lebanon"	"Shebaa Farms"	2	7	9	3685	1801	5486	163306	238866	402172
"2015.01.28"	"Mali"	"Tabankort"	9	0	9	3694	1801	5495	163315	238866	402181
"2015.01.28"	"Yemen"	"Radda"	7	5	12	3701	1806	5507	163322	238871	402193
"2015.01.28"	"Nigeria"	"Adamawa"	10	0	10	3711	1806	5517	163332	238871	402203
"2015.01.29"	"Iraq"	"Latifiyah"	1	2	3	3712	1808	5520	163333	238873	402206
"2015.01.29"	"Egypt"	"Sheikh Zuweid"	3	0	3	3715	1808	5523	163336	238873	402209
"2015.01.29"	"Afghanistan"	"Kabul"	3	1	4	3718	1809	5527	163339	238874	402213
"2015.01.29"	"Iraq"	"Youssifiyah"	4	12	16	3722	1821	5543	163343	238886	402229
"2015.01.29"	"Iraq"	"Mahmoudiya"	2	10	12	3724	1831	5555	163345	238896	402241
"2015.01.29"	"Yemen"	"Marib"	2	2	4	3726	1833	5559	163347	238898	402245
"2015.01.29"	"Iraq"	"Mishahada"	7	28	35	3733	1861	5594	163354	238926	402280
"2015.01.29"	"Iraq"	"Tarmiya"	3	11	14	3736	1872	5608	163357	238937	402294
"2015.01.29"	"Egypt"	"Rafah"	1	6	7	3737	1878	5615	163358	238943	402301
"2015.01.29"	"Afghanistan"	"Mesri Kala"	4	0	4	3741	1878	5619	163362	238943	402305
"2015.01.29"	"Afghanistan"	"Jalalabad"	1	2	3	3742	1880	5622	163363	238945	402308
"2015.01.29"	"Egypt"	"al-Arish"	26	58	84	3768	1938	5706	163389	239003	402392
"2015.01.29"	"Afghanistan"	"Mehtarlam"	16	39	55	3784	1977	5761	163405	239042	402447
"2015.01.29"	"Ireland"	"North Belfast"	1	0	1	3785	1977	5762	163406	239042	402448
"2015.01.30"	"Iraq"	"Baghdad"	27	30	57	3812	2007	5819	163433	239072	402505
"2015.01.30"	"Iraq"	"Jalawla"	7	0	7	3819	2007	5826	163440	239072	402512
"2015.01.30"	"Iraq"	"Samarrah"	14	29	43	3833	2036	5869	163454	239101	402555
"2015.01.30"	"Iraq"	"Nukhaib"	6	0	6	3839	2036	5875	163460	239101	402561
"2015.01.30"	"Nigeria"	"Nwonko"	27	0	27	3866	2036	5902	163487	239101	402588
"2015.01.30"	"Pakistan"	"Shikarpur"	61	100	161	3927	2136	6063	163548	239201	402749
"2015.01.30"	"Syria"	"Tal Abyad"	1	0	1	3928	2136	6064	163549	239201	402750
"2015.01.30"	"Afghanistan"	"Dara-e-Suf"	0	7	7	3928	2143	6071	163549	239208	402757
"2015.01.30"	"Thailand"	"Pattani"	1	3	4	3929	2146	6075	163550	239211	402761
"2015.01.30"	"Pakistan"	"Orangi"	1	0	1	3930	2146	6076	163551	239211	402762
"2015.01.30"	"Cameroon"	"Fotokol"	3	12	15	3933	2158	6091	163554	239223	402777
"2015.01.30"	"Egypt"	"al-Arish"	1	0	1	3934	2158	6092	163555	239223	402778
"2015.01.30"	"Iraq"	"al-Dour"	37	0	37	3971	2158	6129	163592	239223	402815
"2015.01.30"	"Egypt"	"Sheikh Zuweid"	2	0	2	3973	2158	6131	163594	239223	402817
"2015.01.30"	"Iraq"	"Kirkuk"	6	70	76	3979	2228	6207	163600	239293	402893
"2015.01.31"	"Iraq"	"Madain"	4	11	15	3983	2239	6222	163604	239304	402908
"2015.01.31"	"Iraq"	"Baghdad"	3	10	13	3986	2249	6235	163607	239314	402921
"2015.01.31"	"Iraq"	"Baghdad"	3	10	13	3989	2259	6248	163610	239324	402934
"2015.01.31"	"Afghanistan"	"Nuristan"	4	0	4	3993	2259	6252	163614	239324	402938
"2015.01.31"	"Afghanistan"	"Herat"	2	2	4	3995	2261	6256	163616	239326	402942
"2015.01.31"	"Syria"	"Raqqa"	1	0	1	3996	2261	6257	163617	239326	402943
"2015.01.31"	"Pakistan"	"Karachi"	1	0	1	3997	2261	6258	163618	239326	402944
"2015.01.31"	"Iraq"	"Harbaya"	6	0	6	4003	2261	6264	163624	239326	402950
"2015.01.31"	"Egypt"	"al-Arish"	1	0	1	4004	2261	6265	163625	239326	402951
"2015.02.01"	"Iraq"	"Sinuni"	25	0	25	4029	2261	6290	163650	239326	402976
"2015.02.01"	"Nigeria"	"Dalwa"	22	5	27	4051	2266	6317	163672	239331	403003
"2015.02.01"	"Iraq"	"Sensil"	11	0	11	4062	2266	6328	163683	239331	403014
"2015.02.01"	"Iraq"	"Karaghol"	2	5	7	4064	2271	6335	163685	239336	403021
"2015.02.01"	"Pakistan"	"Karachi"	4	1	5	4068	2272	6340	163689	239337	403026
"2015.02.01"	"Egypt"	"Rafah"	3	4	7	4071	2276	6347	163692	239341	403033
"2015.02.01"	"Syria"	"Aleppo"	2	16	18	4073	2292	6365	163694	239357	403051
"2015.02.01"	"Nigeria"	"Maiduguri"	12	37	49	4085	2329	6414	163706	239394	403100
"2015.02.01"	"Nigeria"	"Gombe"	3	7	10	4088	2336	6424	163709	239401	403110
"2015.02.01"	"Nigeria"	"Potsikum"	9	24	33	4097	2360	6457	163718	239425	403143
"2015.02.01"	"Pakistan"	"Jhang"	2	0	2	4099	2360	6459	163720	239425	403145
"2015.02.01"	"Afghanistan"	"Chasht"	4	3	7	4103	2363	6466	163724	239428	403152
"2015.02.01"	"Iraq"	"Mosul"	2	0	2	4105	2363	6468	163726	239428	403154
"2015.02.01"	"Syria"	"Damascus"	6	20	26	4111	2383	6494	163732	239448	403180
"2015.02.02"	"Iraq"	"Tikrit"	7	28	35	4118	2411	6529	163739	239476	403215
"2015.02.02"	"Pakistan"	"Nari Baba"	3	2	5	4121	2413	6534	163742	239478	403220
"2015.02.02"	"Iraq"	"Fallujah"	2	0	2	4123	2413	6536	163744	239478	403222
"2015.02.02"	"Nigeria"	"Gombe"	5	8	13	4128	2421	6549	163749	239486	403235
"2015.02.02"	"Libya"	"Tripoli"	1	2	3	4129	2423	6552	163750	239488	403238
"2015.02.02"	"Syria"	"Raqqa"	1	0	1	4130	2423	6553	163751	239488	403239
"2015.02.02"	"Bangladesh"	"Gaibandha"	0	3	3	4130	2426	6556	163751	239491	403242
"2015.02.03"	"Libya"	"Sidra"	5	13	18	4135	2439	6574	163756	239504	403260
"2015.02.03"	"Iraq"	"Baghdad"	5	15	20	4140	2454	6594	163761	239519	403280
"2015.02.03"	"Iraq"	"Baghdad"	8	25	33	4148	2479	6627	163769	239544	403313
"2015.02.03"	"Somalia"	"Mogadishu"	1	3	4	4149	2482	6631	163770	239547	403317
"2015.02.03"	"Egypt"	"Alexandria"	1	2	3	4150	2484	6634	163771	239549	403320
"2015.02.03"	"Pakistan"	"Ormagi"	4	0	4	4154	2484	6638	163775	239549	403324
"2015.02.03"	"Syria"	"Raqqa"	1	0	1	4155	2484	6639	163776	239549	403325
"2015.02.03"	"France"	"Nice"	0	3	3	4155	2487	6642	163776	239552	403328
"2015.02.03"	"Somalia"	"Baidoa"	1	0	1	4156	2487	6643	163777	239552	403329
"2015.02.03"	"Thailand"	"Yala"	1	0	1	4157	2487	6644	163778	239552	403330
"2015.02.03"	"Libya"	"Mabrook"	13	0	13	4170	2487	6657	163791	239552	403343
"2015.02.04"	"Iraq"	"Mosul"	2	0	2	4172	2487	6659	163793	239552	403345
"2015.02.04"	"Iraq"	"Mosul"	4	0	4	4176	2487	6663	163797	239552	403349
"2015.02.04"	"Iraq"	"Mahmoudiyyah"	3	6	9	4179	2493	6672	163800	239558	403358
"2015.02.04"	"Pakistan"	"Quetta"	1	0	1	4180	2493	6673	163801	239558	403359
"2015.02.04"	"DRC"	"Beni"	21	0	21	4201	2493	6694	163822	239558	403380
"2015.02.04"	"Cameroon"	"Fotokol"	110	500	610	4311	2993	7304	163932	240058	403990
"2015.02.04"	"Afghanistan"	"Ganjgal"	2	0	2	4313	2993	7306	163934	240058	403992
"2015.02.04"	"Iraq"	"Mosul"	1	0	1	4314	2993	7307	163935	240058	403993
"2015.02.04"	"Yemen"	"Bayda"	5	3	8	4319	2996	7315	163940	240061	404001
"2015.02.05"	"Iraq"	"Mosul"	2	0	2	4321	2996	7317	163942	240061	404003
"2015.02.05"	"Iraq"	"Tikrit"	11	22	33	4332	3018	7350	163953	240083	404036
"2015.02.05"	"Iraq"	"Shirqat"	2	0	2	4334	3018	7352	163955	240083	404038
"2015.02.05"	"Egypt"	"Cairo"	1	1	2	4335	3019	7354	163956	240084	404040
"2015.02.05"	"Syria"	"Damascus"	10	50	60	4345	3069	7414	163966	240134	404100
"2015.02.05"	"Afghanistan"	"Herat"	2	0	2	4347	3069	7416	163968	240134	404102
"2015.02.06"	"Iraq"	"Ramadi"	6	9	15	4353	3078	7431	163974	240143	404117
"2015.02.06"	"Iraq"	"Baghdad"	3	5	8	4356	3083	7439	163977	240148	404125
"2015.02.06"	"Iraq"	"Tikrit"	7	4	11	4363	3087	7450	163984	240152	404136
"2015.02.06"	"Afghanistan"	"Ghanikhil"	2	0	2	4365	3087	7452	163986	240152	404138
"2015.02.06"	"Afghanistan"	"Washir"	2	3	5	4367	3090	7457	163988	240155	404143
"2015.02.06"	"Afghanistan"	"Kandahar"	1	3	4	4368	3093	7461	163989	240158	404147
"2015.02.06"	"Libya"	"Benghazi"	2	20	22	4370	3113	7483	163991	240178	404169
"2015.02.06"	"Iraq"	"Zumar"	16	0	16	4386	3113	7499	164007	240178	404185
"2015.02.06"	"Niger"	"Bossa"	4	13	17	4390	3126	7516	164011	240191	404202
"2015.02.06"	"Iraq"	"Bardiyan"	23	0	23	4413	3126	7539	164034	240191	404225
"2015.02.06"	"Syria"	"Raqqa"	1	0	1	4414	3126	7540	164035	240191	404226
"2015.02.07"	"Iraq"	"Jalawla"	1	0	1	4415	3126	7541	164036	240191	404227
"2015.02.07"	"Pakistan"	"Parachinar"	1	0	1	4416	3126	7542	164037	240191	404228
"2015.02.07"	"Iraq"	"Baghdad"	11	26	37	4427	3152	7579	164048	240217	404265
"2015.02.07"	"Iraq"	"Baghdad"	22	45	67	4449	3197	7646	164070	240262	404332
"2015.02.07"	"Iraq"	"Baghdad"	5	13	18	4454	3210	7664	164075	240275	404350
"2015.02.08"	"Pakistan"	"Nari Baba"	3	5	8	4457	3215	7672	164078	240280	404358
"2015.02.08"	"Niger"	"Diffa"	5	15	20	4462	3230	7692	164083	240295	404378
"2015.02.08"	"Somalia"	"Puntland"	2	5	7	4464	3235	7699	164085	240300	404385
"2015.02.08"	"Afghanistan"	"Nangarhar"	2	1	3	4466	3236	7702	164087	240301	404388
"2015.02.08"	"Syria"	"Aldbsa"	1	0	1	4467	3236	7703	164088	240301	404389
"2015.02.09"	"Pakistan"	"Karachi"	1	0	1	4468	3236	7704	164089	240301	404390
"2015.02.09"	"Pakistan"	"Hayatabad"	1	0	1	4469	3236	7705	164090	240301	404391
"2015.02.09"	"Iraq"	"Husseiniyah"	4	8	12	4473	3244	7717	164094	240309	404403
"2015.02.09"	"Iraq"	"Kadhimiyah"	18	42	60	4491	3286	7777	164112	240351	404463
"2015.02.09"	"Somalia"	"Mogadishu"	3	0	3	4494	3286	7780	164115	240351	404466
"2015.02.09"	"Iraq"	"Mosul"	0	15	15	4494	3301	7795	164115	240366	404481
"2015.02.09"	"Iraq"	"Mosul"	5	0	5	4499	3301	7800	164120	240366	404486
"2015.02.09"	"Iraq"	"Saniya"	13	6	19	4512	3307	7819	164133	240372	404505
"2015.02.10"	"Iraq"	"Samarrah"	6	29	35	4518	3336	7854	164139	240401	404540
"2015.02.10"	"Egypt"	"Arish"	10	0	10	4528	3336	7864	164149	240401	404550
"2015.02.10"	"Cameroon"	"Koza"	7	8	15	4535	3344	7879	164156	240409	404565
"2015.02.10"	"Nigeria"	"Logo"	22	20	42	4557	3364	7921	164178	240429	404607
"2015.02.10"	"Afghanistan"	"Kunduz"	1	3	4	4558	3367	7925	164179	240432	404611
"2015.02.10"	"Iraq"	"Baghdad"	4	18	22	4562	3385	7947	164183	240450	404633
"2015.02.10"	"Iraq"	"Madain"	2	7	9	4564	3392	7956	164185	240457	404642
"2015.02.10"	"Somalia"	"Guri-El"	12	30	42	4576	3422	7998	164197	240487	404684
"2015.02.10"	"Iraq"	"Tarmia"	3	10	13	4579	3432	8011	164200	240497	404697
"2015.02.10"	"Afghanistan"	"Jalalabad"	2	3	5	4581	3435	8016	164202	240500	404702
"2015.02.11"	"Iraq"	"Mosul"	1	0	1	4582	3435	8017	164203	240500	404703
"2015.02.11"	"Syria"	"Raqqa"	1	0	1	4583	3435	8018	164204	240500	404704
"2015.02.11"	"Libya"	"Benghazi"	40	0	40	4623	3435	8058	164244	240500	404744
"2015.02.11"	"Iraq"	"Baghdad"	10	25	35	4633	3460	8093	164254	240525	404779
"2015.02.11"	"Iraq"	"Tikrit"	12	37	49	4645	3497	8142	164266	240562	404828
"2015.02.11"	"Iraq"	"Baghdad"	9	25	34	4654	3522	8176	164275	240587	404862
"2015.02.12"	"Yemen"	"Lahij"	1	0	1	4655	3522	8177	164276	240587	404863
"2015.02.12"	"Nigeria"	"Akida"	12	0	12	4667	3522	8189	164288	240587	404875
"2015.02.12"	"Nigeria"	"Mbuta"	9	0	9	4676	3522	8198	164297	240587	404884
"2015.02.12"	"Yemen"	"Baihan"	8	0	8	4684	3522	8206	164305	240587	404892
"2015.02.12"	"Nigeria"	"Biu"	11	20	31	4695	3542	8237	164316	240607	404923
"2015.02.12"	"Pakistan"	"Maldilan"	2	2	4	4697	3544	8241	164318	240609	404927
"2015.02.12"	"Iraq"	"Salamiya"	30	0	30	4727	3544	8271	164348	240609	404957
"2015.02.13"	"Egypt"	"al-Minya"	1	0	1	4728	3544	8272	164349	240609	404958
"2015.02.13"	"Chad"	"Ngouboua"	10	0	10	4738	3544	8282	164359	240609	404968
"2015.02.13"	"Iraq"	"Qaim"	9	0	9	4747	3544	8291	164368	240609	404977
"2015.02.13"	"Iraq"	"Qadisiya"	7	0	7	4754	3544	8298	164375	240609	404984
"2015.02.13"	"Iraq"	"Samarrah"	6	0	6	4760	3544	8304	164381	240609	404990
"2015.02.13"	"Iraq"	"Rutba"	1	0	1	4761	3544	8305	164382	240609	404991
"2015.02.13"	"Pakistan"	"Peshawar"	22	65	87	4783	3609	8392	164404	240674	405078
"2015.02.13"	"Egypt"	"Cairo"	1	8	9	4784	3617	8401	164405	240682	405087
"2015.02.14"	"Libya"	"Sirte"	21	0	21	4805	3617	8422	164426	240682	405108
"2015.02.14"	"Denmark"	"Copenhagen"	1	3	4	4806	3620	8426	164427	240685	405112
"2015.02.14"	"Iraq"	"Sadr City"	9	0	9	4815	3620	8435	164436	240685	405121
"2015.02.14"	"Pakistan"	"Shar Sadardin"	1	0	1	4816	3620	8436	164437	240685	405122
"2015.02.14"	"Syria"	"al-Bab"	3	0	3	4819	3620	8439	164440	240685	405125
"2015.02.14"	"Pakistan"	"Shalman"	1	1	2	4820	3621	8441	164441	240686	405127
"2015.02.14"	"Pakistan"	"Orangi"	1	0	1	4821	3621	8442	164442	240686	405128
"2015.02.14"	"Mali"	"Mopti"	2	3	5	4823	3624	8447	164444	240689	405133
"2015.02.14"	"Tanzania"	"Tanga"	1	5	6	4824	3629	8453	164445	240694	405139
"2015.02.14"	"USA"	"Detroit"	0	2	2	4824	3631	8455	164445	240696	405141
"2015.02.14"	"Iraq"	"Nineveh"	2	0	2	4826	3631	8457	164447	240696	405143
"2015.02.15"	"Iraq"	"Hawija"	15	0	15	4841	3631	8472	164462	240696	405158
"2015.02.15"	"Iraq"	"al-Baghdadi"	3	0	3	4844	3631	8475	164465	240696	405161
"2015.02.15"	"Egypt"	"Sheikh Zuweyid"	0	2	2	4844	3633	8477	164465	240698	405163
"2015.02.15"	"Pakistan"	"Rawalpindi"	1	1	2	4845	3634	8479	164466	240699	405165
"2015.02.15"	"Egypt"	"Benha"	1	3	4	4846	3637	8483	164467	240702	405169
"2015.02.15"	"Nigeria"	"Damaturu"	16	30	46	4862	3667	8529	164483	240732	405215
"2015.02.15"	"Denmark"	"Copenhagen"	1	2	3	4863	3669	8532	164484	240734	405218
"2015.02.15"	"Iraq"	"Udhaim"	15	0	15	4878	3669	8547	164499	240734	405233
"2015.02.15"	"CAR"	"Nana Grebizi"	2	1	3	4880	3670	8550	164501	240735	405236
"2015.02.16"	"Iraq"	"Mansouriya"	1	3	4	4881	3673	8554	164502	240738	405240
"2015.02.16"	"Iraq"	"Saladin"	12	0	12	4893	3673	8566	164514	240738	405252
"2015.02.16"	"Syria"	"Aleppo"	9	20	29	4902	3693	8595	164523	240758	405281
"2015.02.16"	"Cameroon"	"Waza"	4	10	14	4906	3703	8609	164527	240768	405295
"2015.02.16"	"Afghanistan"	"Kandahar"	13	0	13	4919	3703	8622	164540	240768	405308
"2015.02.16"	"Somalia"	"Mogadishu"	4	0	4	4923	3703	8626	164544	240768	405312
"2015.02.17"	"Iraq"	"Qaim"	8	0	8	4931	3703	8634	164552	240768	405320
"2015.02.17"	"Iraq"	"Mashad"	15	0	15	4946	3703	8649	164567	240768	405335
"2015.02.17"	"Iraq"	"Camp Speicher"	4	18	22	4950	3721	8671	164571	240786	405357
"2015.02.17"	"Pakistan"	"Lahore"	8	23	31	4958	3744	8702	164579	240809	405388
"2015.02.17"	"Tunisia"	"Kasserine"	4	0	4	4962	3744	8706	164583	240809	405392
"2015.02.17"	"Iraq"	"Mosul"	4	0	4	4966	3744	8710	164587	240809	405396
"2015.02.17"	"Iraq"	"Mosul"	3	0	3	4969	3744	8713	164590	240809	405399
"2015.02.17"	"Afghanistan"	"Kabul"	4	0	4	4973	3744	8717	164594	240809	405403
"2015.02.17"	"Iraq"	"Fallujah"	11	0	11	4984	3744	8728	164605	240809	405414
"2015.02.17"	"Iraq"	"Baghdadi"	27	0	27	5011	3744	8755	164632	240809	405441
"2015.02.17"	"Nigeria"	"Yamarkumi"	36	20	56	5047	3764	8811	164668	240829	405497
"2015.02.17"	"Iraq"	"Baghdadi"	45	0	45	5092	3764	8856	164713	240829	405542
"2015.02.17"	"Nigeria"	"Potiskum"	4	11	15	5096	3775	8871	164717	240840	405557
"2015.02.17"	"Chad"	"Dikwa"	2	0	2	5098	3775	8873	164719	240840	405559
"2015.02.17"	"Pakistan"	"Zhob"	4	0	4	5102	3775	8877	164723	240840	405563
"2015.02.17"	"Afghanistan"	"Logar"	22	8	30	5124	3783	8907	164745	240848	405593
"2015.02.17"	"Nigeria"	"Tamsu-Shehuri"	12	0	12	5136	3783	8919	164757	240848	405605
"2015.02.17"	"Nigeria"	"Hong"	27	0	27	5163	3783	8946	164784	240848	405632
"2015.02.18"	"Pakistan"	"Nazimabad"	2	0	2	5165	3783	8948	164786	240848	405634
"2015.02.18"	"Egypt"	"Suez"	1	1	2	5166	3784	8950	164787	240849	405636
"2015.02.18"	"Pakistan"	"Islamabad"	4	6	10	5170	3790	8960	164791	240855	405646
"2015.02.18"	"Iraq"	"Mosul"	1	0	1	5171	3790	8961	164792	240855	405647
"2015.02.18"	"Iraq"	"Samarrah"	6	16	22	5177	3806	8983	164798	240871	405669
"2015.02.18"	"Egypt"	"Cairo"	1	0	1	5178	3806	8984	164799	240871	405670
"2015.02.19"	"Iraq"	"Baghdad"	3	11	14	5181	3817	8998	164802	240882	405684
"2015.02.19"	"Niger"	"Tourba Guida"	3	3	6	5184	3820	9004	164805	240885	405690
"2015.02.19"	"Afghanistan"	"Spin Boldak"	6	10	16	5190	3830	9020	164811	240895	405706
"2015.02.19"	"Syria"	"Raqaa"	3	0	3	5193	3830	9023	164814	240895	405709
"2015.02.19"	"Nigeria"	"Chibok"	30	0	30	5223	3830	9053	164844	240895	405739
"2015.02.19"	"India"	"Karnataka"	1	1	2	5224	3831	9055	164845	240896	405741
"2015.02.19"	"Iraq"	"al-Baghdadi"	100	0	100	5324	3831	9155	164945	240896	405841
"2015.02.19"	"Iraq"	"Ghazaliyah"	2	8	10	5326	3839	9165	164947	240904	405851
"2015.02.19"	"Iraq"	"Baghdad"	2	0	2	5328	3839	9167	164949	240904	405853
"2015.02.19"	"Pakistan"	"Karachi"	1	0	1	5329	3839	9168	164950	240904	405854
"2015.02.19"	"Iraq"	"Mosul"	1	0	1	5330	3839	9169	164951	240904	405855
"2015.02.20"	"Niger"	"Karamga"	8	0	8	5338	3839	9177	164959	240904	405863
"2015.02.20"	"Thailand"	"Narathiwat"	0	13	13	5338	3852	9190	164959	240917	405876
"2015.02.20"	"Libya"	"al-Qubah"	47	80	127	5385	3932	9317	165006	240997	406003
"2015.02.20"	"Iraq"	"al-Ghazlani"	5	0	5	5390	3932	9322	165011	240997	406008
"2015.02.20"	"Nigeria"	"Gatamarwa"	10	0	10	5400	3932	9332	165021	240997	406018
"2015.02.20"	"Nigeria"	"Ribadu"	13	0	13	5413	3932	9345	165034	240997	406031
"2015.02.20"	"Somalia"	"Mogadishu"	25	40	65	5438	3972	9410	165059	241037	406096
"2015.02.20"	"CAR"	"Bangui"	16	0	16	5454	3972	9426	165075	241037	406112
"2015.02.21"	"Nigeria"	"Gaya"	23	0	23	5477	3972	9449	165098	241037	406135
"2015.02.21"	"Syria"	"Aleppo"	6	10	16	5483	3982	9465	165104	241047	406151
"2015.02.21"	"Syria"	"Qardaha"	4	0	4	5487	3982	9469	165108	241047	406155
"2015.02.21"	"Iraq"	"Shirqat"	4	0	4	5491	3982	9473	165112	241047	406159
"2015.02.21"	"Iraq"	"al-Baghdadi"	43	0	43	5534	3982	9516	165155	241047	406202
"2015.02.21"	"Iraq"	"Baiji"	1	0	1	5535	3982	9517	165156	241047	406203
"2015.02.22"	"Iraq"	"Youssfiyah"	2	10	12	5537	3992	9529	165158	241057	406215
"2015.02.22"	"Iraq"	"Baghdad"	2	6	8	5539	3998	9537	165160	241063	406223
"2015.02.22"	"Iraq"	"Baghdad"	7	14	21	5546	4012	9558	165167	241077	406244
"2015.02.22"	"Nigeria"	"Potiskum"	5	48	53	5551	4060	9611	165172	241125	406297
"2015.02.22"	"Israel"	"Jerusalem"	0	1	1	5551	4061	9612	165172	241126	406298
"2015.02.22"	"Iraq"	"Tikrit"	8	15	23	5559	4076	9635	165180	241141	406321
"2015.02.23"	"Syria"	"al-Hasakah"	6	60	66	5565	4136	9701	165186	241201	406387
"2015.02.23"	"Iraq"	"Muqdadiyah"	1	0	1	5566	4136	9702	165187	241201	406388
"2015.02.23"	"Syria"	"Damascus"	6	13	19	5572	4149	9721	165193	241214	406407
"2015.02.23"	"Syria"	"Tel Goran"	4	90	94	5576	4239	9815	165197	241304	406501
"2015.02.23"	"Pakistan"	"Chaman"	1	9	10	5577	4248	9825	165198	241313	406511
"2015.02.23"	"Egypt"	"al-Arish"	1	0	1	5578	4248	9826	165199	241313	406512
"2015.02.24"	"Nigeria"	"Gonori"	4	0	4	5582	4248	9830	165203	241313	406516
"2015.02.24"	"Iraq"	"Baghdad"	3	8	11	5585	4256	9841	165206	241321	406527
"2015.02.24"	"Iraq"	"Mishada"	4	12	16	5589	4268	9857	165210	241333	406543
"2015.02.24"	"Iraq"	"Latifiyah"	2	7	9	5591	4275	9866	165212	241340	406552
"2015.02.24"	"Pakistan"	"Karachi"	1	0	1	5592	4275	9867	165213	241340	406553
"2015.02.24"	"Iraq"	"Mosul"	3	0	3	5595	4275	9870	165216	241340	406556
"2015.02.24"	"Iraq"	"Diyala"	7	12	19	5602	4287	9889	165223	241352	406575
"2015.02.24"	"Syria"	"Ghibsh"	2	0	2	5604	4287	9891	165225	241352	406577
"2015.02.24"	"Afghanistan"	"Logar"	20	8	28	5624	4295	9919	165245	241360	406605
"2015.02.24"	"Libya"	"Tripoli"	2	0	2	5626	4295	9921	165247	241360	406607
"2015.02.24"	"Nigeria"	"Potiskum"	17	53	70	5643	4348	9991	165264	241413	406677
"2015.02.24"	"Nigeria"	"Kano"	12	30	42	5655	4378	10033	165276	241443	406719
"2015.02.24"	"Iraq"	"Jisr Diyala"	25	50	75	5680	4428	10108	165301	241493	406794
"2015.02.25"	"Yemen"	"Sanaa"	10	0	10	5690	4428	10118	165311	241493	406804
"2015.02.25"	"Nigeria"	"Borno"	100	0	100	5790	4428	10218	165411	241493	406904
"2015.02.26"	"Iraq"	"Mahmoudiya"	4	8	12	5794	4436	10230	165415	241501	406916
"2015.02.26"	"Iraq"	"al-Baghdadi"	26	0	26	5820	4436	10256	165441	241501	406942
"2015.02.26"	"Afghanistan"	"Kabul"	2	1	3	5822	4437	10259	165443	241502	406945
"2015.02.26"	"Egypt"	"Cairo"	1	1	2	5823	4438	10261	165444	241503	406947
"2015.02.26"	"Syria"	"al-Masamier"	15	0	15	5838	4438	10276	165459	241503	406962
"2015.02.26"	"Bangladesh"	"Dhaka"	1	1	2	5839	4439	10278	165460	241504	406964
"2015.02.26"	"Nigeria"	"Biu"	19	17	36	5858	4456	10314	165479	241521	407000
"2015.02.26"	"Somalia"	"Mogadishu"	1	0	1	5859	4456	10315	165480	241521	407001
"2015.02.26"	"Niger"	"Zaourararm"	2	0	2	5861	4456	10317	165482	241521	407003
"2015.02.26"	"Nigeria"	"Jos"	17	14	31	5878	4470	10348	165499	241535	407034
"2015.02.27"	"Iraq"	"al-Baghdadi"	1	0	1	5879	4470	10349	165500	241535	407035
"2015.02.27"	"Pakistan"	"Karachi"	2	0	2	5881	4470	10351	165502	241535	407037
"2015.02.27"	"Pakistan"	"Peshawar"	1	0	1	5882	4470	10352	165503	241535	407038
"2015.02.27"	"Iraq"	"Baghdad"	6	16	22	5888	4486	10374	165509	241551	407060
"2015.02.27"	"Afghanistan"	"Nangarhar"	2	13	15	5890	4499	10389	165511	241564	407075
"2015.02.27"	"Iraq"	"Husseiniyah"	6	0	6	5896	4499	10395	165517	241564	407081
"2015.02.27"	"Pakistan"	"Hayatabad"	1	0	1	5897	4499	10396	165518	241564	407082
"2015.02.27"	"Nigeria"	"Mainok"	14	24	38	5911	4523	10434	165532	241588	407120
"2015.02.27"	"Iraq"	"Mosul"	4	0	4	5915	4523	10438	165536	241588	407124
"2015.02.27"	"Yemen"	"Houta"	4	0	4	5919	4523	10442	165540	241588	407128
"2015.02.27"	"Syria"	"Dmeir"	11	0	11	5930	4523	10453	165551	241588	407139
"2015.02.27"	"Pakistan"	"Karachi"	1	1	2	5931	4524	10455	165552	241589	407141
"2015.02.28"	"Nigeria"	"Ngamdu"	2	0	2	5933	4524	10457	165554	241589	407143
"2015.02.28"	"Iraq"	"Baghdad"	7	8	15	5940	4532	10472	165561	241597	407158
"2015.02.28"	"Iraq"	"al-Baghdadi"	5	6	11	5945	4538	10483	165566	241603	407169
"2015.02.28"	"Iraq"	"Balad Ruz"	11	50	61	5956	4588	10544	165577	241653	407230
"2015.02.28"	"Iraq"	"Samarrah"	16	31	47	5972	4619	10591	165593	241684	407277
"2015.02.28"	"Syria"	"Aleppo"	29	0	29	6001	4619	10620	165622	241684	407306
"2015.02.28"	"Syria"	"Aleppo"	2	17	19	6003	4636	10639	165624	241701	407325
"2015.02.28"	"Iraq"	"Singar"	5	0	5	6008	4636	10644	165629	241701	407330
"2015.03.01"	"Lebanon"	"Kuweikhat"	1	0	1	6009	4636	10645	165630	241701	407331
"2015.03.01"	"Iraq"	"al-Baghdadi"	3	3	6	6012	4639	10651	165633	241704	407337
"2015.03.01"	"Iraq"	"al-Baghdadi"	32	0	32	6044	4639	10683	165665	241704	407369
"2015.03.01"	"Iraq"	"Anbar"	2	2	4	6046	4641	10687	165667	241706	407373
"2015.03.01"	"Libya"	"Benghazi"	2	30	32	6048	4671	10719	165669	241736	407405
"2015.03.01"	"Egypt"	"Aswan"	2	5	7	6050	4676	10726	165671	241741	407412
"2015.03.02"	"Pakistan"	"Marriabad"	3	3	6	6053	4679	10732	165674	241744	407418
"2015.03.02"	"Afghanistan"	"Nangarhar"	6	2	8	6059	4681	10740	165680	241746	407426
"2015.03.02"	"Iraq"	"al-Dour"	4	30	34	6063	4711	10774	165684	241776	407460
"2015.03.02"	"Iraq"	"al-Jalam"	7	15	22	6070	4726	10796	165691	241791	407482
"2015.03.02"	"Iraq"	"Baghdad"	3	15	18	6073	4741	10814	165694	241806	407500
"2015.03.02"	"Niger"	"Bosso"	2	0	2	6075	4741	10816	165696	241806	407502
"2015.03.02"	"Iraq"	"al-Baghdadi"	3	3	6	6078	4744	10822	165699	241809	407508
"2015.03.02"	"Afghanistan"	"Jalalabad"	2	2	4	6080	4746	10826	165701	241811	407512
"2015.03.02"	"Iraq"	"Sinjar"	77	0	77	6157	4746	10903	165778	241811	407589
"2015.03.02"	"Egypt"	"Cairo"	2	9	11	6159	4755	10914	165780	241820	407600
"2015.03.02"	"Iraq"	"Tikrit"	4	0	4	6163	4755	10918	165784	241820	407604
"2015.03.02"	"Nigeria"	"Njaba"	68	24	92	6231	4779	11010	165852	241844	407696
"2015.03.02"	"Nigeria"	"Baga"	2	0	2	6233	4779	11012	165854	241844	407698
"2015.03.02"	"Libya"	"Mechili"	1	0	1	6234	4779	11013	165855	241844	407699
"2015.03.03"	"Niger"	"Lake Chad"	17	0	17	6251	4779	11030	165872	241844	407716
"2015.03.03"	"Iraq"	"Baqubah"	3	0	3	6254	4779	11033	165875	241844	407719
"2015.03.03"	"Yemen"	"al-Baida"	5	15	20	6259	4794	11053	165880	241859	407739
"2015.03.03"	"Yemen"	"al-Qatan"	3	2	5	6262	4796	11058	165883	241861	407744
"2015.03.03"	"Iraq"	"al-Baghdadi"	3	10	13	6265	4806	11071	165886	241871	407757
"2015.03.03"	"Syria"	"Raqqa"	1	0	1	6266	4806	11072	165887	241871	407758
"2015.03.03"	"Afghanistan"	"Sangin"	7	7	14	6273	4813	11086	165894	241878	407772
"2015.03.04"	"Pakistan"	"Korangi"	1	0	1	6274	4813	11087	165895	241878	407773
"2015.03.04"	"Pakistan"	"Karachi"	2	0	2	6276	4813	11089	165897	241878	407775
"2015.03.04"	"Pakistan"	"Hub"	1	0	1	6277	4813	11090	165898	241878	407776
"2015.03.04"	"Philippines"	"Jolo"	3	6	9	6280	4819	11099	165901	241884	407785
"2015.03.04"	"Iraq"	"al-Dour"	5	0	5	6285	4819	11104	165906	241884	407790
"2015.03.04"	"Syria"	"Aleppo"	15	0	15	6300	4819	11119	165921	241884	407805
"2015.03.05"	"Iraq"	"Baghdad"	3	12	15	6303	4831	11134	165924	241896	407820
"2015.03.05"	"China"	"Guangzhou"	0	13	13	6303	4844	11147	165924	241909	407833
"2015.03.05"	"Syria"	"al-Qanafz"	5	1	6	6308	4845	11153	165929	241910	407839
"2015.03.05"	"Afghanistan"	"Uruzgan"	2	0	2	6310	4845	11155	165931	241910	407841
"2015.03.05"	"Nigeria"	"Gwoza"	6	0	6	6316	4845	11161	165937	241910	407847
"2015.03.05"	"Afghanistan"	"Adam Khan"	7	0	7	6323	4845	11168	165944	241910	407854
"2015.03.06"	"Somalia"	"Beledweyne"	3	0	3	6326	4845	11171	165947	241910	407857
"2015.03.06"	"Iraq"	"Tikrit"	4	28	32	6330	4873	11203	165951	241938	407889
"2015.03.06"	"Iraq"	"Mosul"	1	0	1	6331	4873	11204	165952	241938	407890
"2015.03.06"	"Libya"	"al-Ghani"	11	0	11	6342	4873	11215	165963	241938	407901
"2015.03.06"	"Israel"	"Jerusalem"	0	5	5	6342	4878	11220	165963	241943	407906
"2015.03.06"	"Syria"	"Raqqa"	2	0	2	6344	4878	11222	165965	241943	407908
"2015.03.06"	"Egypt"	"Mahalla"	3	16	19	6347	4894	11241	165968	241959	407927
"2015.03.07"	"Afghanistan"	"Greshk"	1	3	4	6348	4897	11245	165969	241962	407931
"2015.03.07"	"Iraq"	"Tuz Khurmatu"	8	32	40	6356	4929	11285	165977	241994	407971
"2015.03.07"	"Iraq"	"Baghdad"	4	9	13	6360	4938	11298	165981	242003	407984
"2015.03.07"	"Iraq"	"Baghdad"	2	7	9	6362	4945	11307	165983	242010	407993
"2015.03.07"	"Iraq"	"Hawija"	20	0	20	6382	4945	11327	166003	242010	408013
"2015.03.07"	"Iraq"	"Baghdad"	3	11	14	6385	4956	11341	166006	242021	408027
"2015.03.07"	"Iraq"	"Khan Bani Saad."	2	0	2	6387	4956	11343	166008	242021	408029
"2015.03.07"	"Iraq"	"Anbar"	3	3	6	6390	4959	11349	166011	242024	408035
"2015.03.07"	"Mali"	"Bamako"	5	8	13	6395	4967	11362	166016	242032	408048
"2015.03.07"	"Afghanistan"	"Kabul"	6	5	11	6401	4972	11373	166022	242037	408059
"2015.03.07"	"Nigeria"	"Maiduguri"	62	139	201	6463	5111	11574	166084	242176	408260
"2015.03.08"	"Iraq"	"Baghdad"	5	4	9	6468	5115	11583	166089	242180	408269
"2015.03.08"	"Iraq"	"Hussainiya"	3	0	3	6471	5115	11586	166092	242180	408272
"2015.03.08"	"Iraq"	"Mahmoudiya"	3	17	20	6474	5132	11606	166095	242197	408292
"2015.03.08"	"Iraq"	"Madaen"	2	0	2	6476	5132	11608	166097	242197	408294
"2015.03.08"	"Bangladesh"	"Joypurhat"	1	1	2	6477	5133	11610	166098	242198	408296
"2015.03.08"	"Mali"	"Kidal"	3	8	11	6480	5141	11621	166101	242206	408307
"2015.03.08"	"Afghanistan"	"Jawzjani"	2	15	17	6482	5156	11638	166103	242221	408324
"2015.03.08"	"Egypt"	"Alexandria"	1	9	10	6483	5165	11648	166104	242230	408334
"2015.03.08"	"Uganda"	"Iganga"	1	0	1	6484	5165	11649	166105	242230	408335
"2015.03.09"	"Libya"	"Derna"	2	0	2	6486	5165	11651	166107	242230	408337
"2015.03.09"	"Pakistan"	"Karachi"	1	0	1	6487	5165	11652	166108	242230	408338
"2015.03.09"	"Egypt"	"al-Kharouba"	3	1	4	6490	5166	11656	166111	242231	408342
"2015.03.09"	"Yemen"	"Mahfad"	2	0	2	6492	5166	11658	166113	242231	408344
"2015.03.09"	"Pakistan"	"Chagharzai"	2	0	2	6494	5166	11660	166115	242231	408346
"2015.03.09"	"Iraq"	"Kirkuk"	5	35	40	6499	5201	11700	166120	242266	408386
"2015.03.09"	"Iraq"	"Zoba"	3	9	12	6502	5210	11712	166123	242275	408398
"2015.03.10"	"Nigeria"	"Maiduguri"	8	15	23	6510	5225	11735	166131	242290	408421
"2015.03.10"	"Egypt"	"al-Arish"	1	6	7	6511	5231	11742	166132	242296	408428
"2015.03.10"	"Nigeria"	"Maiduguri"	34	17	51	6545	5248	11793	166166	242313	408479
"2015.03.10"	"Egypt"	"al-Arish"	1	30	31	6546	5278	11824	166167	242343	408510
"2015.03.10"	"Pakistan"	"Karachi"	4	0	4	6550	5278	11828	166171	242343	408514
"2015.03.10"	"Afghanistan"	"Lashkar Gah"	7	28	35	6557	5306	11863	166178	242371	408549
"2015.03.10"	"Afghanistan"	"Tirin Kot"	4	5	9	6561	5311	11872	166182	242376	408558
"2015.03.10"	"Afghanistan"	"Pul-e-Khumri"	1	15	16	6562	5326	11888	166183	242391	408574
"2015.03.10"	"Austria"	"Liesing"	1	0	1	6563	5326	11889	166184	242391	408575
"2015.03.11"	"Iraq"	"Ramadi"	17	30	47	6580	5356	11936	166201	242421	408622
"2015.03.11"	"Egypt"	"Rafah"	1	0	1	6581	5356	11937	166202	242421	408623
"2015.03.11"	"Somalia"	"Wanlaweyn"	2	0	2	6583	5356	11939	166204	242421	408625
"2015.03.11"	"Iraq"	"Hurriya"	9	30	39	6592	5386	11978	166213	242451	408664
"2015.03.11"	"Iraq"	"Baghdad"	2	7	9	6594	5393	11987	166215	242458	408673
"2015.03.11"	"Iraq"	"Nineveh"	3	0	3	6597	5393	11990	166218	242458	408676
"2015.03.11"	"Syria"	"Raqqa"	1	0	1	6598	5393	11991	166219	242458	408677
"2015.03.12"	"Iraq"	"Tikrit"	1	1	2	6599	5394	11993	166220	242459	408679
"2015.03.12"	"Pakistan"	"Peshawar"	2	8	10	6601	5402	12003	166222	242467	408689
"2015.03.12"	"Iraq"	"Tal Tamr"	22	0	22	6623	5402	12025	166244	242467	408711
"2015.03.12"	"Afghanistan"	"Takhar"	8	0	8	6631	5402	12033	166252	242467	408719
"2015.03.12"	"Yemen"	"Baida"	1	7	8	6632	5409	12041	166253	242474	408727
"2015.03.12"	"Somalia"	"Baidoa"	6	8	14	6638	5417	12055	166259	242482	408741
"2015.03.13"	"Syria"	"Deir Ezzor"	1	0	1	6639	5417	12056	166260	242482	408742
"2015.03.13"	"Syria"	"al-Kheir"	1	0	1	6640	5417	12057	166261	242482	408743
"2015.03.13"	"Syria"	"Raqqa"	8	0	8	6648	5417	12065	166269	242482	408751
"2015.03.13"	"Kenya"	"Mandera"	3	5	8	6651	5422	12073	166272	242487	408759
"2015.03.13"	"Afghanistan"	"Deh Yak"	7	3	10	6658	5425	12083	166279	242490	408769
"2015.03.13"	"Iraq"	"Saqlawiya"	3	5	8	6661	5430	12091	166282	242495	408777
"2015.03.14"	"Afghanistan"	"Nangarhar"	3	6	9	6664	5436	12100	166285	242501	408786
"2015.03.14"	"Egypt"	"Cairo"	1	0	1	6665	5436	12101	166286	242501	408787
"2015.03.14"	"Iraq"	"Shamsa"	19	0	19	6684	5436	12120	166305	242501	408806
"2015.03.14"	"Iraq"	"Ramadi"	2	0	2	6686	5436	12122	166307	242501	408808
"2015.03.14"	"Iraq"	"Baghdad"	4	11	15	6690	5447	12137	166311	242512	408823
"2015.03.15"	"Iraq"	"Tikrit"	16	0	16	6706	5447	12153	166327	242512	408839
"2015.03.15"	"Iraq"	"Bashir"	50	0	50	6756	5447	12203	166377	242512	408889
"2015.03.15"	"Iraq"	"Mosul"	11	0	11	6767	5447	12214	166388	242512	408900
"2015.03.15"	"Iraq"	"Ramadi"	23	43	66	6790	5490	12280	166411	242555	408966
"2015.03.15"	"Iraq"	"Samarrah"	3	0	3	6793	5490	12283	166414	242555	408969
"2015.03.15"	"Pakistan"	"Shaktai"	13	0	13	6806	5490	12296	166427	242555	408982
"2015.03.15"	"Nigeria"	"Egba"	82	0	82	6888	5490	12378	166509	242555	409064
"2015.03.15"	"Iraq"	"Mosul"	9	0	9	6897	5490	12387	166518	242555	409073
"2015.03.15"	"Kenya"	"Mandera"	1	3	4	6898	5493	12391	166519	242558	409077
"2015.03.15"	"Chad"	"Djargagoroum"	1	0	1	6899	5493	12392	166520	242558	409078
"2015.03.15"	"Somalia"	"Gedo"	6	0	6	6905	5493	12398	166526	242558	409084
"2015.03.15"	"Libya"	"Misrata"	1	1	2	6906	5494	12400	166527	242559	409086
"2015.03.15"	"Pakistan"	"Quetta"	2	0	2	6908	5494	12402	166529	242559	409088
"2015.03.15"	"Iraq"	"Baghdad"	3	6	9	6911	5500	12411	166532	242565	409097
"2015.03.15"	"Iraq"	"Baghdad"	2	12	14	6913	5512	12425	166534	242577	409111
"2015.03.15"	"Pakistan"	"Lahore"	17	70	87	6930	5582	12512	166551	242647	409198
"2015.03.16"	"Iraq"	"Albu Ajeel"	13	0	13	6943	5582	12525	166564	242647	409211
"2015.03.16"	"Afghanistan"	"Oruzgan"	1	0	1	6944	5582	12526	166565	242647	409212
"2015.03.16"	"Afghanistan"	"Gandir Area"	2	5	7	6946	5587	12533	166567	242652	409219
"2015.03.16"	"Afghanistan"	"Lashkar Gah"	4	5	9	6950	5592	12542	166571	242657	409228
"2015.03.17"	"Pakistan"	"Peshawar"	1	0	1	6951	5592	12543	166572	242657	409229
"2015.03.17"	"Iraq"	"Tarmiyah"	4	14	18	6955	5606	12561	166576	242671	409247
"2015.03.17"	"Iraq"	"Baghdad"	3	11	14	6958	5617	12575	166579	242682	409261
"2015.03.17"	"Iraq"	"Youssifiyah"	2	5	7	6960	5622	12582	166581	242687	409268
"2015.03.17"	"Libya"	"Ghiran"	2	6	8	6962	5628	12590	166583	242693	409276
"2015.03.17"	"Cameroon"	"Golfo"	1	2	3	6963	5630	12593	166584	242695	409279
"2015.03.17"	"Iraq"	"Salahuddin"	4	0	4	6967	5630	12597	166588	242695	409283
"2015.03.17"	"Pakistan"	"Swat"	2	3	5	6969	5633	12602	166590	242698	409288
"2015.03.17"	"Pakistan"	"Dana"	3	0	3	6972	5633	12605	166593	242698	409291
"2015.03.17"	"Iraq"	"Tikrit"	2	0	2	6974	5633	12607	166595	242698	409293
"2015.03.17"	"Kenya"	"Wajir"	3	3	6	6977	5636	12613	166598	242701	409299
"2015.03.17"	"Iraq"	"Fallujah"	9	0	9	6986	5636	12622	166607	242701	409308
"2015.03.18"	"Nigeria"	"Bama"	24	0	24	7010	5636	12646	166631	242701	409332
"2015.03.18"	"Iraq"	"Diyala"	40	0	40	7050	5636	12686	166671	242701	409372
"2015.03.18"	"Iraq"	"Sawfan"	5	7	12	7055	5643	12698	166676	242708	409384
"2015.03.18"	"Iraq"	"Shirqat"	2	0	2	7057	5643	12700	166678	242708	409386
"2015.03.18"	"Pakistan"	"Yakutat"	1	0	1	7058	5643	12701	166679	242708	409387
"2015.03.18"	"Pakistan"	"Bajaur"	1	0	1	7059	5643	12702	166680	242708	409388
"2015.03.18"	"Tunisia"	"Tunis"	23	44	67	7082	5687	12769	166703	242752	409455
"2015.03.18"	"Yemen"	"Sanaa"	1	0	1	7083	5687	12770	166704	242752	409456
"2015.03.18"	"Libya"	"Nofaliya"	10	4	14	7093	5691	12784	166714	242756	409470
"2015.03.18"	"Iraq"	"Umm Qasr"	3	5	8	7096	5696	12792	166717	242761	409478
"2015.03.18"	"Afghanistan"	"Lashkar Gah"	7	20	27	7103	5716	12819	166724	242781	409505
"2015.03.19"	"Iraq"	"Mosul"	5	0	5	7108	5716	12824	166729	242781	409510
"2015.03.19"	"Iraq"	"Mosul"	3	0	3	7111	5716	12827	166732	242781	409513
"2015.03.19"	"Nigeria"	"Gamboru"	11	0	11	7122	5716	12838	166743	242781	409524
"2015.03.19"	"Afghanistan"	"Kabul"	1	0	1	7123	5716	12839	166744	242781	409525
"2015.03.19"	"Afghanistan"	"Kabul"	1	0	1	7124	5716	12840	166745	242781	409526
"2015.03.19"	"Egypt"	"Giza"	2	0	2	7126	5716	12842	166747	242781	409528
"2015.03.19"	"Iraq"	"Ismaelawa"	3	0	3	7129	5716	12845	166750	242781	409531
"2015.03.19"	"Iraq"	"Mosul"	3	10	13	7132	5726	12858	166753	242791	409544
"2015.03.20"	"Yemen"	"al-Houta"	29	0	29	7161	5726	12887	166782	242791	409573
"2015.03.20"	"India"	"Kathua"	4	10	14	7165	5736	12901	166786	242801	409587
"2015.03.20"	"Iraq"	"Baghdad"	13	0	13	7178	5736	12914	166799	242801	409600
"2015.03.20"	"Yemen"	"Sanaa"	142	351	493	7320	6087	13407	166941	243152	410093
"2015.03.20"	"Syria"	"Hassakeh"	49	177	226	7369	6264	13633	166990	243329	410319
"2015.03.20"	"Pakistan"	"Nazimabad"	3	4	7	7372	6268	13640	166993	243333	410326
"2015.03.20"	"Nigeria"	"Damasak"	100	0	100	7472	6268	13740	167093	243333	410426
"2015.03.20"	"Iraq"	"Sabaa al-Bour"	3	6	9	7475	6274	13749	167096	243339	410435
"2015.03.20"	"Pakistan"	"Saddar"	2	3	5	7477	6277	13754	167098	243342	410440
"2015.03.20"	"Pakistan"	"Gulshan"	2	4	6	7479	6281	13760	167100	243346	410446
"2015.03.20"	"Somalia"	"Galhareer"	1	0	1	7480	6281	13761	167101	243346	410447
"2015.03.20"	"Pakistan"	"Sheikhupura"	1	0	1	7481	6281	13762	167102	243346	410448
"2015.03.21"	"Iraq"	"Hamam al-Alil"	5	0	5	7486	6281	13767	167107	243346	410453
"2015.03.21"	"Thailand"	"Yala"	1	2	3	7487	6283	13770	167108	243348	410456
"2015.03.21"	"Afghanistan"	"Kunduz"	3	1	4	7490	6284	13774	167111	243349	410460
"2015.03.21"	"Syria"	"Hama"	70	0	70	7560	6284	13844	167181	243349	410530
"2015.03.21"	"Somalia"	"Afgoye"	2	5	7	7562	6289	13851	167183	243354	410537
"2015.03.22"	"India"	"Hazipur"	1	1	2	7563	6290	13853	167184	243355	410539
"2015.03.22"	"CAR"	"Kaga-Bandoro"	11	0	11	7574	6290	13864	167195	243355	410550
"2015.03.22"	"Afghanistan"	"Khost"	2	0	2	7576	6290	13866	167197	243355	410552
"2015.03.22"	"Iraq"	"Askari"	1	0	1	7577	6290	13867	167198	243355	410553
"2015.03.22"	"Iraq"	"Samarrah"	2	7	9	7579	6297	13876	167200	243362	410562
"2015.03.22"	"Iraq"	"al-Baghdadi"	2	5	7	7581	6302	13883	167202	243367	410569
"2015.03.23"	"Iraq"	"Qayyarah"	5	0	5	7586	6302	13888	167207	243367	410574
"2015.03.23"	"Iraq"	"Fallujah"	4	4	8	7590	6306	13896	167211	243371	410582
"2015.03.23"	"Syria"	"Alippo"	13	30	43	7603	6336	13939	167224	243401	410625
"2015.03.23"	"Yemen"	"Taiz"	1	4	5	7604	6340	13944	167225	243405	410630
"2015.03.23"	"Iraq"	"Mosul"	1	0	1	7605	6340	13945	167226	243405	410631
"2015.03.23"	"Iraq"	"Baghdad"	6	14	20	7611	6354	13965	167232	243419	410651
"2015.03.23"	"Iraq"	"Sadr City"	9	22	31	7620	6376	13996	167241	243441	410682
"2015.03.23"	"Iraq"	"Baghdad"	4	0	4	7624	6376	14000	167245	243441	410686
"2015.03.23"	"Iraq"	"Mosul"	1	0	1	7625	6376	14001	167246	243441	410687
"2015.03.24"	"Iraq"	"al-Baghdadi"	8	10	18	7633	6386	14019	167254	243451	410705
"2015.03.24"	"Egypt"	"al-Kharouba"	2	6	8	7635	6392	14027	167256	243457	410713
"2015.03.24"	"Afghanistan"	"Ghazni"	5	10	15	7640	6402	14042	167261	243467	410728
"2015.03.24"	"Afghanistan"	"Wardak"	13	0	13	7653	6402	14055	167274	243467	410741
"2015.03.24"	"Libya"	"Benghazi"	7	12	19	7660	6414	14074	167281	243479	410760
"2015.03.24"	"Yemen"	"Taiz"	6	33	39	7666	6447	14113	167287	243512	410799
"2015.03.24"	"Iraq"	"Tel Thahab"	11	0	11	7677	6447	14124	167298	243512	410810
"2015.03.24"	"Pakistan"	"Lahore"	0	2	2	7677	6449	14126	167298	243514	410812
"2015.03.25"	"Iraq"	"Mosul"	3	0	3	7680	6449	14129	167301	243514	410815
"2015.03.25"	"Libya"	"Sirte"	5	0	5	7685	6449	14134	167306	243514	410820
"2015.03.25"	"Nigeria"	"Gwoza"	75	0	75	7760	6449	14209	167381	243514	410895
"2015.03.25"	"Egypt"	"Fayum"	1	0	1	7761	6449	14210	167382	243514	410896
"2015.03.25"	"Afghanistan"	"Nangarhar"	4	6	10	7765	6455	14220	167386	243520	410906
"2015.03.25"	"Libya"	"Sirte"	5	0	5	7770	6455	14225	167391	243520	410911
"2015.03.25"	"Afghanistan"	"Kabul"	8	31	39	7778	6486	14264	167399	243551	410950
"2015.03.25"	"Iraq"	"Mosul"	2	0	2	7780	6486	14266	167401	243551	410952
"2015.03.26"	"India"	"Kolkata"	0	1	1	7780	6487	14267	167401	243552	410953
"2015.03.26"	"Iraq"	"Baqubah"	3	0	3	7783	6487	14270	167404	243552	410956
"2015.03.26"	"Iraq"	"Ishaki"	7	0	7	7790	6487	14277	167411	243552	410963
"2015.03.26"	"Pakistan"	"Loralai"	6	4	10	7796	6491	14287	167417	243556	410973
"2015.03.26"	"Iraq"	"Mosul"	1	0	1	7797	6491	14288	167418	243556	410974
"2015.03.26"	"Afghanistan"	"Mata Khan"	2	1	3	7799	6492	14291	167420	243557	410977
"2015.03.26"	"Kenya"	"Mombasa"	1	0	1	7800	6492	14292	167421	243557	410978
"2015.03.26"	"Afghanistan"	"Ali Shir"	5	2	7	7805	6494	14299	167426	243559	410985
"2015.03.27"	"Pakistan"	"Nowshera"	1	0	1	7806	6494	14300	167427	243559	410986
"2015.03.27"	"Pakistan"	"Karachi"	2	14	16	7808	6508	14316	167429	243573	411002
"2015.03.27"	"Somalia"	"Kismayo"	6	0	6	7814	6508	14322	167435	243573	411008
"2015.03.27"	"Somalia"	"Mogadishu"	18	28	46	7832	6536	14368	167453	243601	411054
"2015.03.27"	"Egypt"	"Minya"	0	7	7	7832	6543	14375	167453	243608	411061
"2015.03.28"	"Nigeria"	"Birin Bolawa"	1	0	1	7833	6543	14376	167454	243608	411062
"2015.03.28"	"Nigeria"	"Birin Fulani"	1	0	1	7834	6543	14377	167455	243608	411063
"2015.03.28"	"Nigeria"	"Dukku"	3	2	5	7837	6545	14382	167458	243610	411068
"2015.03.28"	"Nigeria"	"Tilen"	2	0	2	7839	6545	14384	167460	243610	411070
"2015.03.28"	"Nigeria"	"Buratai"	25	30	55	7864	6575	14439	167485	243640	411125
"2015.03.28"	"Pakistan"	"Jaffarabad"	3	0	3	7867	6575	14442	167488	243640	411128
"2015.03.28"	"Egypt"	"Cairo"	0	8	8	7867	6583	14450	167488	243648	411136
"2015.03.28"	"Iraq"	"Kirkuk"	2	0	2	7869	6583	14452	167490	243648	411138
"2015.03.28"	"Nigeria"	"Shole"	7	0	7	7876	6583	14459	167497	243648	411145
"2015.03.29"	"Pakistan"	"Hayatabad"	1	0	1	7877	6583	14460	167498	243648	411146
"2015.03.29"	"Iraq"	"Dujail"	6	14	20	7883	6597	14480	167504	243662	411166
"2015.03.29"	"Iraq"	"Baghdad"	7	0	7	7890	6597	14487	167511	243662	411173
"2015.03.29"	"Iraq"	"Mosul"	1	0	1	7891	6597	14488	167512	243662	411174
"2015.03.29"	"Afghanistan"	"Kabul"	2	8	10	7893	6605	14498	167514	243670	411184
"2015.03.29"	"Syria"	"Hama"	8	0	8	7901	6605	14506	167522	243670	411192
"2015.03.30"	"Iraq"	"Fallujah"	7	9	16	7908	6614	14522	167529	243679	411208
"2015.03.30"	"Iraq"	"Tal Afar"	6	0	6	7914	6614	14528	167535	243679	411214
"2015.03.30"	"Afghanistan"	"Khogyani"	2	5	7	7916	6619	14535	167537	243684	411221
"2015.03.30"	"Bangladesh"	"Dhaka"	1	0	1	7917	6619	14536	167538	243684	411222
"2015.03.30"	"Iraq"	"Baghdad"	11	20	31	7928	6639	14567	167549	243704	411253
"2015.03.30"	"Afghanistan"	"Mazar-e-Sharif"	1	0	1	7929	6639	14568	167550	243704	411254
"2015.03.30"	"Syria"	"Damascus"	1	30	31	7930	6669	14599	167551	243734	411285
"2015.03.30"	"Mali"	"Gao"	1	1	2	7931	6670	14601	167552	243735	411287
"2015.03.30"	"Libya"	"Zawiya"	1	5	6	7932	6675	14607	167553	243740	411293
"2015.03.30"	"Uganda"	"Kampala"	1	0	1	7933	6675	14608	167554	243740	411294
"2015.03.31"	"Yemen"	"Aden"	2	0	2	7935	6675	14610	167556	243740	411296
"2015.03.31"	"Pakistan"	"Tank"	1	2	3	7936	6677	14613	167557	243742	411299
"2015.03.31"	"Iraq"	"Taji"	6	11	17	7942	6688	14630	167563	243753	411316
"2015.03.31"	"Iraq"	"Kirkuk"	1	0	1	7943	6688	14631	167564	243753	411317
"2015.03.31"	"Nigeria"	"Gaamber Tyev"	30	0	30	7973	6688	14661	167594	243753	411347
"2015.03.31"	"Afghanistan"	"Faryab"	1	0	1	7974	6688	14662	167595	243753	411348
"2015.03.31"	"Afghanistan"	"Ghazni"	7	0	7	7981	6688	14669	167602	243753	411355
"2015.03.31"	"Syria"	"Mabujeh"	37	21	58	8018	6709	14727	167639	243774	411413
"2015.03.31"	"Philippines"	"Pitogo"	1	1	2	8019	6710	14729	167640	243775	411415
"2015.04.01"	"Sudan"	"al-Fashar"	41	11	52	8060	6721	14781	167681	243786	411467
"2015.04.01"	"Iraq"	"Mosul"	1	0	1	8061	6721	14782	167682	243786	411468
"2015.04.01"	"Iraq"	"Baqubah"	1	0	1	8062	6721	14783	167683	243786	411469
"2015.04.01"	"India"	"Sultanpora"	1	3	4	8063	6724	14787	167684	243789	411473
"2015.04.01"	"Pakistan"	"Narai Baba"	2	3	5	8065	6727	14792	167686	243792	411478
"2015.04.01"	"Kenya"	"Dadaab"	1	3	4	8066	6730	14796	167687	243795	411482
"2015.04.02"	"Nigeria"	"Gombe"	20	15	35	8086	6745	14831	167707	243810	411517
"2015.04.02"	"Pakistan"	"Shamshikhel"	1	0	1	8087	6745	14832	167708	243810	411518
"2015.04.02"	"Iraq"	"Baghdad"	5	17	22	8092	6762	14854	167713	243827	411540
"2015.04.02"	"Iraq"	"Samarrah"	4	12	16	8096	6774	14870	167717	243839	411556
"2015.04.02"	"Iraq"	"Zagarit"	6	11	17	8102	6785	14887	167723	243850	411573
"2015.04.02"	"Libya"	"Misrata"	7	0	7	8109	6785	14894	167730	243850	411580
"2015.04.02"	"Nigeria"	"Malam Fatori"	9	16	25	8118	6801	14919	167739	243866	411605
"2015.04.02"	"Egypt"	"Sheikh Zuweyid"	15	19	34	8133	6820	14953	167754	243885	411639
"2015.04.02"	"Afghanistan"	"Khost"	20	62	82	8153	6882	15035	167774	243947	411721
"2015.04.02"	"Iraq"	"Hamidiye"	3	0	3	8156	6882	15038	167777	243947	411724
"2015.04.02"	"Kenya"	"Garissa"	148	79	227	8304	6961	15265	167925	244026	411951
"2015.04.03"	"Iraq"	"Hammam al-Alil"	1	0	1	8305	6961	15266	167926	244026	411952
"2015.04.03"	"India"	"Saryam"	3	2	5	8308	6963	15271	167929	244028	411957
"2015.04.03"	"Pakistan"	"Dera Ismail Khan"	2	0	2	8310	6963	15273	167931	244028	411959
"2015.04.03"	"Egypt"	"Sinai"	3	0	3	8313	6963	15276	167934	244028	411962
"2015.04.03"	"Yemen"	"Aden"	4	0	4	8317	6963	15280	167938	244028	411966
"2015.04.03"	"Afghanistan"	"Logar"	7	0	7	8324	6963	15287	167945	244028	411973
"2015.04.03"	"India"	"Nalagonda"	1	2	3	8325	6965	15290	167946	244030	411976
"2015.04.03"	"Iraq"	"Baghdad"	8	18	26	8333	6983	15316	167954	244048	412002
"2015.04.03"	"Iraq"	"Husseiniyah"	3	8	11	8336	6991	15327	167957	244056	412013
"2015.04.03"	"Chad"	"Maidogo"	7	0	7	8343	6991	15334	167964	244056	412020
"2015.04.03"	"Syria"	"Hasakah"	2	0	2	8345	6991	15336	167966	244056	412022
"2015.04.04"	"Pakistan"	"Nanno"	2	0	2	8347	6991	15338	167968	244056	412024
"2015.04.04"	"Syria"	"Yarmuk"	8	0	8	8355	6991	15346	167976	244056	412032
"2015.04.04"	"Saudi Arabia"	"Asir"	2	0	2	8357	6991	15348	167978	244056	412034
"2015.04.04"	"Afghanistan"	"Baghlan"	4	5	9	8361	6996	15357	167982	244061	412043
"2015.04.04"	"Sudan"	"Tunguli"	9	0	9	8370	6996	15366	167991	244061	412052
"2015.04.04"	"Mali"	"Bamako"	1	2	3	8371	6998	15369	167992	244063	412055
"2015.04.05"	"Egypt"	"Cairo"	1	3	4	8372	7001	15373	167993	244066	412059
"2015.04.05"	"Libya"	"Misrata"	6	20	26	8378	7021	15399	167999	244086	412085
"2015.04.05"	"Nigeria"	"Kayamla"	4	0	4	8382	7021	15403	168003	244086	412089
"2015.04.05"	"Mali"	"Gao"	1	3	4	8383	7024	15407	168004	244089	412093
"2015.04.05"	"Afghanistan"	"Pul-e-Khumir"	5	7	12	8388	7031	15419	168009	244096	412105
"2015.04.05"	"Nigeria"	"Kwajafa"	24	30	54	8412	7061	15473	168033	244126	412159
"2015.04.05"	"Iraq"	"Mosul"	8	0	8	8420	7061	15481	168041	244126	412167
"2015.04.05"	"Iraq"	"Qadsiyah"	1	1	2	8421	7062	15483	168042	244127	412169
"2015.04.05"	"Iraq"	"Mandali"	7	0	7	8428	7062	15490	168049	244127	412176
"2015.04.05"	"Egypt"	"Alexandria"	0	4	4	8428	7066	15494	168049	244131	412180
"2015.04.05"	"Somalia"	"Bossaso"	2	1	3	8430	7067	15497	168051	244132	412183
"2015.04.05"	"Iraq"	"Baghdad"	4	10	14	8434	7077	15511	168055	244142	412197
"2015.04.05"	"Iraq"	"Baghdad"	5	13	18	8439	7090	15529	168060	244155	412215
"2015.04.05"	"Iraq"	"Romana"	25	0	25	8464	7090	15554	168085	244155	412240
"2015.04.05"	"Afghanistan"	"Jawzan"	3	4	7	8467	7094	15561	168088	244159	412247
"2015.04.06"	"Bangladesh"	"Sreemongal"	0	2	2	8467	7096	15563	168088	244161	412249
"2015.04.06"	"Nigeria"	"Kaduna"	14	20	34	8481	7116	15597	168102	244181	412283
"2015.04.06"	"India"	"Baramulla"	1	0	1	8482	7116	15598	168103	244181	412284
"2015.04.06"	"Pakistan"	"Mamond"	1	0	1	8483	7116	15599	168104	244181	412285
"2015.04.06"	"Iraq"	"al-Qaim"	52	0	52	8535	7116	15651	168156	244181	412337
"2015.04.06"	"India"	"Ashipora"	3	2	5	8538	7118	15656	168159	244183	412342
"2015.04.06"	"Saudi Arabia"	"Awamiya"	1	4	5	8539	7122	15661	168160	244187	412347
"2015.04.06"	"Afghanistan"	"Qarabagh"	6	0	6	8545	7122	15667	168166	244187	412353
"2015.04.06"	"Afghanistan"	"Baghlan"	3	2	5	8548	7124	15672	168169	244189	412358
"2015.04.07"	"Syria"	"Hawar Kilas"	23	30	53	8571	7154	15725	168192	244219	412411
"2015.04.07"	"Tunisia"	"Sbitla"	5	3	8	8576	7157	15733	168197	244222	412419
"2015.04.07"	"Syria"	"Marea"	9	15	24	8585	7172	15757	168206	244237	412443
"2015.04.07"	"Yemen"	"Aden"	17	110	127	8602	7282	15884	168223	244347	412570
"2015.04.07"	"Pakistan"	"Negur"	8	0	8	8610	7282	15892	168231	244347	412578
"2015.04.07"	"Iraq"	"Mosul"	4	0	4	8614	7282	15896	168235	244347	412582
"2015.04.07"	"Afghanistan"	"Kunar"	3	3	6	8617	7285	15902	168238	244350	412588
"2015.04.07"	"Syria"	"Yarmouk"	1	0	1	8618	7285	15903	168239	244350	412589
"2015.04.08"	"Afghanistan"	"Jalalabad"	1	2	3	8619	7287	15906	168240	244352	412592
"2015.04.08"	"Nigeria"	"Kwara"	7	0	7	8626	7287	15913	168247	244352	412599
"2015.04.08"	"Nigeria"	"Gidan Maso"	1	0	1	8627	7287	15914	168248	244352	412600
"2015.04.08"	"Afghanistan"	"Kabul"	1	0	1	8628	7287	15915	168249	244352	412601
"2015.04.08"	"Saudi Arabia"	"Riyadh"	2	0	2	8630	7287	15917	168251	244352	412603
"2015.04.08"	"Iraq"	"Hammam al-Alil"	10	0	10	8640	7287	15927	168261	244352	412613
"2015.04.08"	"Syria"	"al-Ghab"	5	5	10	8645	7292	15937	168266	244357	412623
"2015.04.08"	"Iraq"	"al-Qaim"	248	0	248	8893	7292	16185	168514	244357	412871
"2015.04.09"	"Nigeria"	"Buratai"	2	0	2	8895	7292	16187	168516	244357	412873
"2015.04.09"	"Afghanistan"	"Chanarto"	5	0	5	8900	7292	16192	168521	244357	412878
"2015.04.09"	"Iraq"	"Albu Faraj"	25	0	25	8925	7292	16217	168546	244357	412903
"2015.04.09"	"Syria"	"Homs"	17	0	17	8942	7292	16234	168563	244357	412920
"2015.04.09"	"Syria"	"Salamiyeh"	1	0	1	8943	7292	16235	168564	244357	412921
"2015.04.09"	"Afghanistan"	"Zabul"	2	0	2	8945	7292	16237	168566	244357	412923
"2015.04.09"	"Egypt"	"al-Arish"	11	6	17	8956	7298	16254	168577	244363	412940
"2015.04.09"	"Iran"	"Mehrestan"	2	0	2	8958	7298	16256	168579	244363	412942
"2015.04.09"	"Afghanistan"	"Mazar-e-Sharif"	10	70	80	8968	7368	16336	168589	244433	413022
"2015.04.09"	"Nigeria"	"Dile"	20	10	30	8988	7378	16366	168609	244443	413052
"2015.04.10"	"Afghanistan"	"Badakhshan"	28	44	72	9016	7422	16438	168637	244487	413124
"2015.04.10"	"Yemen"	"Najran"	3	2	5	9019	7424	16443	168640	244489	413129
"2015.04.10"	"Afghanistan"	"Jalalabad"	3	4	7	9022	7428	16450	168643	244493	413136
"2015.04.10"	"Syria"	"Homs"	1	0	1	9023	7428	16451	168644	244493	413137
"2015.04.10"	"Syria"	"Raqqa"	1	0	1	9024	7428	16452	168645	244493	413138
"2015.04.10"	"Iraq"	"Tikrit"	47	0	47	9071	7428	16499	168692	244493	413185
"2015.04.10"	"Iraq"	"Mishada"	7	16	23	9078	7444	16522	168699	244509	413208
"2015.04.10"	"Iraq"	"Baghdad"	5	12	17	9083	7456	16539	168704	244521	413225
"2015.04.10"	"Afghanistan"	"Ghazni"	10	0	10	9093	7456	16549	168714	244521	413235
"2015.04.10"	"Yemen"	"Bayhan"	25	24	49	9118	7480	16598	168739	244545	413284
"2015.04.10"	"Syria"	"Homs"	1	9	10	9119	7489	16608	168740	244554	413294
"2015.04.10"	"Iraq"	"Albu Faraj"	15	0	15	9134	7489	16623	168755	244554	413309
"2015.04.11"	"Afghanistan"	"Maidan Wardak"	1	0	1	9135	7489	16624	168756	244554	413310
"2015.04.11"	"Iraq"	"Baghdad"	4	11	15	9139	7500	16639	168760	244565	413325
"2015.04.11"	"Iraq"	"Baghdad"	2	2	4	9141	7502	16643	168762	244567	413329
"2015.04.11"	"Syria"	"Huwayk"	2	1	3	9143	7503	16646	168764	244568	413332
"2015.04.11"	"Syria"	"Aleppo"	20	24	44	9163	7527	16690	168784	244592	413376
"2015.04.11"	"Cameroon"	"Dabanga"	3	0	3	9166	7527	16693	168787	244592	413379
"2015.04.11"	"Iraq"	"Albu Farraj"	18	0	18	9184	7527	16711	168805	244592	413397
"2015.04.11"	"Egypt"	"Sinai"	2	0	2	9186	7527	16713	168807	244592	413399
"2015.04.12"	"Thailand"	"Narathiwat"	4	0	4	9190	7527	16717	168811	244592	413403
"2015.04.12"	"Afghanistan"	"Ahmadkhil"	2	5	7	9192	7532	16724	168813	244597	413410
"2015.04.12"	"Egypt"	"Sheikh Zuweid"	6	2	8	9198	7534	16732	168819	244599	413418
"2015.04.12"	"Egypt"	"al-Arish"	8	45	53	9206	7579	16785	168827	244644	413471
"2015.04.12"	"Iraq"	"Baghdad"	4	9	13	9210	7588	16798	168831	244653	413484
"2015.04.12"	"Iraq"	"Baghdad"	8	21	29	9218	7609	16827	168839	244674	413513
"2015.04.12"	"Mali"	"Segou"	2	3	5	9220	7612	16832	168841	244677	413518
"2015.04.12"	"Libya"	"Tripoli"	2	1	3	9222	7613	16835	168843	244678	413521
"2015.04.12"	"Iraq"	"Albu Faraj"	5	37	42	9227	7650	16877	168848	244715	413563
"2015.04.12"	"Iraq"	"Ramadi"	35	0	35	9262	7650	16912	168883	244715	413598
"2015.04.13"	"Afghanistan"	"Shahr-e-Safa"	2	1	3	9264	7651	16915	168885	244716	413601
"2015.04.13"	"Thailand"	"Narathiwat"	1	0	1	9265	7651	16916	168886	244716	413602
"2015.04.13"	"Pakistan"	"Karachi"	1	1	2	9266	7652	16918	168887	244717	413604
"2015.04.13"	"Iraq"	"Baghdad"	3	9	12	9269	7661	16930	168890	244726	413616
"2015.04.13"	"Iraq"	"Taji"	2	7	9	9271	7668	16939	168892	244733	413625
"2015.04.13"	"Iraq"	"Baghdad"	10	25	35	9281	7693	16974	168902	244758	413660
"2015.04.13"	"Yemen"	"Aden"	5	0	5	9286	7693	16979	168907	244758	413665
"2015.04.13"	"Thailand"	"Yala"	2	0	2	9288	7693	16981	168909	244758	413667
"2015.04.14"	"Syria"	"Hama"	1	0	1	9289	7693	16982	168910	244758	413668
"2015.04.14"	"Somalia"	"Mogadishu"	18	16	34	9307	7709	17016	168928	244774	413702
"2015.04.14"	"Egypt"	"Shibeen al-Qanatar"	1	1	2	9308	7710	17018	168929	244775	413704
"2015.04.14"	"Afghanistan"	"Maidan Wardak"	3	1	4	9311	7711	17022	168932	244776	413708
"2015.04.14"	"Iraq"	"Mahmoudiyah"	7	13	20	9318	7724	17042	168939	244789	413728
"2015.04.14"	"Iraq"	"Baghdad"	4	10	14	9322	7734	17056	168943	244799	413742
"2015.04.14"	"Iraq"	"Baghdad"	3	8	11	9325	7742	17067	168946	244807	413753
"2015.04.14"	"Iraq"	"al-Wihdi"	6	13	19	9331	7755	17086	168952	244820	413772
"2015.04.14"	"Tunisia"	"Kasserine"	3	3	6	9334	7758	17092	168955	244823	413778
"2015.04.14"	"Iraq"	"Baghdad"	8	21	29	9342	7779	17121	168963	244844	413807
"2015.04.14"	"Iraq"	"Muqdadiya"	1	4	5	9343	7783	17126	168964	244848	413812
"2015.04.14"	"Pakistan"	"Nazimabad"	2	0	2	9345	7783	17128	168966	244848	413814
"2015.04.15"	"Iraq"	"Baiji"	16	0	16	9361	7783	17144	168982	244848	413830
"2015.04.15"	"DRC"	"Beni"	19	0	19	9380	7783	17163	169001	244848	413849
"2015.04.15"	"Yemen"	"Sanaa"	15	0	15	9395	7783	17178	169016	244848	413864
"2015.04.15"	"Egypt"	"Kafr al-Sheikh"	2	10	12	9397	7793	17190	169018	244858	413876
"2015.04.15"	"Mali"	"Ansongo"	3	16	19	9400	7809	17209	169021	244874	413895
"2015.04.15"	"Iraq"	"Albu Ghanem"	9	0	9	9409	7809	17218	169030	244874	413904
"2015.04.15"	"Israel"	"Jerusalem"	1	1	2	9410	7810	17220	169031	244875	413906
"2015.04.15"	"Afghanistan"	"Paktika"	1	3	4	9411	7813	17224	169032	244878	413910
"2015.04.15"	"Pakistan"	"Lahore"	0	1	1	9411	7814	17225	169032	244879	413911
"2015.04.15"	"Egypt"	"al-Taweela"	1	1	2	9412	7815	17227	169033	244880	413913
"2015.04.16"	"Iraq"	"Mosul"	2	0	2	9414	7815	17229	169035	244880	413915
"2015.04.16"	"Egypt"	"Sheikh Zuweid"	1	3	4	9415	7818	17233	169036	244883	413919
"2015.04.16"	"Italy"	"Sicily"	12	0	12	9427	7818	17245	169048	244883	413931
"2015.04.16"	"Iraq"	"Ramadi"	32	0	32	9459	7818	17277	169080	244883	413963
"2015.04.17"	"Iraq"	"Habibya"	15	26	41	9474	7844	17318	169095	244909	414004
"2015.04.17"	"Iraq"	"Amil"	13	24	37	9487	7868	17355	169108	244933	414041
"2015.04.17"	"Iraq"	"Baghdad"	4	9	13	9491	7877	17368	169112	244942	414054
"2015.04.17"	"Iraq"	"Baghdad"	3	0	3	9494	7877	17371	169115	244942	414057
"2015.04.17"	"Iraq"	"Baghdad"	3	0	3	9497	7877	17374	169118	244942	414060
"2015.04.17"	"Nigeria"	"Gwoza"	12	0	12	9509	7877	17386	169130	244942	414072
"2015.04.17"	"Iraq"	"Erbil"	4	18	22	9513	7895	17408	169134	244960	414094
"2015.04.17"	"Pakistan"	"Lahore"	0	3	3	9513	7898	17411	169134	244963	414097
"2015.04.17"	"Pakistan"	"Muzaffargarh"	1	0	1	9514	7898	17412	169135	244963	414098
"2015.04.17"	"Iraq"	"Ramadi"	8	5	13	9522	7903	17425	169143	244968	414111
"2015.04.17"	"Pakistan"	"Karachi"	0	1	1	9522	7904	17426	169143	244969	414112
"2015.04.17"	"Egypt"	"Sheikh Zuweid"	1	5	6	9523	7909	17432	169144	244974	414118
"2015.04.17"	"Syria"	"al-Mayadin"	6	0	6	9529	7909	17438	169150	244974	414124
"2015.04.17"	"Cameroon"	"Kolofata"	10	0	10	9539	7909	17448	169160	244974	414134
"2015.04.18"	"Iraq"	"Diyala"	13	38	51	9552	7947	17499	169173	245012	414185
"2015.04.18"	"Afghanistan"	"Jalalabad"	36	124	160	9588	8071	17659	169209	245136	414345
"2015.04.18"	"Afghanistan"	"Ghazni"	4	0	4	9592	8071	17663	169213	245136	414349
"2015.04.18"	"Somalia"	"Mogadishu"	1	0	1	9593	8071	17664	169214	245136	414350
"2015.04.19"	"Afghanistan"	"Helmand"	3	19	22	9596	8090	17686	169217	245155	414372
"2015.04.19"	"Nigeria"	"Baga"	2	7	9	9598	8097	17695	169219	245162	414381
"2015.04.19"	"France"	"Villejuif"	1	0	1	9599	8097	17696	169220	245162	414382
"2015.04.19"	"Libya"	"Sirte"	30	0	30	9629	8097	17726	169250	245162	414412
"2015.04.19"	"Somalia"	"Lower Shabelle"	3	0	3	9632	8097	17729	169253	245162	414415
"2015.04.19"	"Iraq"	"Zab"	24	0	24	9656	8097	17753	169277	245162	414439
"2015.04.20"	"Syria"	"Deir ez-Zor"	3	0	3	9659	8097	17756	169280	245162	414442
"2015.04.20"	"Nigeria"	"Potiskum"	0	3	3	9659	8100	17759	169280	245165	414445
"2015.04.20"	"Iraq"	"Baiji"	7	0	7	9666	8100	17766	169287	245165	414452
"2015.04.20"	"Mali"	"Gao"	1	0	1	9667	8100	17767	169288	245165	414453
"2015.04.20"	"Egypt"	"Rafah"	3	1	4	9670	8101	17771	169291	245166	414457
"2015.04.20"	"Somalia"	"Garowe"	9	4	13	9679	8105	17784	169300	245170	414470
"2015.04.20"	"Egypt"	"Sheikh Zuweid"	2	0	2	9681	8105	17786	169302	245170	414472
"2015.04.21"	"Syria"	"Jisr al-Shughur"	7	0	7	9688	8105	17793	169309	245170	414479
"2015.04.21"	"Iraq"	"Kirkuk"	3	19	22	9691	8124	17815	169312	245189	414501
"2015.04.21"	"Iraq"	"Madain"	3	4	7	9694	8128	17822	169315	245193	414508
"2015.04.21"	"Syria"	"Hajar al-Aswad"	2	0	2	9696	8128	17824	169317	245193	414510
"2015.04.21"	"Iraq"	"Salaheddin"	11	0	11	9707	8128	17835	169328	245193	414521
"2015.04.21"	"Somalia"	"Mogadishu"	10	15	25	9717	8143	17860	169338	245208	414546
"2015.04.21"	"Afghanistan"	"Kandahar"	3	17	20	9720	8160	17880	169341	245225	414566
"2015.04.21"	"Afghanistan"	"Kunduz"	1	5	6	9721	8165	17886	169342	245230	414572
"2015.04.21"	"Egypt"	"Cairo"	2	0	2	9723	8165	17888	169344	245230	414574
"2015.04.21"	"Bangladesh"	"Ashulia"	8	15	23	9731	8180	17911	169352	245245	414597
"2015.04.22"	"Iraq"	"Baghdad"	7	16	23	9738	8196	17934	169359	245261	414620
"2015.04.22"	"Iraq"	"Baghdad"	3	6	9	9741	8202	17943	169362	245267	414629
"2015.04.22"	"Yemen"	"Yarim"	5	0	5	9746	8202	17948	169367	245267	414634
"2015.04.22"	"Afghanistan"	"Bala Murghab"	9	0	9	9755	8202	17957	169376	245267	414643
"2015.04.22"	"Afghanistan"	"Khashrod"	6	1	7	9761	8203	17964	169382	245268	414650
"2015.04.22"	"Afghanistan"	"Behsood"	2	0	2	9763	8203	17966	169384	245268	414652
"2015.04.22"	"Syria"	"Ariha"	70	0	70	9833	8203	18036	169454	245268	414722
"2015.04.22"	"Iraq"	"Erbil"	1	0	1	9834	8203	18037	169455	245268	414723
"2015.04.22"	"Libya"	"Derna"	6	0	6	9840	8203	18043	169461	245268	414729
"2015.04.23"	"Pakistan"	"Lahore"	1	0	1	9841	8203	18044	169462	245268	414730
"2015.04.23"	"Iraq"	"Kirkuk"	34	0	34	9875	8203	18078	169496	245268	414764
"2015.04.23"	"Iraq"	"Balad"	8	16	24	9883	8219	18102	169504	245284	414788
"2015.04.23"	"Syria"	"Raqqa"	2	0	2	9885	8219	18104	169506	245284	414790
"2015.04.23"	"Afghanistan"	"Daikundi"	6	0	6	9891	8219	18110	169512	245284	414796
"2015.04.24"	"Iraq"	"Mahmoudiyah"	3	9	12	9894	8228	18122	169515	245293	414808
"2015.04.24"	"Thailand"	"Narathiwat"	0	4	4	9894	8232	18126	169515	245297	414812
"2015.04.24"	"Tunisia"	"Kasserine"	3	7	10	9897	8239	18136	169518	245304	414822
"2015.04.24"	"DRC"	"Kithevya"	5	0	5	9902	8239	18141	169523	245304	414827
"2015.04.24"	"Somalia"	"Jamame"	1	0	1	9903	8239	18142	169524	245304	414828
"2015.04.24"	"Afghanistan"	"Farah"	3	0	3	9906	8239	18145	169527	245304	414831
"2015.04.24"	"Iraq"	"Mosul"	1	0	1	9907	8239	18146	169528	245304	414832
"2015.04.24"	"Iraq"	"Nadhem al-Taqseem"	14	0	14	9921	8239	18160	169542	245304	414846
"2015.04.24"	"Afghanistan"	"Alingar"	5	11	16	9926	8250	18176	169547	245315	414862
"2015.04.24"	"Nigeria"	"Bultaram"	21	0	21	9947	8250	18197	169568	245315	414883
"2015.04.24"	"Pakistan"	"Peshawar"	1	6	7	9948	8256	18204	169569	245321	414890
"2015.04.24"	"Iraq"	"Jalka"	2	0	2	9950	8256	18206	169571	245321	414892
"2015.04.24"	"Pakistan"	"Karachi"	1	0	1	9951	8256	18207	169572	245321	414893
"2015.04.24"	"Afghanistan"	"Maidan Wardak"	2	6	8	9953	8262	18215	169574	245327	414901
"2015.04.24"	"Israel"	"Husan"	1	7	8	9954	8269	18223	169575	245334	414909
"2015.04.25"	"Iraq"	"Manbij"	6	0	6	9960	8269	18229	169581	245334	414915
"2015.04.25"	"Iraq"	"Bayaa"	4	0	4	9964	8269	18233	169585	245334	414919
"2015.04.25"	"Iraq"	"Trebil"	15	22	37	9979	8291	18270	169600	245356	414956
"2015.04.25"	"Somalia"	"Mogadishu"	3	0	3	9982	8291	18273	169603	245356	414959
"2015.04.25"	"Iraq"	"Tarmiyiah"	4	8	12	9986	8299	18285	169607	245364	414971
"2015.04.25"	"Afghanistan"	"Tireen Kot"	2	0	2	9988	8299	18287	169609	245364	414973
"2015.04.25"	"Niger"	"Karamga"	74	71	145	10062	8370	18432	169683	245435	415118
"2015.04.25"	"Nigeria"	"Mafa"	5	0	5	10067	8370	18437	169688	245435	415123
"2015.04.25"	"Iraq"	"Anbar"	4	12	16	10071	8382	18453	169692	245447	415139
"2015.04.25"	"Iraq"	"Baghdad"	4	11	15	10075	8393	18468	169696	245458	415154
"2015.04.25"	"Nigeria"	"Plateau"	6	0	6	10081	8393	18474	169702	245458	415160
"2015.04.26"	"Iraq"	"Baghdad"	6	10	16	10087	8403	18490	169708	245468	415176
"2015.04.26"	"Iraq"	"Mahmoudiya"	4	9	13	10091	8412	18503	169712	245477	415189
"2015.04.26"	"Iraq"	"Baghdad"	7	25	32	10098	8437	18535	169719	245502	415221
"2015.04.26"	"Iraq"	"Baghdad"	6	17	23	10104	8454	18558	169725	245519	415244
"2015.04.26"	"Afghanistan"	"Noor-ul-Huda"	1	0	1	10105	8454	18559	169726	245519	415245
"2015.04.26"	"Afghanistan"	"Uruzgan"	1	0	1	10106	8454	18560	169727	245519	415246
"2015.04.26"	"Kenya"	"Mandera"	1	0	1	10107	8454	18561	169728	245519	415247
"2015.04.26"	"Iraq"	"Nukhaib"	7	2	9	10114	8456	18570	169735	245521	415256
"2015.04.26"	"Syria"	"Jisr al-Shughour"	30	0	30	10144	8456	18600	169765	245521	415286
"2015.04.26"	"Syria"	"Aleppo"	3	1	4	10147	8457	18604	169768	245522	415290
"2015.04.26"	"Afghanistan"	"Shinkay"	6	0	6	10153	8457	18610	169774	245522	415296
"2015.04.26"	"Nigeria"	"Shonong"	4	0	4	10157	8457	18614	169778	245522	415300
"2015.04.27"	"Afghanistan"	"Sarobi"	2	0	2	10159	8457	18616	169780	245522	415302
"2015.04.27"	"Nigeria"	"Kogi"	4	0	4	10163	8457	18620	169784	245522	415306
"2015.04.27"	"Libya"	"Benghazi"	2	0	2	10165	8457	18622	169786	245522	415308
"2015.04.27"	"Thailand"	"Pattani"	1	1	2	10166	8458	18624	169787	245523	415310
"2015.04.27"	"Thailand"	"Narathiwat"	1	0	1	10167	8458	18625	169788	245523	415311
"2015.04.27"	"Pakistan"	"Mekran"	3	0	3	10170	8458	18628	169791	245523	415314
"2015.04.27"	"Nigeria"	"Damasak"	400	0	400	10570	8458	19028	170191	245523	415714
"2015.04.27"	"Iraq"	"Nineveh"	2	0	2	10572	8458	19030	170193	245523	415716
"2015.04.27"	"Iraq"	"Kobani"	10	0	10	10582	8458	19040	170203	245523	415726
"2015.04.27"	"Nigeria"	"Guma"	13	0	13	10595	8458	19053	170216	245523	415739
"2015.04.27"	"Bosnia"	"Zvornik"	1	2	3	10596	8460	19056	170217	245525	415742
"2015.04.27"	"Libya"	"Bayda"	6	0	6	10602	8460	19062	170223	245525	415748
"2015.04.27"	"Afghanistan"	"Kunduz"	8	2	10	10610	8462	19072	170231	245527	415758
"2015.04.27"	"Iraq"	"Baghdad"	7	16	23	10617	8478	19095	170238	245543	415781
"2015.04.27"	"Iraq"	"Baghdad"	10	27	37	10627	8505	19132	170248	245570	415818
"2015.04.27"	"Iraq"	"Mosul"	1	0	1	10628	8505	19133	170249	245570	415819
"2015.04.28"	"Afghanistan"	"Zabul"	2	0	2	10630	8505	19135	170251	245570	415821
"2015.04.28"	"Pakistan"	"Khyber Pakhtunkhwa"	2	3	5	10632	8508	19140	170253	245573	415826
"2015.04.28"	"Iraq"	"Baghdad"	6	0	6	10638	8508	19146	170259	245573	415832
"2015.04.29"	"DRC"	"Bango"	47	0	47	10685	8508	19193	170306	245573	415879
"2015.04.29"	"Iraq"	"Amiriyah"	3	12	15	10688	8520	19208	170309	245585	415894
"2015.04.29"	"Iraq"	"Baghdad"	3	20	23	10691	8540	19231	170312	245605	415917
"2015.04.29"	"Mali"	"Goundam"	3	0	3	10694	8540	19234	170315	245605	415920
"2015.04.29"	"Yemen"	"Khor Maksar"	12	0	12	10706	8540	19246	170327	245605	415932
"2015.04.29"	"Iraq"	"Mosul"	10	0	10	10716	8540	19256	170337	245605	415942
"2015.04.29"	"Libya"	"Tripoli"	2	0	2	10718	8540	19258	170339	245605	415944
"2015.04.29"	"Pakistan"	"Karachi"	1	0	1	10719	8540	19259	170340	245605	415945
"2015.04.30"	"Syria"	"Derna"	3	0	3	10722	8540	19262	170343	245605	415948
"2015.04.30"	"Iraq"	"al-Jabour"	3	0	3	10725	8540	19265	170346	245605	415951
"2015.04.30"	"Syria"	"Aleppo"	8	34	42	10733	8574	19307	170354	245639	415993
"2015.04.30"	"Iraq"	"Talibiyah"	2	10	12	10735	8584	19319	170356	245649	416005
"2015.04.30"	"Iraq"	"Baghdad"	7	18	25	10742	8602	19344	170363	245667	416030
"2015.04.30"	"Iraq"	"Madain"	3	11	14	10745	8613	19358	170366	245678	416044
"2015.04.30"	"Iraq"	"Mahmoudiya"	4	2	6	10749	8615	19364	170370	245680	416050
"2015.04.30"	"Afghanistan"	"Herat Darwaza"	1	0	1	10750	8615	19365	170371	245680	416051
"2015.04.30"	"Pakistan"	"Sherpao"	2	3	5	10752	8618	19370	170373	245683	416056
"2015.04.30"	"Yemen"	"Shabwa"	15	0	15	10767	8618	19385	170388	245683	416071
"2015.04.30"	"Iraq"	"Mosul"	1	0	1	10768	8618	19386	170389	245683	416072
"2015.04.30"	"Saudi Arabia"	"Jizan"	1	0	1	10769	8618	19387	170390	245683	416073
"2015.04.30"	"Iraq"	"Mansour"	5	12	17	10774	8630	19404	170395	245695	416090
"2015.04.30"	"Iraq"	"Hurriya"	4	14	18	10778	8644	19422	170399	245709	416108
"2015.04.30"	"Saudi Arabia"	"Yemen Border"	3	0	3	10781	8644	19425	170402	245709	416111
"2015.04.30"	"Afghanistan"	"Zabul"	3	2	5	10784	8646	19430	170405	245711	416116
"2015.04.30"	"Nigeria"	"Barkin Ladi"	2	0	2	10786	8646	19432	170407	245711	416118
"2015.04.30"	"Egypt"	"Ibrahmiya"	1	0	1	10787	8646	19433	170408	245711	416119
"2015.05.01"	"Egypt"	"Sohag"	1	0	1	10788	8646	19434	170409	245711	416120
"2015.05.01"	"Nigeria"	"Adamawa"	10	0	10	10798	8646	19444	170419	245711	416130
"2015.05.01"	"Iraq"	"Tal Afar"	300	0	300	11098	8646	19744	170719	245711	416430
"2015.05.01"	"Afghanistan"	"Farah"	1	0	1	11099	8646	19745	170720	245711	416431
"2015.05.01"	"Iraq"	"Baiji"	16	10	26	11115	8656	19771	170736	245721	416457
"2015.05.01"	"Pakistan"	"Karachi"	4	0	4	11119	8656	19775	170740	245721	416461
"2015.05.01"	"Pakistan"	"Mangah"	2	0	2	11121	8656	19777	170742	245721	416463
"2015.05.01"	"Pakistan"	"Nawagi Khas"	1	0	1	11122	8656	19778	170743	245721	416464
"2015.05.01"	"Libya"	"Benghazi"	3	7	10	11125	8663	19788	170746	245728	416474
"2015.05.02"	"Iraq"	"Karrada"	9	20	29	11134	8683	19817	170755	245748	416503
"2015.05.02"	"Iraq"	"Karrada"	10	31	41	11144	8714	19858	170765	245779	416544
"2015.05.02"	"Iraq"	"Diyala"	7	0	7	11151	8714	19865	170772	245779	416551
"2015.05.02"	"Syria"	"Aleppo"	22	45	67	11173	8759	19932	170794	245824	416618
"2015.05.02"	"Iraq"	"Garma"	12	0	12	11185	8759	19944	170806	245824	416630
"2015.05.02"	"Iraq"	"Mosul"	20	0	20	11205	8759	19964	170826	245824	416650
"2015.05.02"	"Nigeria"	"Foron"	2	0	2	11207	8759	19966	170828	245824	416652
"2015.05.02"	"Nigeria"	"Barkin Ladi"	27	0	27	11234	8759	19993	170855	245824	416679
"2015.05.02"	"Nigeria"	"Vat"	17	0	17	11251	8759	20010	170872	245824	416696
"2015.05.02"	"Nigeria"	"Zakupang"	13	0	13	11264	8759	20023	170885	245824	416709
"2015.05.03"	"Iraq"	"Baqubah"	5	6	11	11269	8765	20034	170890	245830	416720
"2015.05.03"	"Syria"	"Aleppo"	2	36	38	11271	8801	20072	170892	245866	416758
"2015.05.03"	"Afghanistan"	"Badakhshan"	17	20	37	11288	8821	20109	170909	245886	416795
"2015.05.03"	"USA"	"Garland"	0	1	1	11288	8822	20110	170909	245887	416796
"2015.05.03"	"Iraq"	"Baghdad"	6	9	15	11294	8831	20125	170915	245896	416811
"2015.05.03"	"Thailand"	"Yala"	1	1	2	11295	8832	20127	170916	245897	416813
"2015.05.04"	"Iraq"	"Baiji"	3	5	8	11298	8837	20135	170919	245902	416821
"2015.05.04"	"Iraq"	"Rashad"	2	6	8	11300	8843	20143	170921	245908	416829
"2015.05.04"	"Afghanistan"	"Kabul"	1	15	16	11301	8858	20159	170922	245923	416845
"2015.05.04"	"Syria"	"Damascus"	1	3	4	11302	8861	20163	170923	245926	416849
"2015.05.04"	"Pakistan"	"Deri Ghazi Khan"	1	0	1	11303	8861	20164	170924	245926	416850
"2015.05.04"	"Libya"	"Derna"	3	0	3	11306	8861	20167	170927	245926	416853
"2015.05.04"	"Syria"	"Homs"	2	0	2	11308	8861	20169	170929	245926	416855
"2015.05.04"	"Somalia"	"Bosasso"	1	2	3	11309	8863	20172	170930	245928	416858
"2015.05.04"	"Somalia"	"Yalho"	3	0	3	11312	8863	20175	170933	245928	416861
"2015.05.04"	"Nigeria"	"Zakupang"	30	0	30	11342	8863	20205	170963	245928	416891
"2015.05.05"	"Afghanistan"	"Jalriz"	1	1	2	11343	8864	20207	170964	245929	416893
"2015.05.05"	"DRC"	"Kikiki"	2	2	4	11345	8866	20211	170966	245931	416897
"2015.05.05"	"Syria"	"Sweida"	2	23	25	11347	8889	20236	170968	245954	416922
"2015.05.05"	"Iraq"	"Baghdad"	6	11	17	11353	8900	20253	170974	245965	416939
"2015.05.05"	"Saudi Arabia"	"Najran"	2	5	7	11355	8905	20260	170976	245970	416946
"2015.05.05"	"Yemen"	"Aden"	6	0	6	11361	8905	20266	170982	245970	416952
"2015.05.05"	"Afghanistan"	"Kandahar"	1	3	4	11362	8908	20270	170983	245973	416956
"2015.05.05"	"India"	"Nadia"	3	8	11	11365	8916	20281	170986	245981	416967
"2015.05.06"	"Afghanistan"	"Sulaimanzai"	2	4	6	11367	8920	20287	170988	245985	416973
"2015.05.06"	"Syria"	"Hassakeh"	16	0	16	11383	8920	20303	171004	245985	416989
"2015.05.06"	"Pakistan"	"Lower Kurram"	1	3	4	11384	8923	20307	171005	245988	416993
"2015.05.06"	"Yemen"	"Tawahi"	50	100	150	11434	9023	20457	171055	246088	417143
"2015.05.06"	"Somalia"	"Mogadishu"	1	0	1	11435	9023	20458	171056	246088	417144
"2015.05.06"	"Syria"	"Hasaka"	3	0	3	11438	9023	20461	171059	246088	417147
"2015.05.06"	"Iraq"	"Khanaqin"	3	0	3	11441	9023	20464	171062	246088	417150
"2015.05.06"	"Saudi Arabia"	"Najran"	5	11	16	11446	9034	20480	171067	246099	417166
"2015.05.06"	"Thailand"	"Yala"	2	0	2	11448	9034	20482	171069	246099	417168
"2015.05.06"	"Niger"	"Koukodou"	5	0	5	11453	9034	20487	171074	246099	417173
"2015.05.06"	"Nigeria"	"Ngulde"	8	8	16	11461	9042	20503	171082	246107	417189
"2015.05.07"	"Libya"	"Benghazi"	2	5	7	11463	9047	20510	171084	246112	417196
"2015.05.07"	"Syria"	"Aleppo"	2	0	2	11465	9047	20512	171086	246112	417198
"2015.05.07"	"Syria"	"Aleppo"	4	0	4	11469	9047	20516	171090	246112	417202
"2015.05.07"	"Iraq"	"Shajarat al-Dur"	4	16	20	11473	9063	20536	171094	246128	417222
"2015.05.07"	"Iraq"	"Allas"	2	0	2	11475	9063	20538	171096	246128	417224
"2015.05.07"	"Syria"	"Deir al-Zor"	4	0	4	11479	9063	20542	171100	246128	417228
"2015.05.07"	"Egypt"	"Rafah"	2	0	2	11481	9063	20544	171102	246128	417230
"2015.05.07"	"Syria"	"Aleppo"	2	0	2	11483	9063	20546	171104	246128	417232
"2015.05.07"	"Iraq"	"Hamrin"	22	34	56	11505	9097	20602	171126	246162	417288
"2015.05.07"	"Cameroon"	"Mayo-Tsanaga"	7	0	7	11512	9097	20609	171133	246162	417295
"2015.05.07"	"Pakistan"	"Alingar"	1	0	1	11513	9097	20610	171134	246162	417296
"2015.05.08"	"Egypt"	"al-Arish"	2	0	2	11515	9097	20612	171136	246162	417298
"2015.05.08"	"Somalia"	"Galkayo"	1	0	1	11516	9097	20613	171137	246162	417299
"2015.05.08"	"Nigeria"	"Potiskum"	3	10	13	11519	9107	20626	171140	246172	417312
"2015.05.08"	"Syria"	"Homs"	2	0	2	11521	9107	20628	171142	246172	417314
"2015.05.08"	"Iraq"	"Kanaan"	4	18	22	11525	9125	20650	171146	246190	417336
"2015.05.08"	"Saudi Arabia"	"Riyadh"	1	0	1	11526	9125	20651	171147	246190	417337
"2015.05.08"	"Iraq"	"Balad Ruz"	18	41	59	11544	9166	20710	171165	246231	417396
"2015.05.08"	"Syria"	"Deir al-Zor"	19	0	19	11563	9166	20729	171184	246231	417415
"2015.05.08"	"DRC"	"Matembo"	7	4	11	11570	9170	20740	171191	246235	417426
"2015.05.09"	"Pakistan"	"Lakki Mechankhel"	2	1	3	11572	9171	20743	171193	246236	417429
"2015.05.09"	"Iraq"	"al-Khalis"	12	14	26	11584	9185	20769	171205	246250	417455
"2015.05.09"	"Iraq"	"Baghdad"	7	20	27	11591	9205	20796	171212	246270	417482
"2015.05.09"	"Pakistan"	"Nazimabad"	1	0	1	11592	9205	20797	171213	246270	417483
"2015.05.09"	"Syria"	"Aleppo"	5	19	24	11597	9224	20821	171218	246289	417507
"2015.05.09"	"Syria"	"Raqqa"	10	0	10	11607	9224	20831	171228	246289	417517
"2015.05.09"	"Afghanistan"	"Paktia"	2	5	7	11609	9229	20838	171230	246294	417524
"2015.05.09"	"Iraq"	"Nineveh"	13	0	13	11622	9229	20851	171243	246294	417537
"2015.05.10"	"Cameroon"	"Zelevet"	2	0	2	11624	9229	20853	171245	246294	417539
"2015.05.10"	"Syria"	"Jisr al-Shughur"	32	0	32	11656	9229	20885	171277	246294	417571
"2015.05.10"	"Pakistan"	"Karachi"	2	0	2	11658	9229	20887	171279	246294	417573
"2015.05.10"	"Afghanistan"	"Kabul"	3	18	21	11661	9247	20908	171282	246312	417594
"2015.05.10"	"Macedonia"	"Kumanovo"	8	37	45	11669	9284	20953	171290	246349	417639
"2015.05.10"	"Iraq"	"Tarmiyah"	5	10	15	11674	9294	20968	171295	246359	417654
"2015.05.10"	"Iraq"	"Taji"	3	8	11	11677	9302	20979	171298	246367	417665
"2015.05.10"	"Iraq"	"Fallujah"	6	11	17	11683	9313	20996	171304	246378	417682
"2015.05.10"	"Somalia"	"Baidoa"	2	0	2	11685	9313	20998	171306	246378	417684
"2015.05.11"	"Iraq"	"Muqdadiyah"	8	0	8	11693	9313	21006	171314	246378	417692
"2015.05.11"	"DRC"	"Mavivi"	5	7	12	11698	9320	21018	171319	246385	417704
"2015.05.11"	"India"	"Anantnag"	2	0	2	11700	9320	21020	171321	246385	417706
"2015.05.11"	"Pakistan"	"Rialto Chowk"	3	6	9	11703	9326	21029	171324	246391	417715
"2015.05.11"	"Pakistan"	"Barkamar"	6	0	6	11709	9326	21035	171330	246391	417721
"2015.05.11"	"Yemen"	"Najran"	1	4	5	11710	9330	21040	171331	246395	417726
"2015.05.12"	"Thailand"	"Pattani"	1	0	1	11711	9330	21041	171332	246395	417727
"2015.05.12"	"Pakistan"	"Kot Sabzol"	1	0	1	11712	9330	21042	171333	246395	417728
"2015.05.12"	"Bangladesh"	"Bankalaparha"	1	0	1	11713	9330	21043	171334	246395	417729
"2015.05.12"	"Pakistan"	"Quetta"	1	7	8	11714	9337	21051	171335	246402	417737
"2015.05.12"	"Afghanistan"	"Kandahar"	5	3	8	11719	9340	21059	171340	246405	417745
"2015.05.12"	"Syria"	"Homs"	4	17	21	11723	9357	21080	171344	246422	417766
"2015.05.12"	"Pakistan"	"Sheikh Otar"	4	0	4	11727	9357	21084	171348	246422	417770
"2015.05.12"	"Iraq"	"Kazimiyah"	10	25	35	11737	9382	21119	171358	246447	417805
"2015.05.12"	"Iraq"	"Baghdad"	2	9	11	11739	9391	21130	171360	246456	417816
"2015.05.12"	"Iraq"	"Bab al-Sham"	4	12	16	11743	9403	21146	171364	246468	417832
"2015.05.12"	"Iraq"	"Mashahidah"	3	8	11	11746	9411	21157	171367	246476	417843
"2015.05.12"	"Libya"	"Benghazi"	4	0	4	11750	9411	21161	171371	246476	417847
"2015.05.12"	"Kenya"	"Garissa"	1	0	1	11751	9411	21162	171372	246476	417848
"2015.05.13"	"Egypt"	"Rafah"	3	0	3	11754	9411	21165	171375	246476	417851
"2015.05.13"	"Thailand"	"Pattani"	1	0	1	11755	9411	21166	171376	246476	417852
"2015.05.13"	"Pakistan"	"Karachi"	47	24	71	11802	9435	21237	171423	246500	417923
"2015.05.13"	"Iraq"	"Nineveh"	3	0	3	11805	9435	21240	171426	246500	417926
"2015.05.13"	"Nigeria"	"Baale"	29	0	29	11834	9435	21269	171455	246500	417955
"2015.05.13"	"Pakistan"	"Mashpangai"	3	0	3	11837	9435	21272	171458	246500	417958
"2015.05.13"	"Afghanistan"	"Lashkar Gah"	7	7	14	11844	9442	21286	171465	246507	417972
"2015.05.13"	"Afghanistan"	"Dukon"	1	0	1	11845	9442	21287	171466	246507	417973
"2015.05.13"	"Syria"	"al-Sukhna"	30	0	30	11875	9442	21317	171496	246507	418003
"2015.05.14"	"Iraq"	"al-Baghdadi"	3	27	30	11878	9469	21347	171499	246534	418033
"2015.05.14"	"Iraq"	"Badush"	20	0	20	11898	9469	21367	171519	246534	418053
"2015.05.14"	"Thailand"	"Yala"	0	20	20	11898	9489	21387	171519	246554	418073
"2015.05.14"	"Libya"	"Benghazi"	8	11	19	11906	9500	21406	171527	246565	418092
"2015.05.14"	"Syria"	"al-Sukhna"	1	0	1	11907	9500	21407	171528	246565	418093
"2015.05.14"	"Syria"	"Palmyra"	26	0	26	11933	9500	21433	171554	246565	418119
"2015.05.14"	"Iraq"	"Baghdad"	4	17	21	11937	9517	21454	171558	246582	418140
"2015.05.14"	"DRC"	"Mbau"	23	0	23	11960	9517	21477	171581	246582	418163
"2015.05.14"	"Nigeria"	"Maiduguri"	12	12	24	11972	9529	21501	171593	246594	418187
"2015.05.14"	"Afghanistan"	"Kabul"	14	7	21	11986	9536	21522	171607	246601	418208
"2015.05.14"	"Nigeria"	"Kayamla"	30	0	30	12016	9536	21552	171637	246601	418238
"2015.05.14"	"Nigeria"	"Kojiti"	7	0	7	12023	9536	21559	171644	246601	418245
"2015.05.14"	"Thailand"	"Yala"	1	0	1	12024	9536	21560	171645	246601	418246
"2015.05.14"	"Afghanistan"	"Kabul"	1	0	1	12025	9536	21561	171646	246601	418247
"2015.05.14"	"Iraq"	"Mosul"	39	0	39	12064	9536	21600	171685	246601	418286
"2015.05.15"	"Pakistan"	"Karachi"	1	0	1	12065	9536	21601	171686	246601	418287
"2015.05.15"	"Iraq"	"Najaf"	1	0	1	12066	9536	21602	171687	246601	418288
"2015.05.15"	"Pakistan"	"Hyderabad"	1	1	2	12067	9537	21604	171688	246602	418290
"2015.05.15"	"Somalia"	"Shabelle"	15	0	15	12082	9537	21619	171703	246602	418305
"2015.05.15"	"Iraq"	"Jamiya"	27	0	27	12109	9537	21646	171730	246602	418332
"2015.05.15"	"Iraq"	"Ramadi"	10	7	17	12119	9544	21663	171740	246609	418349
"2015.05.15"	"Kenya"	"Garissa"	2	0	2	12121	9544	21665	171742	246609	418351
"2015.05.15"	"Thailand"	"Narathiwat"	1	3	4	12122	9547	21669	171743	246612	418355
"2015.05.16"	"Nigeria"	"Madagali"	3	20	23	12125	9567	21692	171746	246632	418378
"2015.05.16"	"Iraq"	"Mahmoudiya"	2	9	11	12127	9576	21703	171748	246641	418389
"2015.05.16"	"Iraq"	"Baghdad"	5	0	5	12132	9576	21708	171753	246641	418394
"2015.05.16"	"Syria"	"Palmyra"	23	0	23	12155	9576	21731	171776	246641	418417
"2015.05.16"	"Yemen"	"Taez"	15	100	115	12170	9676	21846	171791	246741	418532
"2015.05.16"	"Nigeria"	"Damaturu"	7	31	38	12177	9707	21884	171798	246772	418570
"2015.05.16"	"Egypt"	"al-Arish"	4	0	4	12181	9707	21888	171802	246772	418574
"2015.05.16"	"Pakistan"	"Pewar"	1	0	1	12182	9707	21889	171803	246772	418575
"2015.05.16"	"Afghanistan"	"Karikote"	1	5	6	12183	9712	21895	171804	246777	418581
"2015.05.17"	"Iraq"	"Ramadi"	500	0	500	12683	9712	22395	172304	246777	419081
"2015.05.17"	"Afghanistan"	"Zankhan"	2	3	5	12685	9715	22400	172306	246780	419086
"2015.05.17"	"Afghanistan"	"Kabul"	4	18	22	12689	9733	22422	172310	246798	419108
"2015.05.17"	"Syria"	"Palmyra"	6	0	6	12695	9733	22428	172316	246798	419114
"2015.05.17"	"Iraq"	"Ramadi"	10	15	25	12705	9748	22453	172326	246813	419139
"2015.05.17"	"Iraq"	"Ramadi"	5	12	17	12710	9760	22470	172331	246825	419156
"2015.05.17"	"Israel"	"Nes Ziona"	1	0	1	12711	9760	22471	172332	246825	419157
"2015.05.17"	"Iraq"	"Baiji"	8	0	8	12719	9760	22479	172340	246825	419165
"2015.05.17"	"Iraq"	"Shura"	3	0	3	12722	9760	22482	172343	246825	419168
"2015.05.17"	"Yemen"	"Shabwah"	21	0	21	12743	9760	22503	172364	246825	419189
"2015.05.18"	"Afghanistan"	"Janikhil"	4	2	6	12747	9762	22509	172368	246827	419195
"2015.05.18"	"Yemen"	"Nassab"	10	0	10	12757	9762	22519	172378	246827	419205
"2015.05.18"	"Afghanistan"	"Kandahar"	0	7	7	12757	9769	22526	172378	246834	419212
"2015.05.18"	"Iraq"	"Husaybah"	10	0	10	12767	9769	22536	172388	246834	419222
"2015.05.18"	"Iraq"	"Rashid"	5	2	7	12772	9771	22543	172393	246836	419229
"2015.05.18"	"Iraq"	"Kirkuk"	2	0	2	12774	9771	22545	172395	246836	419231
"2015.05.18"	"Afghanistan"	"Uruzgan"	12	0	12	12786	9771	22557	172407	246836	419243
"2015.05.18"	"Afghanistan"	"Khas Uruzgan"	7	0	7	12793	9771	22564	172414	246836	419250
"2015.05.18"	"Syria"	"Palmyra"	5	0	5	12798	9771	22569	172419	246836	419255
"2015.05.18"	"Afghanistan"	"Ghazni"	1	0	1	12799	9771	22570	172420	246836	419256
"2015.05.19"	"Afghanistan"	"Uruzgan"	4	8	12	12803	9779	22582	172424	246844	419268
"2015.05.19"	"Iraq"	"Mosul"	1	0	1	12804	9779	22583	172425	246844	419269
"2015.05.19"	"Nigeria"	"Garkida"	8	14	22	12812	9793	22605	172433	246858	419291
"2015.05.19"	"Libya"	"Qubbah"	1	7	8	12813	9800	22613	172434	246865	419299
"2015.05.19"	"Nigeria"	"Barkin Ladi"	27	0	27	12840	9800	22640	172461	246865	419326
"2015.05.19"	"Syria"	"Haqef"	6	0	6	12846	9800	22646	172467	246865	419332
"2015.05.19"	"Afghanistan"	"Kabul"	4	42	46	12850	9842	22692	172471	246907	419378
"2015.05.20"	"Syria"	"Damascus"	1	23	24	12851	9865	22716	172472	246930	419402
"2015.05.20"	"Saudi Arabia"	"Najran"	18	0	18	12869	9865	22734	172490	246930	419420
"2015.05.20"	"Libya"	"Hawara"	1	0	1	12870	9865	22735	172491	246930	419421
"2015.05.20"	"Syria"	"Deir Ezzor"	1	0	1	12871	9865	22736	172492	246930	419422
"2015.05.20"	"Pakistan"	"Peshawar"	1	0	1	12872	9865	22737	172493	246930	419423
"2015.05.21"	"Nigeria"	"Ropp"	9	0	9	12881	9865	22746	172502	246930	419432
"2015.05.21"	"Iraq"	"Diyala"	2	0	2	12883	9865	22748	172504	246930	419434
"2015.05.21"	"Pakistan"	"Karachi"	3	0	3	12886	9865	22751	172507	246930	419437
"2015.05.21"	"Iraq"	"Fallujah"	1	0	1	12887	9865	22752	172508	246930	419438
"2015.05.21"	"Libya"	"Misrata"	2	2	4	12889	9867	22756	172510	246932	419442
"2015.05.21"	"Syria"	"Palmyra"	100	0	100	12989	9867	22856	172610	246932	419542
"2015.05.21"	"Saudi Arabia"	"Dhahran"	1	3	4	12990	9870	22860	172611	246935	419546
"2015.05.21"	"Uganda"	"Kireka Cell"	1	0	1	12991	9870	22861	172612	246935	419547
"2015.05.22"	"Nigeria"	"Jwamda-Kobla"	10	0	10	13001	9870	22871	172622	246935	419557
"2015.05.22"	"Saudi Arabia"	"Tawal"	1	3	4	13002	9873	22875	172623	246938	419561
"2015.05.22"	"Somalia"	"Mogadishu"	3	1	4	13005	9874	22879	172626	246939	419565
"2015.05.22"	"Somalia"	"Awdigle"	7	17	24	13012	9891	22903	172633	246956	419589
"2015.05.22"	"Afghanistan"	"Faryab"	2	0	2	13014	9891	22905	172635	246956	419591
"2015.05.22"	"Syria"	"Hasakah"	2	0	2	13016	9891	22907	172637	246956	419593
"2015.05.22"	"Afghanistan"	"Ankhoy"	0	15	15	13016	9906	22922	172637	246971	419608
"2015.05.22"	"Saudi Arabia"	"Qadeeh"	21	81	102	13037	9987	23024	172658	247052	419710
"2015.05.22"	"Syria"	"Palmyra"	200	0	200	13237	9987	23224	172858	247052	419910
"2015.05.22"	"Egypt"	"Sinai"	1	0	1	13238	9987	23225	172859	247052	419911
"2015.05.22"	"Pakistan"	"Hayatabad"	2	2	4	13240	9989	23229	172861	247054	419915
"2015.05.22"	"Yemen"	"Sanaa"	0	13	13	13240	10002	23242	172861	247067	419928
"2015.05.23"	"Pakistan"	"Badrashi"	2	2	4	13242	10004	23246	172863	247069	419932
"2015.05.23"	"Afghanistan"	"Gilan"	4	0	4	13246	10004	23250	172867	247069	419936
"2015.05.23"	"Iraq"	"Baiji"	16	0	16	13262	10004	23266	172883	247069	419952
"2015.05.23"	"Afghanistan"	"Uruzgan"	2	0	2	13264	10004	23268	172885	247069	419954
"2015.05.23"	"Pakistan"	"Datta Khel"	3	3	6	13267	10007	23274	172888	247072	419960
"2015.05.23"	"Egypt"	"Sharqeya"	1	8	9	13268	10015	23283	172889	247080	419969
"2015.05.23"	"Somalia"	"Mogadishu"	1	0	1	13269	10015	23284	172890	247080	419970
"2015.05.23"	"Afghanistan"	"Bala Boluk"	4	1	5	13273	10016	23289	172894	247081	419975
"2015.05.24"	"Afghanistan"	"Jawzjan"	2	0	2	13275	10016	23291	172896	247081	419977
"2015.05.24"	"Iraq"	"Mosul"	2	0	2	13277	10016	23293	172898	247081	419979
"2015.05.24"	"Pakistan"	"Bolochistan"	3	15	18	13280	10031	23311	172901	247096	419997
"2015.05.24"	"Nigeria"	"Benue"	96	0	96	13376	10031	23407	172997	247096	420093
"2015.05.24"	"Syria"	"Raqqa"	1	0	1	13377	10031	23408	172998	247096	420094
"2015.05.24"	"Syria"	"Palmyra"	400	0	400	13777	10031	23808	173398	247096	420494
"2015.05.24"	"Afghanistan"	"Sangin"	13	24	37	13790	10055	23845	173411	247120	420531
"2015.05.25"	"Afghanistan"	"Shah Wali Kot"	6	0	6	13796	10055	23851	173417	247120	420537
"2015.05.25"	"Tunisia"	"Tunis"	6	10	16	13802	10065	23867	173423	247130	420553
"2015.05.25"	"India"	"Kashmir"	3	4	7	13805	10069	23874	173426	247134	420560
"2015.05.25"	"Pakistan"	"Quetta"	1	0	1	13806	10069	23875	173427	247134	420561
"2015.05.25"	"Pakistan"	"Quetta"	2	9	11	13808	10078	23886	173429	247143	420572
"2015.05.25"	"Afghanistan"	"Shaheedan"	3	0	3	13811	10078	23889	173432	247143	420575
"2015.05.25"	"Afghanistan"	"Naw Zad"	26	3	29	13837	10081	23918	173458	247146	420604
"2015.05.25"	"Nigeria"	"Gubio"	43	50	93	13880	10131	24011	173501	247196	420697
"2015.05.25"	"India"	"Sopore"	1	2	3	13881	10133	24014	173502	247198	420700
"2015.05.25"	"Afghanistan"	"Guzara"	1	0	1	13882	10133	24015	173503	247198	420701
"2015.05.25"	"Afghanistan"	"Zabul"	5	73	78	13887	10206	24093	173508	247271	420779
"2015.05.25"	"India"	"Shyamnagar"	1	0	1	13888	10206	24094	173509	247271	420780
"2015.05.25"	"Somalia"	"Diinsoor"	4	0	4	13892	10206	24098	173513	247271	420784
"2015.05.26"	"Kenya"	"Yumbis"	25	0	25	13917	10206	24123	173538	247271	420809
"2015.05.26"	"Thailand"	"Pattani"	2	0	2	13919	10206	24125	173540	247271	420811
"2015.05.26"	"Iraq"	"Nimrud"	1	0	1	13920	10206	24126	173541	247271	420812
"2015.05.26"	"Afghanistan"	"Maidan Wardak"	2	3	5	13922	10209	24131	173543	247274	420817
"2015.05.27"	"Iraq"	"Fallujah"	17	9	26	13939	10218	24157	173560	247283	420843
"2015.05.27"	"Iraq"	"Kirkuk"	1	0	1	13940	10218	24158	173561	247283	420844
"2015.05.27"	"Pakistan"	"Gulberg"	3	2	5	13943	10220	24163	173564	247285	420849
"2015.05.27"	"Pakistan"	"Quetta"	2	1	3	13945	10221	24166	173566	247286	420852
"2015.05.27"	"Iraq"	"Shingal"	1	0	1	13946	10221	24167	173567	247286	420853
"2015.05.27"	"Syria"	"Palmyra"	20	0	20	13966	10221	24187	173587	247286	420873
"2015.05.28"	"Yemen"	"Aden"	1	1	2	13967	10222	24189	173588	247287	420875
"2015.05.28"	"Iraq"	"Baghdad"	10	27	37	13977	10249	24226	173598	247314	420912
"2015.05.28"	"Iraq"	"Baghdad"	4	15	19	13981	10264	24245	173602	247329	420931
"2015.05.28"	"Iraq"	"Mosul"	3	0	3	13984	10264	24248	173605	247329	420934
"2015.05.28"	"Pakistan"	"Dera Ismail Khan"	2	2	4	13986	10266	24252	173607	247331	420938
"2015.05.28"	"Thailand"	"Pattani"	1	1	2	13987	10267	24254	173608	247332	420940
"2015.05.28"	"Saudi Arabia"	"Zahran"	2	4	6	13989	10271	24260	173610	247336	420946
"2015.05.29"	"Pakistan"	"Lahore"	1	6	7	13990	10277	24267	173611	247342	420953
"2015.05.29"	"Iraq"	"Baghdad"	3	10	13	13993	10287	24280	173614	247352	420966
"2015.05.29"	"Syria"	"Palmyra"	1	0	1	13994	10287	24281	173615	247352	420967
"2015.05.29"	"Saudi Arabia"	"Dammam"	3	4	7	13997	10291	24288	173618	247356	420974
"2015.05.29"	"Nigeria"	"Tashan Alade"	7	30	37	14004	10321	24325	173625	247386	421011
"2015.05.29"	"Libya"	"Benghazi"	8	8	16	14012	10329	24341	173633	247394	421027
"2015.05.29"	"Pakistan"	"Malir"	2	0	2	14014	10329	24343	173635	247394	421029
"2015.05.29"	"Chad"	"Choua"	4	4	8	14018	10333	24351	173639	247398	421037
"2015.05.30"	"Iraq"	"Balad"	6	14	20	14024	10347	24371	173645	247412	421057
"2015.05.30"	"Afghanistan"	"Dara-e-Sof"	5	1	6	14029	10348	24377	173650	247413	421063
"2015.05.30"	"Philippines"	"Jolo"	0	15	15	14029	10363	24392	173650	247428	421078
"2015.05.30"	"Afghanistan"	"Lashkar Gah"	1	0	1	14030	10363	24393	173651	247428	421079
"2015.05.30"	"Nigeria"	"Maiduguri"	26	28	54	14056	10391	24447	173677	247456	421133
"2015.05.30"	"Nigeria"	"Maiduguri"	13	16	29	14069	10407	24476	173690	247472	421162
"2015.05.30"	"Thailand"	"Pattani"	2	0	2	14071	10407	24478	173692	247472	421164
"2015.05.30"	"Nigeria"	"Dala"	7	0	7	14078	10407	24485	173699	247472	421171
"2015.05.31"	"Pakistan"	"Kamoke"	3	0	3	14081	10407	24488	173702	247472	421174
"2015.05.31"	"Syria"	"Aleppo"	12	15	27	14093	10422	24515	173714	247487	421201
"2015.05.31"	"Thailand"	"Pattani"	1	11	12	14094	10433	24527	173715	247498	421213
"2015.05.31"	"Afghanistan"	"Logar"	3	4	7	14097	10437	24534	173718	247502	421220
"2015.05.31"	"Iraq"	"Baghdad"	1	0	1	14098	10437	24535	173719	247502	421221
"2015.05.31"	"Libya"	"Misrata"	5	7	12	14103	10444	24547	173724	247509	421233
"2015.06.01"	"Iraq"	"Baghdad"	10	27	37	14113	10471	24584	173734	247536	421270
"2015.06.01"	"Pakistan"	"Angor Adda"	2	0	2	14115	10471	24586	173736	247536	421272
"2015.06.01"	"Syria"	"Mayadin"	1	0	1	14116	10471	24587	173737	247536	421273
"2015.06.01"	"Syria"	"Mayadin"	4	0	4	14120	10471	24591	173741	247536	421277
"2015.06.01"	"Iraq"	"Jadaa"	80	0	80	14200	10471	24671	173821	247536	421357
"2015.06.01"	"Afghanistan"	"Balkh"	11	0	11	14211	10471	24682	173832	247536	421368
"2015.06.01"	"Pakistan"	"Wana"	3	0	3	14214	10471	24685	173835	247536	421371
"2015.06.01"	"Pakistan"	"Tank"	7	8	15	14221	10479	24700	173842	247544	421386
"2015.06.01"	"Afghanistan"	"Surkh Abad"	2	1	3	14223	10480	24703	173844	247545	421389
"2015.06.01"	"Afghanistan"	"Helmand"	1	4	5	14224	10484	24708	173845	247549	421394
"2015.06.01"	"Afghanistan"	"Asmar"	1	0	1	14225	10484	24709	173846	247549	421395
"2015.06.01"	"Iraq"	"Ramadi"	47	63	110	14272	10547	24819	173893	247612	421505
"2015.06.02"	"Iraq"	"Baghdad"	6	13	19	14278	10560	24838	173899	247625	421524
"2015.06.02"	"Iraq"	"Baiji"	28	36	64	14306	10596	24902	173927	247661	421588
"2015.06.02"	"Afghanistan"	"Herat"	1	0	1	14307	10596	24903	173928	247661	421589
"2015.06.02"	"Syria"	"Deir Ezzor"	1	0	1	14308	10596	24904	173929	247661	421590
"2015.06.02"	"Nigeria"	"Maiduguri"	5	8	13	14313	10604	24917	173934	247669	421603
"2015.06.02"	"Nigeria"	"Maiduguri"	53	30	83	14366	10634	25000	173987	247699	421686
"2015.06.02"	"Syria"	"Umm al-Qura"	35	0	35	14401	10634	25035	174022	247699	421721
"2015.06.03"	"Algeria"	"Batna"	5	2	7	14406	10636	25042	174027	247701	421728
"2015.06.03"	"Iraq"	"Baghdad"	4	11	15	14410	10647	25057	174031	247712	421743
"2015.06.03"	"Iraq"	"Baghdad"	7	17	24	14417	10664	25081	174038	247729	421767
"2015.06.03"	"Iraq"	"Fallujah"	4	7	11	14421	10671	25092	174042	247736	421778
"2015.06.03"	"Iraq"	"Nineveh"	1	0	1	14422	10671	25093	174043	247736	421779
"2015.06.03"	"Egypt"	"Giza"	2	0	2	14424	10671	25095	174045	247736	421781
"2015.06.03"	"Thailand"	"Yala"	4	0	4	14428	10671	25099	174049	247736	421785
"2015.06.03"	"Syria"	"Hasaka"	2	0	2	14430	10671	25101	174051	247736	421787
"2015.06.03"	"Afghanistan"	"Nangarhar"	10	0	10	14440	10671	25111	174061	247736	421797
"2015.06.03"	"Nigeria"	"Maiduguri"	6	29	35	14446	10700	25146	174067	247765	421832
"2015.06.04"	"Iraq"	"Fallujah"	17	8	25	14463	10708	25171	174084	247773	421857
"2015.06.04"	"Iraq"	"al-Mazraa"	4	9	13	14467	10717	25184	174088	247782	421870
"2015.06.04"	"Iraq"	"Barwana"	6	4	10	14473	10721	25194	174094	247786	421880
"2015.06.04"	"Iraq"	"Baghdad"	2	7	9	14475	10728	25203	174096	247793	421889
"2015.06.04"	"Iraq"	"Tharthar Lake"	2	6	8	14477	10734	25211	174098	247799	421897
"2015.06.04"	"Nigeria"	"Yola"	45	40	85	14522	10774	25296	174143	247839	421982
"2015.06.04"	"Nigeria"	"Maiduguri"	8	0	8	14530	10774	25304	174151	247839	421990
"2015.06.04"	"Libya"	"Derna"	1	0	1	14531	10774	25305	174152	247839	421991
"2015.06.04"	"Afghanistan"	"Lashkar Gah"	4	6	10	14535	10780	25315	174156	247845	422001
"2015.06.04"	"Iraq"	"Fallujah"	2	0	2	14537	10780	25317	174158	247845	422003
"2015.06.05"	"Iraq"	"Baqubah"	5	0	5	14542	10780	25322	174163	247845	422008
"2015.06.05"	"Saudi Arabia"	"Jizan"	4	0	4	14546	10780	25326	174167	247845	422012
"2015.06.06"	"Iraq"	"Balad Ruz"	15	37	52	14561	10817	25378	174182	247882	422064
"2015.06.06"	"Iraq"	"Baghdad"	10	28	38	14571	10845	25416	174192	247910	422102
"2015.06.06"	"Philippines"	"Maluso"	1	0	1	14572	10845	25417	174193	247910	422103
"2015.06.06"	"Somalia"	"Wajir"	3	0	3	14575	10845	25420	174196	247910	422106
"2015.06.07"	"Nigeria"	"Borno"	2	4	6	14577	10849	25426	174198	247914	422112
"2015.06.07"	"Libya"	"Misrata"	4	2	6	14581	10851	25432	174202	247916	422118
"2015.06.07"	"Nigeria"	"Maiduguri"	16	24	40	14597	10875	25472	174218	247940	422158
"2015.06.07"	"Pakistan"	"Quetta"	5	0	5	14602	10875	25477	174223	247940	422163
"2015.06.07"	"Iraq"	"Qayara"	2	0	2	14604	10875	25479	174225	247940	422165
"2015.06.07"	"Iraq"	"Qara Tapa"	1	0	1	14605	10875	25480	174226	247940	422166
"2015.06.08"	"Nigeria"	"Huyum"	19	3	22	14624	10878	25502	174245	247943	422188
"2015.06.08"	"Egypt"	"Sheihk Zuweid"	1	5	6	14625	10883	25508	174246	247948	422194
"2015.06.08"	"Pakistan"	"North Waziristan"	7	14	21	14632	10897	25529	174253	247962	422215
"2015.06.08"	"Saudi Arabia"	"Dhahran Al-Janoub"	2	0	2	14634	10897	25531	174255	247962	422217
"2015.06.09"	"Afghanistan"	"Faryab"	5	2	7	14639	10899	25538	174260	247964	422224
"2015.06.09"	"Libya"	"Sirte"	3	0	3	14642	10899	25541	174263	247964	422227
"2015.06.09"	"Pakistan"	"Sopore"	1	0	1	14643	10899	25542	174264	247964	422228
"2015.06.09"	"Iraq"	"Baghdad"	10	24	34	14653	10923	25576	174274	247988	422262
"2015.06.09"	"Iraq"	"Baghdad"	6	21	27	14659	10944	25603	174280	248009	422289
"2015.06.09"	"Iraq"	"Youssifiyah"	4	8	12	14663	10952	25615	174284	248017	422301
"2015.06.09"	"Pakistan"	"Shah Latif"	1	0	1	14664	10952	25616	174285	248017	422302
"2015.06.09"	"Nigeria"	"Matangale"	16	0	16	14680	10952	25632	174301	248017	422318
"2015.06.09"	"Nigeria"	"Borno"	27	0	27	14707	10952	25659	174328	248017	422345
"2015.06.09"	"Afghanistan"	"Bagram"	1	1	2	14708	10953	25661	174329	248018	422347
"2015.06.09"	"Iraq"	"Fallujah"	9	15	24	14717	10968	25685	174338	248033	422371
"2015.06.09"	"Thailand"	"Narathiwat"	2	0	2	14719	10968	25687	174340	248033	422373
"2015.06.10"	"Syria"	"Qalb Loze"	20	0	20	14739	10968	25707	174360	248033	422393
"2015.06.10"	"Iraq"	"Baghdad"	9	22	31	14748	10990	25738	174369	248055	422424
"2015.06.10"	"Iraq"	"Ghazlani"	130	0	130	14878	10990	25868	174499	248055	422554
"2015.06.10"	"Iraq"	"Mahmoudiya"	3	7	10	14881	10997	25878	174502	248062	422564
"2015.06.10"	"Egypt"	"Luxor"	0	4	4	14881	11001	25882	174502	248066	422568
"2015.06.10"	"Mali"	"Misseni"	1	0	1	14882	11001	25883	174503	248066	422569
"2015.06.11"	"Egypt"	"Sinai"	1	0	1	14883	11001	25884	174504	248066	422570
"2015.06.11"	"Pakistan"	"Hayatabad"	2	6	8	14885	11007	25892	174506	248072	422578
"2015.06.11"	"Cameroon"	"Makari"	2	23	25	14887	11030	25917	174508	248095	422603
"2015.06.12"	"Iraq"	"Mosul"	6	0	6	14893	11030	25923	174514	248095	422609
"2015.06.12"	"Pakistan"	"Torkham"	2	4	6	14895	11034	25929	174516	248099	422615
"2015.06.12"	"Libya"	"Derna"	7	30	37	14902	11064	25966	174523	248129	422652
"2015.06.12"	"Pakistan"	"Sopore"	1	0	1	14903	11064	25967	174524	248129	422653
"2015.06.12"	"Saudi Arabia"	"Jizan"	1	1	2	14904	11065	25969	174525	248130	422655
"2015.06.12"	"Egypt"	"Sharqia"	1	0	1	14905	11065	25970	174526	248130	422656
"2015.06.13"	"Nigeria"	"Bale"	3	5	8	14908	11070	25978	174529	248135	422664
"2015.06.13"	"Iraq"	"Garma"	18	25	43	14926	11095	26021	174547	248160	422707
"2015.06.13"	"Iraq"	"Hajjaj"	13	29	42	14939	11124	26063	174560	248189	422749
"2015.06.13"	"Kenya"	"Mangai"	2	0	2	14941	11124	26065	174562	248189	422751
"2015.06.13"	"Egypt"	"North Sinai"	3	0	3	14944	11124	26068	174565	248189	422754
"2015.06.13"	"Afghanistan"	"Helmand"	20	10	30	14964	11134	26098	174585	248199	422784
"2015.06.13"	"Afghanistan"	"Nangarhar"	1	0	1	14965	11134	26099	174586	248199	422785
"2015.06.13"	"DRC"	"Beni"	8	10	18	14973	11144	26117	174594	248209	422803
"2015.06.14"	"Iraq"	"Baghdad"	10	20	30	14983	11164	26147	174604	248229	422833
"2015.06.14"	"Afghanistan"	"Takhar"	4	0	4	14987	11164	26151	174608	248229	422837
"2015.06.14"	"Syria"	"Homs"	0	32	32	14987	11196	26183	174608	248261	422869
"2015.06.14"	"Iraq"	"Mosul"	25	0	25	15012	11196	26208	174633	248261	422894
"2015.06.14"	"Iraq"	"Riyahah"	4	6	10	15016	11202	26218	174637	248267	422904
"2015.06.14"	"Nigeria"	"Babbangida"	4	0	4	15020	11202	26222	174641	248267	422908
"2015.06.14"	"Iraq"	"Shalalat"	1	0	1	15021	11202	26223	174642	248267	422909
"2015.06.14"	"Iraq"	"Mosul"	1	0	1	15022	11202	26224	174643	248267	422910
"2015.06.14"	"Afghanistan"	"Khalil Bagh"	2	3	5	15024	11205	26229	174645	248270	422915
"2015.06.15"	"Iraq"	"Fallujah"	13	23	36	15037	11228	26265	174658	248293	422951
"2015.06.15"	"Chad"	"N'Djamena"	33	101	134	15070	11329	26399	174691	248394	423085
"2015.06.15"	"Tunisia"	"Sidi Bouzid"	3	1	4	15073	11330	26403	174694	248395	423089
"2015.06.15"	"Nigeria"	"Potiskum"	11	9	20	15084	11339	26423	174705	248404	423109
"2015.06.15"	"Pakistan"	"Sopore"	2	0	2	15086	11339	26425	174707	248404	423111
"2015.06.15"	"Afghanistan"	"Sarak-e-Bala"	6	0	6	15092	11339	26431	174713	248404	423117
"2015.06.15"	"Thailand"	"Narathiwat"	1	0	1	15093	11339	26432	174714	248404	423118
"2015.06.16"	"Iraq"	"Garma"	4	0	4	15097	11339	26436	174718	248404	423122
"2015.06.16"	"Iraq"	"Amiriyat Al Falluja"	5	6	11	15102	11345	26447	174723	248410	423133
"2015.06.16"	"Iraq"	"Baiji"	4	6	10	15106	11351	26457	174727	248416	423143
"2015.06.16"	"Afghanistan"	"Kunduz"	3	2	5	15109	11353	26462	174730	248418	423148
"2015.06.16"	"Syria"	"Damascus"	9	13	22	15118	11366	26484	174739	248431	423170
"2015.06.16"	"Iraq"	"Diyala"	4	6	10	15122	11372	26494	174743	248437	423180
"2015.06.16"	"Nigeria"	"Damboa"	8	0	8	15130	11372	26502	174751	248437	423188
"2015.06.16"	"Philippines"	"Sitio Bohepeyat"	1	8	9	15131	11380	26511	174752	248445	423197
"2015.06.16"	"Somalia"	"Mogadishu"	3	9	12	15134	11389	26523	174755	248454	423209
"2015.06.16"	"India"	"Bijbehara"	1	0	1	15135	11389	26524	174756	248454	423210
"2015.06.16"	"Afghanistan"	"Daykundi"	3	16	19	15138	11405	26543	174759	248470	423229
"2015.06.16"	"Syria"	"al-Mezzeh"	1	7	8	15139	11412	26551	174760	248477	423237
"2015.06.17"	"Philippines"	"Barangay Pamalian"	4	0	4	15143	11412	26555	174764	248477	423241
"2015.06.17"	"Iraq"	"Baghdad"	7	16	23	15150	11428	26578	174771	248493	423264
"2015.06.17"	"Yemen"	"Sanaa"	31	60	91	15181	11488	26669	174802	248553	423355
"2015.06.17"	"Afghanistan"	"Musa Qala"	11	0	11	15192	11488	26680	174813	248553	423366
"2015.06.17"	"Iraq"	"Anbar"	12	0	12	15204	11488	26692	174825	248553	423378
"2015.06.17"	"Iraq"	"Qara Taba"	1	1	2	15205	11489	26694	174826	248554	423380
"2015.06.17"	"Iraq"	"Anbar"	2	0	2	15207	11489	26696	174828	248554	423382
"2015.06.17"	"Syria"	"Raqqa"	1	0	1	15208	11489	26697	174829	248554	423383
"2015.06.17"	"Yemen"	"Mukalla"	2	0	2	15210	11489	26699	174831	248554	423385
"2015.06.17"	"Nigeria"	"Monguno"	63	45	108	15273	11534	26807	174894	248599	423493
"2015.06.17"	"Egypt"	"al-Arish"	1	3	4	15274	11537	26811	174895	248602	423497
"2015.06.17"	"Uganda"	"Nabuli"	1	0	1	15275	11537	26812	174896	248602	423498
"2015.06.18"	"Iraq"	"Khurmatu"	1	4	5	15276	11541	26817	174897	248606	423503
"2015.06.18"	"Syria"	"Aleppo"	12	21	33	15288	11562	26850	174909	248627	423536
"2015.06.18"	"Nigeria"	"Wakama"	2	0	2	15290	11562	26852	174911	248627	423538
"2015.06.18"	"Lebanon"	"Ain al-Hilweh"	1	1	2	15291	11563	26854	174912	248628	423540
"2015.06.18"	"Somalia"	"Gedweyne"	4	6	10	15295	11569	26864	174916	248634	423550
"2015.06.18"	"Iraq"	"Fallujah"	11	23	34	15306	11592	26898	174927	248657	423584
"2015.06.18"	"Iraq"	"Mosul"	25	0	25	15331	11592	26923	174952	248657	423609
"2015.06.18"	"Somalia"	"Adado"	1	0	1	15332	11592	26924	174953	248657	423610
"2015.06.18"	"Niger"	"Diffa"	38	24	62	15370	11616	26986	174991	248681	423672
"2015.06.19"	"Iraq"	"Hit"	3	0	3	15373	11616	26989	174994	248681	423675
"2015.06.19"	"Iraq"	"Anbar"	30	30	60	15403	11646	27049	175024	248711	423735
"2015.06.19"	"Afghanistan"	"Nangarhar"	3	0	3	15406	11646	27052	175027	248711	423738
"2015.06.19"	"Pakistan"	"Adda"	1	0	1	15407	11646	27053	175028	248711	423739
"2015.06.19"	"Israel"	"Dolev"	1	1	2	15408	11647	27055	175029	248712	423741
"2015.06.19"	"Afghanistan"	"Girishk"	2	0	2	15410	11647	27057	175031	248712	423743
"2015.06.19"	"Yemen"	"Shibam"	1	0	1	15411	11647	27058	175032	248712	423744
"2015.06.19"	"Libya"	"Benghazi"	5	0	5	15416	11647	27063	175037	248712	423749
"2015.06.20"	"Afghanistan"	"Qara Bagh"	6	2	8	15422	11649	27071	175043	248714	423757
"2015.06.20"	"Iraq"	"Julan"	3	16	19	15425	11665	27090	175046	248730	423776
"2015.06.20"	"Iraq"	"Garma"	30	0	30	15455	11665	27120	175076	248730	423806
"2015.06.20"	"Afghanistan"	"Marjah"	18	4	22	15473	11669	27142	175094	248734	423828
"2015.06.20"	"Afghanistan"	"Nangarhar"	1	0	1	15474	11669	27143	175095	248734	423829
"2015.06.20"	"Afghanistan"	"Baghlan"	1	0	1	15475	11669	27144	175096	248734	423830
"2015.06.20"	"Somalia"	"Mogadishu"	1	0	1	15476	11669	27145	175097	248734	423831
"2015.06.20"	"Iraq"	"Mosul"	3	0	3	15479	11669	27148	175100	248734	423834
"2015.06.20"	"Pakistan"	"Punjab"	2	0	2	15481	11669	27150	175102	248734	423836
"2015.06.20"	"Somalia"	"Afgoi"	8	0	8	15489	11669	27158	175110	248734	423844
"2015.06.20"	"Yemen"	"Sanaa"	2	6	8	15491	11675	27166	175112	248740	423852
"2015.06.20"	"Pakistan"	"Sopore"	1	4	5	15492	11679	27171	175113	248744	423857
"2015.06.20"	"Syria"	"Aleppo"	3	18	21	15495	11697	27192	175116	248762	423878
"2015.06.21"	"Austria"	"Graz"	3	34	37	15498	11731	27229	175119	248796	423915
"2015.06.21"	"Syria"	"Qamishli"	2	4	6	15500	11735	27235	175121	248800	423921
"2015.06.21"	"India"	"Kulgam"	1	0	1	15501	11735	27236	175122	248800	423922
"2015.06.21"	"Iraq"	"Mahmudiyah"	3	9	12	15504	11744	27248	175125	248809	423934
"2015.06.22"	"Iraq"	"Mosul"	26	0	26	15530	11744	27274	175151	248809	423960
"2015.06.22"	"Iraq"	"Ramadi"	2	8	10	15532	11752	27284	175153	248817	423970
"2015.06.22"	"Iraq"	"Habariya"	8	0	8	15540	11752	27292	175161	248817	423978
"2015.06.22"	"Afghanistan"	"Logharo Peerano"	3	0	3	15543	11752	27295	175164	248817	423981
"2015.06.22"	"Afghanistan"	"Chakhansor"	1	0	1	15544	11752	27296	175165	248817	423982
"2015.06.22"	"Afghanistan"	"Kabul"	2	31	33	15546	11783	27329	175167	248848	424015
"2015.06.22"	"Iraq"	"Baghdad"	2	1	3	15548	11784	27332	175169	248849	424018
"2015.06.22"	"Iraq"	"Baghdad"	2	7	9	15550	11791	27341	175171	248856	424027
"2015.06.22"	"Nigeria"	"Maiduguri"	30	30	60	15580	11821	27401	175201	248886	424087
"2015.06.22"	"Philippines"	"Shariff Aguak"	2	0	2	15582	11821	27403	175203	248886	424089
"2015.06.22"	"Syria"	"Izra"	4	3	7	15586	11824	27410	175207	248889	424096
"2015.06.22"	"Libya"	"Benghazi"	4	20	24	15590	11844	27434	175211	248909	424120
"2015.06.22"	"Iraq"	"Tal Afar"	70	0	70	15660	11844	27504	175281	248909	424190
"2015.06.23"	"Philippines"	"Sumisip"	2	3	5	15662	11847	27509	175283	248912	424195
"2015.06.23"	"Syria"	"Hassakeh"	10	16	26	15672	11863	27535	175293	248928	424221
"2015.06.23"	"Iraq"	"Balad Ruz"	12	24	36	15684	11887	27571	175305	248952	424257
"2015.06.23"	"Syria"	"al-Tall"	13	0	13	15697	11887	27584	175318	248952	424270
"2015.06.23"	"Nigeria"	"Wagir"	10	30	40	15707	11917	27624	175328	248982	424310
"2015.06.23"	"Syria"	"Deir Ezzor"	0	2	2	15707	11919	27626	175328	248984	424312
"2015.06.23"	"Iraq"	"Nineveh"	4	0	4	15711	11919	27630	175332	248984	424316
"2015.06.23"	"Iraq"	"Nineveh"	5	0	5	15716	11919	27635	175337	248984	424321
"2015.06.23"	"Iraq"	"Nineveh"	7	0	7	15723	11919	27642	175344	248984	424328
"2015.06.23"	"Yemen"	"Aden"	7	94	101	15730	12013	27743	175351	249078	424429
"2015.06.23"	"Nigeria"	"Borno"	42	24	66	15772	12037	27809	175393	249102	424495
"2015.06.23"	"Niger"	"Yebi"	5	0	5	15777	12037	27814	175398	249102	424500
"2015.06.23"	"Syria"	"Aleppo"	2	8	10	15779	12045	27824	175400	249110	424510
"2015.06.23"	"Israel"	"Pedaya"	1	0	1	15780	12045	27825	175401	249110	424511
"2015.06.24"	"Iraq"	"Tal Afar"	5	0	5	15785	12045	27830	175406	249110	424516
"2015.06.24"	"Iraq"	"Nukhaib"	2	8	10	15787	12053	27840	175408	249118	424526
"2015.06.24"	"Somalia"	"Mogadishu"	3	7	10	15790	12060	27850	175411	249125	424536
"2015.06.24"	"Iraq"	"Jub al-Jarah"	3	6	9	15793	12066	27859	175414	249131	424545
"2015.06.24"	"Afghanistan"	"Badakhshan"	1	1	2	15794	12067	27861	175415	249132	424547
"2015.06.24"	"Somalia"	"Mogadishu"	12	5	17	15806	12072	27878	175427	249137	424564
"2015.06.24"	"Iraq"	"Mandli"	14	21	35	15820	12093	27913	175441	249158	424599
"2015.06.24"	"China"	"Tahtakoruk"	3	0	3	15823	12093	27916	175444	249158	424602
"2015.06.24"	"Egypt"	"Suez"	1	0	1	15824	12093	27917	175445	249158	424603
"2015.06.25"	"Pakistan"	"Oarmagai"	2	2	4	15826	12095	27921	175447	249160	424607
"2015.06.25"	"Iraq"	"Baghdad"	6	16	22	15832	12111	27943	175453	249176	424629
"2015.06.25"	"Iraq"	"Mahmudiyah"	2	6	8	15834	12117	27951	175455	249182	424637
"2015.06.25"	"Syria"	"Kobane"	5	5	10	15839	12122	27961	175460	249187	424647
"2015.06.25"	"Syria"	"Kobane"	15	70	85	15854	12192	28046	175475	249257	424732
"2015.06.25"	"Syria"	"Bakha Botan"	23	0	23	15877	12192	28069	175498	249257	424755
"2015.06.25"	"Syria"	"Raqqa"	12	0	12	15889	12192	28081	175510	249257	424767
"2015.06.25"	"Iraq"	"Nadheem al-Taqseem"	14	27	41	15903	12219	28122	175524	249284	424808
"2015.06.25"	"Iraq"	"Hit"	9	13	22	15912	12232	28144	175533	249297	424830
"2015.06.25"	"Pakistan"	"Mubarkakpur"	1	0	1	15913	12232	28145	175534	249297	424831
"2015.06.25"	"Syria"	"Kobane"	2	1	3	15915	12233	28148	175536	249298	424834
"2015.06.26"	"DRC"	"May-Moya"	8	20	28	15923	12253	28176	175544	249318	424862
"2015.06.26"	"Iraq"	"Mosul"	1	0	1	15924	12253	28177	175545	249318	424863
"2015.06.26"	"Afghanistan"	"Alishang"	2	1	3	15926	12254	28180	175547	249319	424866
"2015.06.26"	"Kuwait"	"Kuwait City"	27	227	254	15953	12481	28434	175574	249546	425120
"2015.06.26"	"Syria"	"Kobani"	103	150	253	16056	12631	28687	175677	249696	425373
"2015.06.26"	"Tunisia"	"Sousse"	38	36	74	16094	12667	28761	175715	249732	425447
"2015.06.26"	"France"	"Lyon"	1	2	3	16095	12669	28764	175716	249734	425450
"2015.06.26"	"Syria"	"Hassakeh"	20	0	20	16115	12669	28784	175736	249734	425470
"2015.06.26"	"Syria"	"Ain al-Arab"	18	0	18	16133	12669	28802	175754	249734	425488
"2015.06.26"	"Afghanistan"	"Want Waigal"	12	25	37	16145	12694	28839	175766	249759	425525
"2015.06.26"	"Sudan"	"Kadugli"	2	0	2	16147	12694	28841	175768	249759	425527
"2015.06.26"	"Somalia"	"Leego"	50	20	70	16197	12714	28911	175818	249779	425597
"2015.06.27"	"Syria"	"Deir ez-Zor"	4	0	4	16201	12714	28915	175822	249779	425601
"2015.06.27"	"Mali"	"Nara"	3	0	3	16204	12714	28918	175825	249779	425604
"2015.06.27"	"Nigeria"	"Maiduguri"	3	16	19	16207	12730	28937	175828	249795	425623
"2015.06.27"	"Syria"	"Daraa"	9	24	33	16216	12754	28970	175837	249819	425656
"2015.06.27"	"Iraq"	"Baghdad"	5	13	18	16221	12767	28988	175842	249832	425674
"2015.06.27"	"Iraq"	"Baghdad"	3	8	11	16224	12775	28999	175845	249840	425685
"2015.06.27"	"Iraq"	"Baiyaa"	2	10	12	16226	12785	29011	175847	249850	425697
"2015.06.27"	"Syria"	"Sheikh Hilal"	40	0	40	16266	12785	29051	175887	249850	425737
"2015.06.27"	"Syria"	"Kobane"	42	0	42	16308	12785	29093	175929	249850	425779
"2015.06.27"	"Iraq"	"Baghdad"	2	3	5	16310	12788	29098	175931	249853	425784
"2015.06.28"	"Pakistan"	"Khyber Pakhtunkhwa"	3	0	3	16313	12788	29101	175934	249853	425787
"2015.06.28"	"Iraq"	"Kirkuk"	1	0	1	16314	12788	29102	175935	249853	425788
"2015.06.28"	"Syria"	"Damascus"	4	13	17	16318	12801	29119	175939	249866	425805
"2015.06.28"	"Syria"	"Raqqa"	2	0	2	16320	12801	29121	175941	249866	425807
"2015.06.28"	"Thailand"	"Yala"	1	1	2	16321	12802	29123	175942	249867	425809
"2015.06.28"	"Iraq"	"Fallujah"	15	27	42	16336	12829	29165	175957	249894	425851
"2015.06.28"	"Somalia"	"Kismayo"	9	0	9	16345	12829	29174	175966	249894	425860
"2015.06.29"	"Syria"	"al-Mayadin"	5	0	5	16350	12829	29179	175971	249894	425865
"2015.06.29"	"Israel"	"Shvut Rachel"	1	3	4	16351	12832	29183	175972	249897	425869
"2015.06.29"	"Yemen"	"Sanaa"	28	35	63	16379	12867	29246	176000	249932	425932
"2015.06.29"	"Iraq"	"Ramadi"	4	8	12	16383	12875	29258	176004	249940	425944
"2015.06.29"	"Afghanistan"	"Karukh"	11	8	19	16394	12883	29277	176015	249948	425963
"2015.06.29"	"Iraq"	"Tarmiyah"	4	0	4	16398	12883	29281	176019	249948	425967
"2015.06.29"	"Iraq"	"Baghdad"	3	9	12	16401	12892	29293	176022	249957	425979
"2015.06.29"	"Egypt"	"Cairo"	1	7	8	16402	12899	29301	176023	249964	425987
"2015.06.29"	"Chad"	"N'Djamena"	6	3	9	16408	12902	29310	176029	249967	425996
"2015.06.29"	"Syria"	"Hasakeh"	12	0	12	16420	12902	29322	176041	249967	426008
"2015.06.29"	"Iraq"	"Fallujah"	26	0	26	16446	12902	29348	176067	249967	426034
"2015.06.29"	"Syria"	"Kobane"	27	48	75	16473	12950	29423	176094	250015	426109
"2015.06.30"	"Uganda"	"Kampala"	1	0	1	16474	12950	29424	176095	250015	426110
"2015.06.30"	"Pakistan"	"Lashkar Gah"	0	40	40	16474	12990	29464	176095	250055	426150
"2015.06.30"	"Afghanistan"	"Ghanikhil"	1	0	1	16475	12990	29465	176096	250055	426151
"2015.06.30"	"India"	"Bhumma"	1	0	1	16476	12990	29466	176097	250055	426152
"2015.06.30"	"Syria"	"Dair Ezzor"	4	0	4	16480	12990	29470	176101	250055	426156
"2015.06.30"	"Afghanistan"	"Kabul"	5	26	31	16485	13016	29501	176106	250081	426187
"2015.06.30"	"Iraq"	"Mahmudiyah"	3	10	13	16488	13026	29514	176109	250091	426200
"2015.06.30"	"Iraq"	"Baghdad"	3	15	18	16491	13041	29532	176112	250106	426218
"2015.06.30"	"Iraq"	"Madain"	2	6	8	16493	13047	29540	176114	250112	426226
"2015.06.30"	"Afghanistan"	"Helmand"	2	51	53	16495	13098	29593	176116	250163	426279
"2015.06.30"	"Nigeria"	"Monguno"	48	17	65	16543	13115	29658	176164	250180	426344
"2015.06.30"	"Iraq"	"Samarrah"	7	3	10	16550	13118	29668	176171	250183	426354
"2015.07.01"	"Iraq"	"Baghdad"	3	11	14	16553	13129	29682	176174	250194	426368
"2015.07.01"	"Iraq"	"Baghdad"	7	22	29	16560	13151	29711	176181	250216	426397
"2015.07.01"	"India"	"Wangam"	1	0	1	16561	13151	29712	176182	250216	426398
"2015.07.01"	"Kenya"	"Mandera"	9	6	15	16570	13157	29727	176191	250222	426413
"2015.07.01"	"Afghanistan"	"Wardak"	7	0	7	16577	13157	29734	176198	250222	426420
"2015.07.01"	"Egypt"	"Sinai"	68	54	122	16645	13211	29856	176266	250276	426542
"2015.07.01"	"Philippines"	"Datu Saudi"	1	1	2	16646	13212	29858	176267	250277	426544
"2015.07.01"	"Yemen"	"Aden"	31	100	131	16677	13312	29989	176298	250377	426675
"2015.07.01"	"Iraq"	"Badush"	22	0	22	16699	13312	30011	176320	250377	426697
"2015.07.01"	"Pakistan"	"Quetta"	3	0	3	16702	13312	30014	176323	250377	426700
"2015.07.01"	"Nigeria"	"Kukawa"	97	0	97	16799	13312	30111	176420	250377	426797
"2015.07.01"	"Saudi Arabia"	"Najran"	1	0	1	16800	13312	30112	176421	250377	426798
"2015.07.01"	"Nigeria"	"Maiduguri"	0	2	2	16800	13314	30114	176421	250379	426800
"2015.07.02"	"Iraq"	"Fatha"	7	10	17	16807	13324	30131	176428	250389	426817
"2015.07.02"	"Syria"	"al-Askari"	4	0	4	16811	13324	30135	176432	250389	426821
"2015.07.02"	"Yemen"	"Aden"	5	89	94	16816	13413	30229	176437	250478	426915
"2015.07.02"	"Mali"	"Goundam"	6	5	11	16822	13418	30240	176443	250483	426926
"2015.07.02"	"Syria"	"Aleppo"	4	70	74	16826	13488	30314	176447	250553	427000
"2015.07.03"	"Nigeria"	"Zabamari"	55	100	155	16881	13588	30469	176502	250653	427155
"2015.07.03"	"Iraq"	"Mosul"	1	0	1	16882	13588	30470	176503	250653	427156
"2015.07.03"	"India"	"Baramulla"	1	1	2	16883	13589	30472	176504	250654	427158
"2015.07.03"	"Saudi Arabia"	"Taif"	3	7	10	16886	13596	30482	176507	250661	427168
"2015.07.03"	"Nigeria"	"Malari"	12	7	19	16898	13603	30501	176519	250668	427187
"2015.07.03"	"Syria"	"Ariha"	25	0	25	16923	13603	30526	176544	250668	427212
"2015.07.03"	"Libya"	"Derna"	6	10	16	16929	13613	30542	176550	250678	427228
"2015.07.03"	"Nigeria"	"Miringa"	11	0	11	16940	13613	30553	176561	250678	427239
"2015.07.03"	"Nigeria"	"Mussa"	31	0	31	16971	13613	30584	176592	250678	427270
"2015.07.03"	"Afghanistan"	"Wardak"	23	18	41	16994	13631	30625	176615	250696	427311
"2015.07.03"	"Syria"	"Damascus"	1	0	1	16995	13631	30626	176616	250696	427312
"2015.07.03"	"Iraq"	"Madain"	5	13	18	17000	13644	30644	176621	250709	427330
"2015.07.03"	"Iraq"	"Baghdad"	5	0	5	17005	13644	30649	176626	250709	427335
"2015.07.04"	"Egypt"	"Sheikh Zuweid"	4	1	5	17009	13645	30654	176630	250710	427340
"2015.07.04"	"Egypt"	"Rafah"	1	4	5	17010	13649	30659	176631	250714	427345
"2015.07.04"	"Afghanistan"	"Herat"	0	3	3	17010	13652	30662	176631	250717	427348
"2015.07.04"	"Pakistan"	"Quetta"	8	0	8	17018	13652	30670	176639	250717	427356
"2015.07.04"	"Syria"	"Palmyra"	25	0	25	17043	13652	30695	176664	250717	427381
"2015.07.04"	"Iraq"	"Baghdad"	9	24	33	17052	13676	30728	176673	250741	427414
"2015.07.04"	"Iraq"	"Doura"	8	27	35	17060	13703	30763	176681	250768	427449
"2015.07.04"	"Iraq"	"Balad Ruz"	3	2	5	17063	13705	30768	176684	250770	427454
"2015.07.04"	"Chad"	"Merom"	13	0	13	17076	13705	30781	176697	250770	427467
"2015.07.04"	"Yemen"	"Aden"	12	12	24	17088	13717	30805	176709	250782	427491
"2015.07.05"	"Iraq"	"al-Sheeha"	21	0	21	17109	13717	30826	176730	250782	427512
"2015.07.05"	"Nigeria"	"Borno"	9	0	9	17118	13717	30835	176739	250782	427521
"2015.07.05"	"Syria"	"Damascus"	2	18	20	17120	13735	30855	176741	250800	427541
"2015.07.05"	"Iraq"	"Baiji"	9	0	9	17129	13735	30864	176750	250800	427550
"2015.07.05"	"Syria"	"Hassakeh"	20	0	20	17149	13735	30884	176770	250800	427570
"2015.07.05"	"Afghanistan"	"Kandahar"	3	13	16	17152	13748	30900	176773	250813	427586
"2015.07.05"	"Iraq"	"Obeidi"	4	14	18	17156	13762	30918	176777	250827	427604
"2015.07.05"	"Iraq"	"Jisr Diyala"	4	11	15	17160	13773	30933	176781	250838	427619
"2015.07.05"	"Iraq"	"Baghdad"	4	9	13	17164	13782	30946	176785	250847	427632
"2015.07.05"	"Syria"	"Ras al-Ayn"	50	0	50	17214	13782	30996	176835	250847	427682
"2015.07.05"	"Chad"	"Tiskra"	13	0	13	17227	13782	31009	176848	250847	427695
"2015.07.05"	"Pakistan"	"Raghzai"	3	6	9	17230	13788	31018	176851	250853	427704
"2015.07.05"	"Afghanistan"	"Zabul"	1	4	5	17231	13792	31023	176852	250857	427709
"2015.07.05"	"Nigeria"	"Potiskum"	6	43	49	17237	13835	31072	176858	250900	427758
"2015.07.06"	"Iraq"	"Shirqat"	1	0	1	17238	13835	31073	176859	250900	427759
"2015.07.06"	"Iraq"	"Hashd Shaabi"	15	18	33	17253	13853	31106	176874	250918	427792
"2015.07.06"	"Iraq"	"Mosul"	4	0	4	17257	13853	31110	176878	250918	427796
"2015.07.06"	"Syria"	"Raqaa"	2	0	2	17259	13853	31112	176880	250918	427798
"2015.07.06"	"Pakistan"	"Quetta"	3	2	5	17262	13855	31117	176883	250920	427803
"2015.07.06"	"Nigeria"	"Jos"	44	67	111	17306	13922	31228	176927	250987	427914
"2015.07.06"	"Iraq"	"Haditha"	7	0	7	17313	13922	31235	176934	250987	427921
"2015.07.06"	"Iraq"	"Mosul"	1	0	1	17314	13922	31236	176935	250987	427922
"2015.07.06"	"Syria"	"Aleppo"	25	40	65	17339	13962	31301	176960	251027	427987
"2015.07.07"	"Kenya"	"Soko Mbuzi"	14	10	24	17353	13972	31325	176974	251037	428011
"2015.07.07"	"Philippines"	"Sulu"	0	13	13	17353	13985	31338	176974	251050	428024
"2015.07.07"	"Nigeria"	"Zaria"	26	32	58	17379	14017	31396	177000	251082	428082
"2015.07.07"	"Yemen"	"Baida"	10	0	10	17389	14017	31406	177010	251082	428092
"2015.07.07"	"Thailand"	"Yala"	1	3	4	17390	14020	31410	177011	251085	428096
"2015.07.07"	"Afghanistan"	"Kabul"	1	0	1	17391	14020	31411	177012	251085	428097
"2015.07.07"	"Nigeria"	"Sabon Gari"	4	3	7	17395	14023	31418	177016	251088	428104
"2015.07.07"	"Yemen"	"Sanaa"	1	5	6	17396	14028	31424	177017	251093	428110
"2015.07.07"	"Iraq"	"Shirqat"	1	0	1	17397	14028	31425	177018	251093	428111
"2015.07.07"	"Iraq"	"Baiji"	10	30	40	17407	14058	31465	177028	251123	428151
"2015.07.07"	"Iraq"	"Tuz"	4	10	14	17411	14068	31479	177032	251133	428165
"2015.07.07"	"Afghanistan"	"Faryab"	3	0	3	17414	14068	31482	177035	251133	428168
"2015.07.08"	"Iraq"	"Fallujah"	24	0	24	17438	14068	31506	177059	251133	428192
"2015.07.08"	"Libya"	"Benghazi"	1	3	4	17439	14071	31510	177060	251136	428196
"2015.07.08"	"Iraq"	"Mosul"	6	0	6	17445	14071	31516	177066	251136	428202
"2015.07.08"	"Iraq"	"Fallujah"	11	38	49	17456	14109	31565	177077	251174	428251
"2015.07.08"	"India"	"Shopian"	1	0	1	17457	14109	31566	177078	251174	428252
"2015.07.09"	"Thailand"	"Narathiwat"	1	0	1	17458	14109	31567	177079	251174	428253
"2015.07.09"	"Iraq"	"Haiyakil"	7	9	16	17465	14118	31583	177086	251183	428269
"2015.07.09"	"Iraq"	"Madaen"	2	11	13	17467	14129	31596	177088	251194	428282
"2015.07.09"	"Iraq"	"Zafaraniya"	7	18	25	17474	14147	31621	177095	251212	428307
"2015.07.09"	"Iraq"	"Baghdad"	5	9	14	17479	14156	31635	177100	251221	428321
"2015.07.09"	"Syria"	"Midane"	4	2	6	17483	14158	31641	177104	251223	428327
"2015.07.09"	"Niger"	"Dagaya"	5	0	5	17488	14158	31646	177109	251223	428332
"2015.07.09"	"Egypt"	"al-Arish"	0	20	20	17488	14178	31666	177109	251243	428352
"2015.07.09"	"Iraq"	"Fallujah"	10	0	10	17498	14178	31676	177119	251243	428362
"2015.07.09"	"DRC"	"Virunga"	9	0	9	17507	14178	31685	177128	251243	428371
"2015.07.10"	"Nigeria"	"Sambisi"	1	0	1	17508	14178	31686	177129	251243	428372
"2015.07.10"	"Afghanistan"	"Mamand"	3	0	3	17511	14178	31689	177132	251243	428375
"2015.07.10"	"Somalia"	"Mogadishu"	12	18	30	17523	14196	31719	177144	251261	428405
"2015.07.10"	"Iraq"	"Anbar"	10	0	10	17533	14196	31729	177154	251261	428415
"2015.07.10"	"Thailand"	"Songkhla"	1	13	14	17534	14209	31743	177155	251274	428429
"2015.07.10"	"Iraq"	"Baghdad"	6	22	28	17540	14231	31771	177161	251296	428457
"2015.07.10"	"Nigeria"	"Ngamdu"	11	0	11	17551	14231	31782	177172	251296	428468
"2015.07.10"	"Nigeria"	"Gamboru"	8	0	8	17559	14231	31790	177180	251296	428476
"2015.07.10"	"Iraq"	"Mosul"	11	0	11	17570	14231	31801	177191	251296	428487
"2015.07.11"	"Chad"	"N'Djamena"	15	80	95	17585	14311	31896	177206	251376	428582
"2015.07.11"	"Yemen"	"Dhalea"	1	0	1	17586	14311	31897	177207	251376	428583
"2015.07.11"	"Afghanistan"	"Kandahar"	3	6	9	17589	14317	31906	177210	251382	428592
"2015.07.11"	"Egypt"	"Cairo"	1	4	5	17590	14321	31911	177211	251386	428597
"2015.07.11"	"Thailand"	"Narathiwat"	3	8	11	17593	14329	31922	177214	251394	428608
"2015.07.11"	"Thailand"	"Narathiwat"	1	0	1	17594	14329	31923	177215	251394	428609
"2015.07.11"	"Nigeria"	"Monguno"	43	0	43	17637	14329	31966	177258	251394	428652
"2015.07.11"	"Egypt"	"Rafah"	1	3	4	17638	14332	31970	177259	251397	428656
"2015.07.11"	"Iraq"	"Youssifiya"	2	0	2	17640	14332	31972	177261	251397	428658
"2015.07.11"	"Iraq"	"Baghdad"	4	9	13	17644	14341	31985	177265	251406	428671
"2015.07.11"	"Iraq"	"Rashidiya"	3	5	8	17647	14346	31993	177268	251411	428679
"2015.07.11"	"Nigeria"	"Maiduguri"	4	3	7	17651	14349	32000	177272	251414	428686
"2015.07.12"	"Iraq"	"Sharqat"	1	0	1	17652	14349	32001	177273	251414	428687
"2015.07.12"	"Afghanistan"	"Tatarkhil"	10	4	14	17662	14353	32015	177283	251418	428701
"2015.07.12"	"Iraq"	"Mosul"	10	0	10	17672	14353	32025	177293	251418	428711
"2015.07.12"	"Cameroon"	"Fotokol"	11	17	28	17683	14370	32053	177304	251435	428739
"2015.07.12"	"Afghanistan"	"Kunduz"	2	6	8	17685	14376	32061	177306	251441	428747
"2015.07.12"	"Libya"	"Benghazi"	19	80	99	17704	14456	32160	177325	251521	428846
"2015.07.12"	"Niger"	"Diffa"	1	2	3	17705	14458	32163	177326	251523	428849
"2015.07.12"	"Iraq"	"Khazimiyah"	8	23	31	17713	14481	32194	177334	251546	428880
"2015.07.12"	"Iraq"	"Baghdad"	4	11	15	17717	14492	32209	177338	251557	428895
"2015.07.12"	"Iraq"	"Baghdad"	2	7	9	17719	14499	32218	177340	251564	428904
"2015.07.12"	"Afghanistan"	"Khost"	33	11	44	17752	14510	32262	177373	251575	428948
"2015.07.12"	"Iraq"	"Mosul"	1	0	1	17753	14510	32263	177374	251575	428949
"2015.07.12"	"Libya"	"Benghazi"	5	17	22	17758	14527	32285	177379	251592	428971
"2015.07.12"	"Iraq"	"Shaab"	19	25	44	17777	14552	32329	177398	251617	429015
"2015.07.12"	"Iraq"	"Bunouk"	9	15	24	17786	14567	32353	177407	251632	429039
"2015.07.13"	"Afghanistan"	"Lababi"	1	0	1	17787	14567	32354	177408	251632	429040
"2015.07.13"	"Afghanistan"	"Maidan Wardak"	2	2	4	17789	14569	32358	177410	251634	429044
"2015.07.13"	"Iraq"	"Shirqat"	5	0	5	17794	14569	32363	177415	251634	429049
"2015.07.13"	"Afghanistan"	"Zabul"	1	8	9	17795	14577	32372	177416	251642	429058
"2015.07.13"	"Kenya"	"Lamu"	3	8	11	17798	14585	32383	177419	251650	429069
"2015.07.13"	"Afghanistan"	"Pul-u-Khumri"	0	29	29	17798	14614	32412	177419	251679	429098
"2015.07.13"	"Nigeria"	"Maiduguri"	4	5	9	17802	14619	32421	177423	251684	429107
"2015.07.13"	"Nigeria"	"Mainok"	40	0	40	17842	14619	32461	177463	251684	429147
"2015.07.13"	"Somalia"	"Rage Celle"	7	0	7	17849	14619	32468	177470	251684	429154
"2015.07.14"	"Iraq"	"Mosul"	1	0	1	17850	14619	32469	177471	251684	429155
"2015.07.14"	"Nigeria"	"Borno"	20	0	20	17870	14619	32489	177491	251684	429175
"2015.07.14"	"Syria"	"Salqin"	7	0	7	17877	14619	32496	177498	251684	429182
"2015.07.14"	"Iraq"	"Khalis"	5	11	16	17882	14630	32512	177503	251695	429198
"2015.07.14"	"Chad"	"Tetewa"	6	0	6	17888	14630	32518	177509	251695	429204
"2015.07.14"	"Afghanistan"	"Ghani Khel"	1	0	1	17889	14630	32519	177510	251695	429205
"2015.07.14"	"Iraq"	"Baghdad"	2	0	2	17891	14630	32521	177512	251695	429207
"2015.07.15"	"Nigeria"	"Baga"	8	0	8	17899	14630	32529	177520	251695	429215
"2015.07.15"	"Afghanistan"	"Shah Joy"	2	0	2	17901	14630	32531	177522	251695	429217
"2015.07.15"	"Afghanistan"	"Nawbahar"	5	0	5	17906	14630	32536	177527	251695	429222
"2015.07.15"	"Syria"	"Deir Ezzor"	8	0	8	17914	14630	32544	177535	251695	429230
"2015.07.15"	"Afghanistan"	"Ahmad Wali Khan"	4	4	8	17918	14634	32552	177539	251699	429238
"2015.07.15"	"Afghanistan"	"Miamana"	0	19	19	17918	14653	32571	177539	251718	429257
"2015.07.15"	"Nigeria"	"Damasak"	12	0	12	17930	14653	32583	177551	251718	429269
"2015.07.15"	"Niger"	"Bosso"	16	4	20	17946	14657	32603	177567	251722	429289
"2015.07.15"	"Iraq"	"Ramadi"	8	17	25	17954	14674	32628	177575	251739	429314
"2015.07.15"	"Iraq"	"Baiji"	11	10	21	17965	14684	32649	177586	251749	429335
"2015.07.15"	"Iraq"	"Mosul"	17	0	17	17982	14684	32666	177603	251749	429352
"2015.07.15"	"Iraq"	"Mosul"	14	0	14	17996	14684	32680	177617	251749	429366
"2015.07.16"	"Iraq"	"Riqqa"	5	9	14	18001	14693	32694	177622	251758	429380
"2015.07.16"	"Iraq"	"Moseliya"	1	0	1	18002	14693	32695	177623	251758	429381
"2015.07.16"	"Syria"	"Raqqa"	0	94	94	18002	14787	32789	177623	251852	429475
"2015.07.16"	"Saudi Arabia"	"Riyadh"	0	2	2	18002	14789	32791	177623	251854	429477
"2015.07.16"	"Afghanistan"	"Mihtarlam"	8	0	8	18010	14789	32799	177631	251854	429485
"2015.07.16"	"USA"	"Chattanooga"	5	2	7	18015	14791	32806	177636	251856	429492
"2015.07.16"	"Syria"	"Deir ez-Zor"	4	0	4	18019	14791	32810	177640	251856	429496
"2015.07.16"	"Nigeria"	"Gombe"	49	71	120	18068	14862	32930	177689	251927	429616
"2015.07.16"	"Iran"	"Isfahan"	1	0	1	18069	14862	32931	177690	251927	429617
"2015.07.16"	"Thailand"	"Narathiwat"	2	0	2	18071	14862	32933	177692	251927	429619
"2015.07.16"	"Libya"	"Laith"	9	30	39	18080	14892	32972	177701	251957	429658
"2015.07.16"	"Iraq"	"Mosul"	1	0	1	18081	14892	32973	177702	251957	429659
"2015.07.17"	"Afghanistan"	"Zazi Maidan"	2	0	2	18083	14892	32975	177704	251957	429661
"2015.07.17"	"Afghanistan"	"Alisher"	1	4	5	18084	14896	32980	177705	251961	429666
"2015.07.17"	"Nigeria"	"Damaturu"	15	41	56	18099	14937	33036	177720	252002	429722
"2015.07.17"	"Syria"	"Homs"	1	0	1	18100	14937	33037	177721	252002	429723
"2015.07.17"	"Iraq"	"Kahn Bani Saad"	120	170	290	18220	15107	33327	177841	252172	430013
"2015.07.17"	"Afghanistan"	"Bukhari"	1	0	1	18221	15107	33328	177842	252172	430014
"2015.07.17"	"Afghanistan"	"Gozara"	6	3	9	18227	15110	33337	177848	252175	430023
"2015.07.17"	"Afghanistan"	"Kangori"	1	11	12	18228	15121	33349	177849	252186	430035
"2015.07.17"	"Afghanistan"	"Sholgar"	3	14	17	18231	15135	33366	177852	252200	430052
"2015.07.17"	"Pakistan"	"Quetta"	1	0	1	18232	15135	33367	177853	252200	430053
"2015.07.17"	"Algeria"	"Tifran"	11	0	11	18243	15135	33378	177864	252200	430064
"2015.07.18"	"Pakistan"	"Salim Khan"	1	0	1	18244	15135	33379	177865	252200	430065
"2015.07.18"	"Egypt"	"Sheikh Zueid"	7	7	14	18251	15142	33393	177872	252207	430079
"2015.07.18"	"Mali"	"Niangassadiou"	6	0	6	18257	15142	33399	177878	252207	430085
"2015.07.19"	"Iraq"	"Habbaniyah"	2	3	5	18259	15145	33404	177880	252210	430090
"2015.07.19"	"Thailand"	"Narathiwat"	1	0	1	18260	15145	33405	177881	252210	430091
"2015.07.19"	"Iraq"	"Baghdad"	4	7	11	18264	15152	33416	177885	252217	430102
"2015.07.19"	"Iraq"	"Baghdad"	3	11	14	18267	15163	33430	177888	252228	430116
"2015.07.19"	"Iraq"	"Mahmoudiya"	7	0	7	18274	15163	33437	177895	252228	430123
"2015.07.19"	"Yemen"	"Aden"	99	220	319	18373	15383	33756	177994	252448	430442
"2015.07.19"	"Cameroon"	"Kamouna"	23	0	23	18396	15383	33779	178017	252448	430465
"2015.07.20"	"Iraq"	"Hudaid"	10	16	26	18406	15399	33805	178027	252464	430491
"2015.07.20"	"Philippines"	"Sulu"	1	0	1	18407	15399	33806	178028	252464	430492
"2015.07.20"	"Iraq"	"Tal Afar"	40	0	40	18447	15399	33846	178068	252464	430532
"2015.07.20"	"Turkey"	"Surac"	32	97	129	18479	15496	33975	178100	252561	430661
"2015.07.20"	"Syria"	"Kobane"	2	0	2	18481	15496	33977	178102	252561	430663
"2015.07.20"	"Nigeria"	"Damaturu"	6	12	18	18487	15508	33995	178108	252573	430681
"2015.07.20"	"Iraq"	"Baqubah"	11	24	35	18498	15532	34030	178119	252597	430716
"2015.07.20"	"Yemen"	"Sanaa"	7	7	14	18505	15539	34044	178126	252604	430730
"2015.07.20"	"Yemen"	"Taiz"	8	0	8	18513	15539	34052	178134	252604	430738
"2015.07.21"	"Iraq"	"Mosul"	4	0	4	18517	15539	34056	178138	252604	430742
"2015.07.21"	"Iraq"	"Fallujah"	9	12	21	18526	15551	34077	178147	252616	430763
"2015.07.21"	"Mali"	"Gossi"	2	0	2	18528	15551	34079	178149	252616	430765
"2015.07.21"	"Iraq"	"Baghdad"	19	43	62	18547	15594	34141	178168	252659	430827
"2015.07.21"	"Iraq"	"Baghdad"	2	9	11	18549	15603	34152	178170	252668	430838
"2015.07.21"	"Iraq"	"Tarmiya"	4	20	24	18553	15623	34176	178174	252688	430862
"2015.07.21"	"Iraq"	"Mandali"	8	16	24	18561	15639	34200	178182	252704	430886
"2015.07.21"	"Afghanistan"	"Paghman"	1	0	1	18562	15639	34201	178183	252704	430887
"2015.07.21"	"Syria"	"Idlib"	7	100	107	18569	15739	34308	178190	252804	430994
"2015.07.21"	"Yemen"	"Sanaa"	4	8	12	18573	15747	34320	178194	252812	431006
"2015.07.21"	"Nigeria"	"Buratai"	2	8	10	18575	15755	34330	178196	252820	431016
"2015.07.22"	"Nigeria"	"Pompomari"	9	13	22	18584	15768	34352	178205	252833	431038
"2015.07.22"	"Iraq"	"Fallujah"	22	24	46	18606	15792	34398	178227	252857	431084
"2015.07.22"	"Nigeria"	"Gombe"	42	105	147	18648	15897	34545	178269	252962	431231
"2015.07.22"	"Afghanistan"	"Khas Urozgan"	1	0	1	18649	15897	34546	178270	252962	431232
"2015.07.22"	"Afghanistan"	"Alamar"	19	32	51	18668	15929	34597	178289	252994	431283
"2015.07.22"	"Cameroon"	"Maroua"	13	32	45	18681	15961	34642	178302	253026	431328
"2015.07.22"	"Iraq"	"Baghdad"	8	22	30	18689	15983	34672	178310	253048	431358
"2015.07.22"	"Syria"	"Deir-ez-Zur"	1	0	1	18690	15983	34673	178311	253048	431359
"2015.07.23"	"Iraq"	"Mosul"	9	0	9	18699	15983	34682	178320	253048	431368
"2015.07.23"	"Syria"	"Deir ez-Zor"	6	0	6	18705	15983	34688	178326	253048	431374
"2015.07.23"	"DRC"	"Mayi-Moya"	3	0	3	18708	15983	34691	178329	253048	431377
"2015.07.23"	"Iraq"	"Mosul"	1	0	1	18709	15983	34692	178330	253048	431378
"2015.07.23"	"Egypt"	"Rafah"	4	0	4	18713	15983	34696	178334	253048	431382
"2015.07.23"	"Libya"	"Nufaliya"	1	0	1	18714	15983	34697	178335	253048	431383
"2015.07.24"	"Nigeria"	"Dabar Wiya"	9	0	9	18723	15983	34706	178344	253048	431392
"2015.07.24"	"Nigeria"	"Yafa"	4	0	4	18727	15983	34710	178348	253048	431396
"2015.07.24"	"Nigeria"	"Maikadiri"	21	0	21	18748	15983	34731	178369	253048	431417
"2015.07.24"	"Iraq"	"Iski"	10	22	32	18758	16005	34763	178379	253070	431449
"2015.07.24"	"Iraq"	"Therthar Lake"	21	24	45	18779	16029	34808	178400	253094	431494
"2015.07.24"	"Iraq"	"Fallujah"	41	0	41	18820	16029	34849	178441	253094	431535
"2015.07.24"	"Turkey"	"Kilis"	1	2	3	18821	16031	34852	178442	253096	431538
"2015.07.24"	"Syria"	"Homs"	2	0	2	18823	16031	34854	178444	253096	431540
"2015.07.24"	"Nigeria"	"Adamawa"	25	0	25	18848	16031	34879	178469	253096	431565
"2015.07.24"	"Pakistan"	"Bhowana"	1	0	1	18849	16031	34880	178470	253096	431566
"2015.07.25"	"Syria"	"Aleppo"	5	0	5	18854	16031	34885	178475	253096	431571
"2015.07.25"	"India"	"Anantnag"	1	6	7	18855	16037	34892	178476	253102	431578
"2015.07.25"	"Cameroon"	"Maroua"	19	62	81	18874	16099	34973	178495	253164	431659
"2015.07.25"	"Lebanon"	"Ain al-Hilweh"	2	1	3	18876	16100	34976	178497	253165	431662
"2015.07.25"	"Thailand"	"Pattani"	2	6	8	18878	16106	34984	178499	253171	431670
"2015.07.25"	"Somalia"	"Mogadishu"	3	0	3	18881	16106	34987	178502	253171	431673
"2015.07.25"	"Egypt"	"Sheikh Zuweid"	1	4	5	18882	16110	34992	178503	253175	431678
"2015.07.25"	"Iraq"	"Tuz Khurmatu"	12	45	57	18894	16155	35049	178515	253220	431735
"2015.07.25"	"Afghanistan"	"Badakhshan"	2	13	15	18896	16168	35064	178517	253233	431750
"2015.07.26"	"Pakistan"	"Islamabad"	1	0	1	18897	16168	35065	178518	253233	431751
"2015.07.26"	"Nigeria"	"Damaturu"	19	47	66	18916	16215	35131	178537	253280	431817
"2015.07.26"	"Yemen"	"Sanaa"	3	5	8	18919	16220	35139	178540	253285	431825
"2015.07.26"	"Iraq"	"Mosul"	1	0	1	18920	16220	35140	178541	253285	431826
"2015.07.26"	"Somalia"	"Mogadishu"	15	20	35	18935	16240	35175	178556	253305	431861
"2015.07.26"	"Chad"	"Blarigi"	3	30	33	18938	16270	35208	178559	253335	431894
"2015.07.26"	"Cameroon"	"Tchebe-Tchebe"	3	0	3	18941	16270	35211	178562	253335	431897
"2015.07.26"	"Iraq"	"Baiji"	8	3	11	18949	16273	35222	178570	253338	431908
"2015.07.26"	"Iraq"	"Hawija"	2	0	2	18951	16273	35224	178572	253338	431910
"2015.07.26"	"Pakistan"	"Karachi"	1	0	1	18952	16273	35225	178573	253338	431911
"2015.07.27"	"Nigeria"	"Bundaram"	4	0	4	18956	16273	35229	178577	253338	431915
"2015.07.27"	"Nigeria"	"Fishdam"	2	0	2	18958	16273	35231	178579	253338	431917
"2015.07.27"	"Nigeria"	"Kwatar Mali"	4	0	4	18962	16273	35235	178583	253338	431921
"2015.07.27"	"Iraq"	"Abu Saida"	4	10	14	18966	16283	35249	178587	253348	431935
"2015.07.27"	"Iraq"	"Sharqat"	7	0	7	18973	16283	35256	178594	253348	431942
"2015.07.27"	"Iraq"	"Fallujah"	2	0	2	18975	16283	35258	178596	253348	431944
"2015.07.27"	"Iraq"	"Baghdad"	5	9	14	18980	16292	35272	178601	253357	431958
"2015.07.27"	"Syria"	"Raaaq"	1	0	1	18981	16292	35273	178602	253357	431959
"2015.07.27"	"Pakistan"	"Sangni"	3	0	3	18984	16292	35276	178605	253357	431962
"2015.07.27"	"Syria"	"Damascus"	1	17	18	18985	16309	35294	178606	253374	431980
"2015.07.27"	"India"	"Gurdaspur"	7	8	15	18992	16317	35309	178613	253382	431995
"2015.07.28"	"Iraq"	"Baiji"	9	23	32	19001	16340	35341	178622	253405	432027
"2015.07.28"	"Iraq"	"Hawija"	6	0	6	19007	16340	35347	178628	253405	432033
"2015.07.28"	"Syria"	"Raqqa"	1	0	1	19008	16340	35348	178629	253405	432034
"2015.07.28"	"Libya"	"Benghazi"	3	11	14	19011	16351	35362	178632	253416	432048
"2015.07.28"	"Syria"	"Deir ez-Zor"	7	0	7	19018	16351	35369	178639	253416	432055
"2015.07.28"	"Bahrain"	"Sitra"	2	6	8	19020	16357	35377	178641	253422	432063
"2015.07.28"	"Nigeria"	"Dille"	29	0	29	19049	16357	35406	178670	253422	432092
"2015.07.28"	"Iraq"	"Golala"	7	0	7	19056	16357	35413	178677	253422	432099
"2015.07.28"	"Yemen"	"Aridah"	1	2	3	19057	16359	35416	178678	253424	432102
"2015.07.28"	"Iraq"	"Mosul"	1	0	1	19058	16359	35417	178679	253424	432103
"2015.07.29"	"Iraq"	"Ramadi"	17	25	42	19075	16384	35459	178696	253449	432145
"2015.07.29"	"Iraq"	"Deraa Dijla"	9	15	24	19084	16399	35483	178705	253464	432169
"2015.07.29"	"Nigeria"	"Kukuwa-Gari"	10	0	10	19094	16399	35493	178715	253464	432179
"2015.07.29"	"Yemen"	"Dar Saad"	6	0	6	19100	16399	35499	178721	253464	432185
"2015.07.29"	"Egypt"	"Cairo"	1	0	1	19101	16399	35500	178722	253464	432186
"2015.07.29"	"Saudi Arabia"	"al-Jash"	1	2	3	19102	16401	35503	178723	253466	432189
"2015.07.29"	"Afghanistan"	"Kundoz"	2	11	13	19104	16412	35516	178725	253477	432202
"2015.07.29"	"Yemen"	"Nuqum"	3	7	10	19107	16419	35526	178728	253484	432212
"2015.07.30"	"Iraq"	"al-Baghdadi"	9	16	25	19116	16435	35551	178737	253500	432237
"2015.07.30"	"Iraq"	"Mazraa"	5	9	14	19121	16444	35565	178742	253509	432251
"2015.07.30"	"Iraq"	"Baghdad"	6	22	28	19127	16466	35593	178748	253531	432279
"2015.07.30"	"Iraq"	"Rashidiya"	30	0	30	19157	16466	35623	178778	253531	432309
"2015.07.30"	"Pakistan"	"Dayoba"	2	0	2	19159	16466	35625	178780	253531	432311
"2015.07.30"	"Syria"	"Sarrin"	10	0	10	19169	16466	35635	178790	253531	432321
"2015.07.30"	"Afghanistan"	"Tapa Boom"	3	1	4	19172	16467	35639	178793	253532	432325
"2015.07.30"	"Syria"	"Homs"	1	0	1	19173	16467	35640	178794	253532	432326
"2015.07.30"	"Pakistan"	"Youhanabad"	1	1	2	19174	16468	35642	178795	253533	432328
"2015.07.31"	"Iraq"	"Mosul"	2	0	2	19176	16468	35644	178797	253533	432330
"2015.07.31"	"Yemen"	"Sir Valley"	6	30	36	19182	16498	35680	178803	253563	432366
"2015.07.31"	"Saudi Arabia"	"Asir"	3	7	10	19185	16505	35690	178806	253570	432376
"2015.07.31"	"Syria"	"Damascus"	1	5	6	19186	16510	35696	178807	253575	432382
"2015.07.31"	"Libya"	"Banghazi"	7	20	27	19193	16530	35723	178814	253595	432409
"2015.07.31"	"Syria"	"Raqqa"	6	0	6	19199	16530	35729	178820	253595	432415
"2015.07.31"	"Iraq"	"Mosul"	4	0	4	19203	16530	35733	178824	253595	432419
"2015.07.31"	"Syria"	"Azaz"	11	9	20	19214	16539	35753	178835	253604	432439
"2015.07.31"	"Nigeria"	"Maiduguri"	6	11	17	19220	16550	35770	178841	253615	432456
"2015.08.01"	"Iraq"	"Mosul"	15	0	15	19235	16550	35785	178856	253615	432471
"2015.08.01"	"Afghanistan"	"Shor Shorak"	2	3	5	19237	16553	35790	178858	253618	432476
"2015.08.01"	"Mali"	"Nampala"	2	4	6	19239	16557	35796	178860	253622	432482
"2015.08.01"	"Syria"	"Aleppo"	10	0	10	19249	16557	35806	178870	253622	432492
"2015.08.02"	"Nigeria"	"Madagali"	5	0	5	19254	16557	35811	178875	253622	432497
"2015.08.02"	"Thailand"	"Yala"	1	0	1	19255	16557	35812	178876	253622	432498
"2015.08.02"	"Iraq"	"Mosul"	4	0	4	19259	16557	35816	178880	253622	432502
"2015.08.02"	"Syria"	"Raqqa"	3	1	4	19262	16558	35820	178883	253623	432506
"2015.08.02"	"Nigeria"	"Malari"	13	27	40	19275	16585	35860	178896	253650	432546
"2015.08.02"	"Iraq"	"Rashidiyah"	3	11	14	19278	16596	35874	178899	253661	432560
"2015.08.02"	"Afghanistan"	"Samangan"	3	0	3	19281	16596	35877	178902	253661	432563
"2015.08.03"	"Iraq"	"Mosul"	6	0	6	19287	16596	35883	178908	253661	432569
"2015.08.03"	"Iraq"	"Mosul"	19	0	19	19306	16596	35902	178927	253661	432588
"2015.08.03"	"Iraq"	"Hawija"	8	0	8	19314	16596	35910	178935	253661	432596
"2015.08.03"	"Afghanistan"	"Khwar"	4	0	4	19318	16596	35914	178939	253661	432600
"2015.08.03"	"Pakistan"	"Saddar"	1	0	1	19319	16596	35915	178940	253661	432601
"2015.08.03"	"Mali"	"Timbuktu"	11	1	12	19330	16597	35927	178951	253662	432613
"2015.08.03"	"Syria"	"Hama"	3	0	3	19333	16597	35930	178954	253662	432616
"2015.08.03"	"Iraq"	"Kirkuk"	1	0	1	19334	16597	35931	178955	253662	432617
"2015.08.03"	"Syria"	"Raqqa"	1	0	1	19335	16597	35932	178956	253662	432618
"2015.08.04"	"Somalia"	"Janale"	1	0	1	19336	16597	35933	178957	253662	432619
"2015.08.04"	"Iraq"	"Baiji"	3	2	5	19339	16599	35938	178960	253664	432624
"2015.08.04"	"India"	"Udhampur"	2	8	10	19341	16607	35948	178962	253672	432634
"2015.08.04"	"Afghanistan"	"Bagram"	1	2	3	19342	16609	35951	178963	253674	432637
"2015.08.04"	"Egypt"	"Sheikh Zuweid"	5	9	14	19347	16618	35965	178968	253683	432651
"2015.08.04"	"Iraq"	"Mosul"	1	0	1	19348	16618	35966	178969	253683	432652
"2015.08.04"	"Cameroon"	"Tchakarmari"	7	20	27	19355	16638	35993	178976	253703	432679
"2015.08.04"	"Thailand"	"Narathiwat"	1	1	2	19356	16639	35995	178977	253704	432681
"2015.08.04"	"Syria"	"Raqqa"	1	0	1	19357	16639	35996	178978	253704	432682
"2015.08.05"	"Iraq"	"Baghdad"	6	12	18	19363	16651	36014	178984	253716	432700
"2015.08.05"	"Iraq"	"Baghdad"	4	13	17	19367	16664	36031	178988	253729	432717
"2015.08.05"	"Iraq"	"Diyala"	13	9	22	19380	16673	36053	179001	253738	432739
"2015.08.05"	"Iraq"	"Makhmour"	1	2	3	19381	16675	36056	179002	253740	432742
"2015.08.05"	"Nigeria"	"Borno"	1	0	1	19382	16675	36057	179003	253740	432743
"2015.08.05"	"Iraq"	"Habbaniyah"	5	9	14	19387	16684	36071	179008	253749	432757
"2015.08.05"	"Iraq"	"Mosul"	15	0	15	19402	16684	36086	179023	253749	432772
"2015.08.05"	"Syria"	"Palmyra"	2	0	2	19404	16684	36088	179025	253749	432774
"2015.08.05"	"Somalia"	"Mogadishu"	1	0	1	19405	16684	36089	179026	253749	432775
"2015.08.06"	"Libya"	"Misrata"	1	0	1	19406	16684	36090	179027	253749	432776
"2015.08.06"	"India"	"Neelum Valley"	1	1	2	19407	16685	36092	179028	253750	432778
"2015.08.06"	"Afghanistan"	"Pul-i-Alam"	6	24	30	19413	16709	36122	179034	253774	432808
"2015.08.06"	"Saudi Arabia"	"Abha"	15	25	40	19428	16734	36162	179049	253799	432848
"2015.08.06"	"Thailand"	"Narathiwat"	1	3	4	19429	16737	36166	179050	253802	432852
"2015.08.06"	"Pakistan"	"Nawabshah"	1	1	2	19430	16738	36168	179051	253803	432854
"2015.08.06"	"India"	"Santgarh"	2	0	2	19432	16738	36170	179053	253803	432856
"2015.08.07"	"Syria"	"Hama"	1	14	15	19433	16752	36185	179054	253817	432871
"2015.08.07"	"Mali"	"Sevare"	13	8	21	19446	16760	36206	179067	253825	432892
"2015.08.07"	"Afghanistan"	"Kabul"	20	240	260	19466	17000	36466	179087	254065	433152
"2015.08.07"	"Afghanistan"	"Kabul"	26	28	54	19492	17028	36520	179113	254093	433206
"2015.08.07"	"Nigeria"	"Tadagara"	9	0	9	19501	17028	36529	179122	254093	433215
"2015.08.07"	"Iraq"	"Mosul"	1	0	1	19502	17028	36530	179123	254093	433216
"2015.08.07"	"Afghanistan"	"Kabul"	9	10	19	19511	17038	36549	179132	254103	433235
"2015.08.07"	"Bangladesh"	"Dhaka"	1	0	1	19512	17038	36550	179133	254103	433236
"2015.08.08"	"Afghanistan"	"Kunduz"	29	19	48	19541	17057	36598	179162	254122	433284
"2015.08.08"	"Afghanistan"	"Sarda"	1	0	1	19542	17057	36599	179163	254122	433285
"2015.08.08"	"Afghanistan"	"Jalalabad"	2	3	5	19544	17060	36604	179165	254125	433290
"2015.08.08"	"India"	"Tangdar"	1	2	3	19545	17062	36607	179166	254127	433293
"2015.08.08"	"Egypt"	"Cairo"	1	3	4	19546	17065	36611	179167	254130	433297
"2015.08.09"	"Iraq"	"Mosul"	6	0	6	19552	17065	36617	179173	254130	433303
"2015.08.09"	"Philippines"	"Sulu"	2	0	2	19554	17065	36619	179175	254130	433305
"2015.08.09"	"Afghanistan"	"Adam Khan"	6	0	6	19560	17065	36625	179181	254130	433311
"2015.08.09"	"Egypt"	"al-Arish"	2	3	5	19562	17068	36630	179183	254133	433316
"2015.08.09"	"Syria"	"Umm Housh"	37	20	57	19599	17088	36687	179220	254153	433373
"2015.08.09"	"Nigeria"	"Nwajurko"	4	3	7	19603	17091	36694	179224	254156	433380
"2015.08.09"	"Iraq"	"Mosul"	300	0	300	19903	17091	36994	179524	254156	433680
"2015.08.09"	"Afghanistan"	"Tir Giran"	1	0	1	19904	17091	36995	179525	254156	433681
"2015.08.09"	"Iraq"	"Ghazlani"	50	0	50	19954	17091	37045	179575	254156	433731
"2015.08.10"	"Iraq"	"Huwaidar"	51	80	131	20005	17171	37176	179626	254236	433862
"2015.08.10"	"Iraq"	"Baqubah"	7	25	32	20012	17196	37208	179633	254261	433894
"2015.08.10"	"Syria"	"Kuweris"	18	0	18	20030	17196	37226	179651	254261	433912
"2015.08.10"	"Iraq"	"Aski Mosul"	18	5	23	20048	17201	37249	179669	254266	433935
"2015.08.10"	"Iraq"	"Hassan Shami"	13	3	16	20061	17204	37265	179682	254269	433951
"2015.08.10"	"Mali"	"Diabozo"	3	4	7	20064	17208	37272	179685	254273	433958
"2015.08.10"	"Afghanistan"	"Nangarhar"	10	0	10	20074	17208	37282	179695	254273	433968
"2015.08.10"	"Libya"	"Derna"	9	25	34	20083	17233	37316	179704	254298	434002
"2015.08.10"	"Afghanistan"	"Kabul"	5	16	21	20088	17249	37337	179709	254314	434023
"2015.08.10"	"Syria"	"Aleppo"	6	14	20	20094	17263	37357	179715	254328	434043
"2015.08.10"	"Thailand"	"Si Banphot"	1	2	3	20095	17265	37360	179716	254330	434046
"2015.08.11"	"Cameroon"	"Achigachia"	1	0	1	20096	17265	37361	179717	254330	434047
"2015.08.11"	"Iraq"	"Hawija"	3	0	3	20099	17265	37364	179720	254330	434050
"2015.08.11"	"Iraq"	"Mosul"	2	0	2	20101	17265	37366	179722	254330	434052
"2015.08.11"	"Thailand"	"Sai Buri"	1	0	1	20102	17265	37367	179723	254330	434053
"2015.08.11"	"Syria"	"Marea"	25	0	25	20127	17265	37392	179748	254330	434078
"2015.08.11"	"Nigeria"	"Sabon Gari"	47	52	99	20174	17317	37491	179795	254382	434177
"2015.08.11"	"Afghanistan"	"Mahipar"	1	1	2	20175	17318	37493	179796	254383	434179
"2015.08.12"	"Philippines"	"Maimbung"	1	0	1	20176	17318	37494	179797	254383	434180
"2015.08.12"	"Afghanistan"	"Nawur"	4	0	4	20180	17318	37498	179801	254383	434184
"2015.08.12"	"Pakistan"	"Tirah"	3	2	5	20183	17320	37503	179804	254385	434189
"2015.08.12"	"Nigeria"	"Bale Mamman"	8	4	12	20191	17324	37515	179812	254389	434201
"2015.08.12"	"Afghanistan"	"Musa Qala"	14	2	16	20205	17326	37531	179826	254391	434217
"2015.08.12"	"Syria"	"Daraa"	8	54	62	20213	17380	37593	179834	254445	434279
"2015.08.12"	"Syria"	"Homs"	1	24	25	20214	17404	37618	179835	254469	434304
"2015.08.12"	"Syria"	"Ghouta"	5	55	60	20219	17459	37678	179840	254524	434364
"2015.08.12"	"Egypt"	"Sinai"	1	0	1	20220	17459	37679	179841	254524	434365
"2015.08.12"	"Iraq"	"Ramadi"	14	10	24	20234	17469	37703	179855	254534	434389
"2015.08.12"	"Pakistan"	"Korangi"	5	0	5	20239	17469	37708	179860	254534	434394
"2015.08.12"	"Mali"	"Bamako"	2	0	2	20241	17469	37710	179862	254534	434396
"2015.08.12"	"Cameroon"	"Blame"	10	0	10	20251	17469	37720	179872	254534	434406
"2015.08.13"	"Thailand"	"Muang"	1	0	1	20252	17469	37721	179873	254534	434407
"2015.08.13"	"Iraq"	"Sadr City"	76	212	288	20328	17681	38009	179949	254746	434695
"2015.08.13"	"Syria"	"Latakia"	2	14	16	20330	17695	38025	179951	254760	434711
"2015.08.13"	"Libya"	"Sirte"	18	0	18	20348	17695	38043	179969	254760	434729
"2015.08.13"	"Iraq"	"Baghdad"	4	13	17	20352	17708	38060	179973	254773	434746
"2015.08.13"	"Iraq"	"Mosul"	36	0	36	20388	17708	38096	180009	254773	434782
"2015.08.13"	"Iraq"	"Khalis"	4	18	22	20392	17726	38118	180013	254791	434804
"2015.08.13"	"Afghanistan"	"Logar"	0	20	20	20392	17746	38138	180013	254811	434824
"2015.08.13"	"Nigeria"	"Kukuwa-Gari"	160	0	160	20552	17746	38298	180173	254811	434984
"2015.08.14"	"Pakistan"	"Quetta"	1	0	1	20553	17746	38299	180174	254811	434985
"2015.08.14"	"Iraq"	"Mosul"	4	0	4	20557	17746	38303	180178	254811	434989
"2015.08.14"	"Libya"	"Sirte"	22	0	22	20579	17746	38325	180200	254811	435011
"2015.08.14"	"Syria"	"Homs"	2	0	2	20581	17746	38327	180202	254811	435013
"2015.08.14"	"Mali"	"Barkerou"	1	0	1	20582	17746	38328	180203	254811	435014
"2015.08.14"	"Libya"	"Benghazi"	6	0	6	20588	17746	38334	180209	254811	435020
"2015.08.14"	"Iraq"	"Kirkuk"	4	9	13	20592	17755	38347	180213	254820	435033
"2015.08.14"	"Iraq"	"Baiji"	7	5	12	20599	17760	38359	180220	254825	435045
"2015.08.15"	"Iraq"	"Habibiya"	15	65	80	20614	17825	38439	180235	254890	435125
"2015.08.15"	"Iraq"	"Taji"	2	7	9	20616	17832	38448	180237	254897	435134
"2015.08.15"	"Iraq"	"Baghdad"	5	37	42	20621	17869	38490	180242	254934	435176
"2015.08.15"	"Iraq"	"Madaen"	3	19	22	20624	17888	38512	180245	254953	435198
"2015.08.15"	"Libya"	"Sirte"	12	0	12	20636	17888	38524	180257	254953	435210
"2015.08.15"	"Iraq"	"Shingal"	70	0	70	20706	17888	38594	180327	254953	435280
"2015.08.15"	"Iraq"	"Ghazlani"	15	0	15	20721	17888	38609	180342	254953	435295
"2015.08.15"	"Nigeria"	"Ramirgo"	3	7	10	20724	17895	38619	180345	254960	435305
"2015.08.15"	"Pakistan"	"Sheikhan"	1	0	1	20725	17895	38620	180346	254960	435306
"2015.08.16"	"Saudi Arabia"	"Jazan"	2	0	2	20727	17895	38622	180348	254960	435308
"2015.08.16"	"Iraq"	"Fallujah"	17	15	32	20744	17910	38654	180365	254975	435340
"2015.08.16"	"Libya"	"Sirte"	4	0	4	20748	17910	38658	180369	254975	435344
"2015.08.16"	"Yemen"	"Taiz"	6	0	6	20754	17910	38664	180375	254975	435350
"2015.08.16"	"Syria"	"Raqqa"	4	0	4	20758	17910	38668	180379	254975	435354
"2015.08.16"	"Thailand"	"Mayo"	1	0	1	20759	17910	38669	180380	254975	435355
"2015.08.16"	"Afghanistan"	"Badakhshan"	1	1	2	20760	17911	38671	180381	254976	435357
"2015.08.16"	"Afghanistan"	"Khamaab"	4	6	10	20764	17917	38681	180385	254982	435367
"2015.08.16"	"Afghanistan"	"Sar Gora"	5	0	5	20769	17917	38686	180390	254982	435372
"2015.08.16"	"Pakistan"	"Shadi Khan"	18	25	43	20787	17942	38729	180408	255007	435415
"2015.08.16"	"Nigeria"	"Kofar Gwari"	2	12	14	20789	17954	38743	180410	255019	435429
"2015.08.17"	"India"	"Bamani Chowki"	1	0	1	20790	17954	38744	180411	255019	435430
"2015.08.17"	"Iran"	"Mashad"	1	0	1	20791	17954	38745	180412	255019	435431
"2015.08.17"	"Tunisia"	"Mount Mghila"	2	0	2	20793	17954	38747	180414	255019	435433
"2015.08.17"	"Pakistan"	"Orangi"	1	0	1	20794	17954	38748	180415	255019	435434
"2015.08.17"	"Iraq"	"Ramadi"	25	33	58	20819	17987	38806	180440	255052	435492
"2015.08.17"	"Iraq"	"Rawa"	2	0	2	20821	17987	38808	180442	255052	435494
"2015.08.17"	"Nigeria"	"Awonori"	7	0	7	20828	17987	38815	180449	255052	435501
"2015.08.17"	"Thailand"	"Bangkok"	22	125	147	20850	18112	38962	180471	255177	435648
"2015.08.18"	"Iraq"	"Anbar"	29	43	72	20879	18155	39034	180500	255220	435720
"2015.08.18"	"Iraq"	"Ghazlani"	5	0	5	20884	18155	39039	180505	255220	435725
"2015.08.18"	"India"	"Sopore"	1	0	1	20885	18155	39040	180506	255220	435726
"2015.08.18"	"India"	"Tujjar Sharief"	2	0	2	20887	18155	39042	180508	255220	435728
"2015.08.18"	"Syria"	"Palmyra"	1	0	1	20888	18155	39043	180509	255220	435729
"2015.08.19"	"Iraq"	"Albu Eitha"	15	22	37	20903	18177	39080	180524	255242	435766
"2015.08.19"	"Iraq"	"Tuz"	5	0	5	20908	18177	39085	180529	255242	435771
"2015.08.19"	"Pakistan"	"Mingora"	1	0	1	20909	18177	39086	180530	255242	435772
"2015.08.19"	"Syria"	"Qamishli"	13	40	53	20922	18217	39139	180543	255282	435825
"2015.08.19"	"Tunisia"	"Sousse"	1	0	1	20923	18217	39140	180544	255282	435826
"2015.08.19"	"Pakistan"	"Tunsa"	1	0	1	20924	18217	39141	180545	255282	435827
"2015.08.20"	"Iraq"	"Mosul"	2	0	2	20926	18217	39143	180547	255282	435829
"2015.08.20"	"Iraq"	"Hawija"	12	0	12	20938	18217	39155	180559	255282	435841
"2015.08.20"	"Iraq"	"Qayara"	1	0	1	20939	18217	39156	180560	255282	435842
"2015.08.20"	"Egypt"	"Shubra"	0	29	29	20939	18246	39185	180560	255311	435871
"2015.08.20"	"Pakistan"	"Hajiabad"	1	3	4	20940	18249	39189	180561	255314	435875
"2015.08.20"	"Yemen"	"Aden"	4	10	14	20944	18259	39203	180565	255324	435889
"2015.08.20"	"Iraq"	"Kirkuk"	6	0	6	20950	18259	39209	180571	255324	435895
"2015.08.20"	"Russia"	"Pyatigorsk"	1	0	1	20951	18259	39210	180572	255324	435896
"2015.08.21"	"Nigeria"	"Dikwa"	2	0	2	20953	18259	39212	180574	255324	435898
"2015.08.21"	"Iraq"	"Mosul"	1	0	1	20954	18259	39213	180575	255324	435899
"2015.08.21"	"Iraq"	"Anbar"	50	0	50	21004	18259	39263	180625	255324	435949
"2015.08.21"	"Afghanistan"	"Khas Urozgan"	8	6	14	21012	18265	39277	180633	255330	435963
"2015.08.21"	"Afghanistan"	"Sar-e-Rawza"	3	1	4	21015	18266	39281	180636	255331	435967
"2015.08.21"	"Nigeria"	"Barkin Ladi"	2	0	2	21017	18266	39283	180638	255331	435969
"2015.08.21"	"France"	"Paris"	0	3	3	21017	18269	39286	180638	255334	435972
"2015.08.21"	"Syria"	"Marea"	2	0	2	21019	18269	39288	180640	255334	435974
"2015.08.22"	"Iraq"	"Mosul"	4	0	4	21023	18269	39292	180644	255334	435978
"2015.08.22"	"Pakistan"	"Arang"	3	2	5	21026	18271	39297	180647	255336	435983
"2015.08.22"	"Somalia"	"Kismayo"	16	21	37	21042	18292	39334	180663	255357	436020
"2015.08.22"	"Somalia"	"Mogadishu"	5	7	12	21047	18299	39346	180668	255364	436032
"2015.08.22"	"Afghanistan"	"Kabul"	12	66	78	21059	18365	39424	180680	255430	436110
"2015.08.22"	"Pakistan"	"Utmankhel"	3	0	3	21062	18365	39427	180683	255430	436113
"2015.08.22"	"Syria"	"Koerse"	9	0	9	21071	18365	39436	180692	255430	436122
"2015.08.22"	"Afghanistan"	"Helmand"	1	0	1	21072	18365	39437	180693	255430	436123
"2015.08.23"	"Iraq"	"Jaramshah"	23	0	23	21095	18365	39460	180716	255430	436146
"2015.08.23"	"Iraq"	"Baghdad"	5	0	5	21100	18365	39465	180721	255430	436151
"2015.08.23"	"Pakistan"	"Dasht"	4	0	4	21104	18365	39469	180725	255430	436155
"2015.08.23"	"Pakistan"	"Tirah"	5	0	5	21109	18365	39474	180730	255430	436160
"2015.08.23"	"Pakistan"	"Bajour"	2	3	5	21111	18368	39479	180732	255433	436165
"2015.08.23"	"Syria"	"Hasakah"	13	50	63	21124	18418	39542	180745	255483	436228
"2015.08.23"	"Syria"	"Damascus"	10	53	63	21134	18471	39605	180755	255536	436291
"2015.08.23"	"Egypt"	"Marsa Matruh"	1	0	1	21135	18471	39606	180756	255536	436292
"2015.08.23"	"Syria"	"Damascus"	9	50	59	21144	18521	39665	180765	255586	436351
"2015.08.24"	"Afghanistan"	"Shebarghan"	1	2	3	21145	18523	39668	180766	255588	436354
"2015.08.24"	"Libya"	"Sirte"	4	0	4	21149	18523	39672	180770	255588	436358
"2015.08.24"	"Egypt"	"Beheira"	3	23	26	21152	18546	39698	180773	255611	436384
"2015.08.24"	"Egypt"	"Fayoum"	1	0	1	21153	18546	39699	180774	255611	436385
"2015.08.24"	"Syria"	"Kweiris"	51	0	51	21204	18546	39750	180825	255611	436436
"2015.08.24"	"Thailand"	"Muang"	1	0	1	21205	18546	39751	180826	255611	436437
"2015.08.24"	"Iraq"	"Mosul"	1	0	1	21206	18546	39752	180827	255611	436438
"2015.08.24"	"Tunisia"	"Bouchebka"	1	3	4	21207	18549	39756	180828	255614	436442
"2015.08.24"	"Yemen"	"Taiz"	14	3	17	21221	18552	39773	180842	255617	436459
"2015.08.24"	"Iraq"	"Ramadi"	8	6	14	21229	18558	39787	180850	255623	436473
"2015.08.24"	"Iraq"	"Mosul"	9	0	9	21238	18558	39796	180859	255623	436482
"2015.08.24"	"Iraq"	"Baghdad"	7	24	31	21245	18582	39827	180866	255647	436513
"2015.08.25"	"Iraq"	"Mosul"	10	0	10	21255	18582	39837	180876	255647	436523
"2015.08.25"	"India"	"Khanday Pora"	1	0	1	21256	18582	39838	180877	255647	436524
"2015.08.25"	"Pakistan"	"Dera Ismail Khan"	1	1	2	21257	18583	39840	180878	255648	436526
"2015.08.25"	"Iraq"	"Fallujah"	3	0	3	21260	18583	39843	180881	255648	436529
"2015.08.25"	"Nigeria"	"Damaturu"	5	41	46	21265	18624	39889	180886	255689	436575
"2015.08.25"	"Pakistan"	"Ladha"	3	0	3	21268	18624	39892	180889	255689	436578
"2015.08.25"	"Pakistan"	"Gwadar"	2	2	4	21270	18626	39896	180891	255691	436582
"2015.08.25"	"Saudi Arabia"	"Jizan"	3	3	6	21273	18629	39902	180894	255694	436588
"2015.08.25"	"Nigeria"	"Marfunudi"	24	50	74	21297	18679	39976	180918	255744	436662
"2015.08.25"	"Afghanistan"	"Oruzgan"	19	0	19	21316	18679	39995	180937	255744	436681
"2015.08.25"	"Afghanistan"	"Paktia"	1	3	4	21317	18682	39999	180938	255747	436685
"2015.08.25"	"CAR"	"Kidgigra"	20	5	25	21337	18687	40024	180958	255752	436710
"2015.08.26"	"Iraq"	"Tal Afar"	7	0	7	21344	18687	40031	180965	255752	436717
"2015.08.26"	"Somalia"	"Garbaharey"	11	0	11	21355	18687	40042	180976	255752	436728
"2015.08.26"	"Egypt"	"al-Arish"	2	0	2	21357	18687	40044	180978	255752	436730
"2015.08.26"	"Iran"	"Orumieh"	1	0	1	21358	18687	40045	180979	255752	436731
"2015.08.27"	"Nigeria"	"Kafa"	4	0	4	21362	18687	40049	180983	255752	436735
"2015.08.27"	"Niger"	"Abadam"	3	0	3	21365	18687	40052	180986	255752	436738
"2015.08.27"	"Iraq"	"Ramadi"	5	10	15	21370	18697	40067	180991	255762	436753
"2015.08.27"	"Iraq"	"Qayara"	11	0	11	21381	18697	40078	181002	255762	436764
"2015.08.27"	"Iraq"	"Kirkuk"	3	6	9	21384	18703	40087	181005	255768	436773
"2015.08.27"	"Iraq"	"Baghdad"	3	13	16	21387	18716	40103	181008	255781	436789
"2015.08.27"	"Pakistan"	"Pir Mahal"	4	0	4	21391	18716	40107	181012	255781	436793
"2015.08.27"	"Iraq"	"Anbar"	50	30	80	21441	18746	40187	181062	255811	436873
"2015.08.28"	"Pakistan"	"Charmarkand"	1	0	1	21442	18746	40188	181063	255811	436874
"2015.08.28"	"Afghanistan"	"Kabul"	2	1	3	21444	18747	40191	181065	255812	436877
"2015.08.28"	"Iraq"	"Baghdad"	6	10	16	21450	18757	40207	181071	255822	436893
"2015.08.28"	"Iraq"	"Kirkuk"	3	8	11	21453	18765	40218	181074	255830	436904
"2015.08.28"	"Pakistan"	"Karachi"	1	0	1	21454	18765	40219	181075	255830	436905
"2015.08.28"	"Nigeria"	"Baanu"	68	56	124	21522	18821	40343	181143	255886	437029
"2015.08.28"	"Syria"	"Aleppo"	12	0	12	21534	18821	40355	181155	255886	437041
"2015.08.29"	"Nigeria"	"Karnuwa"	4	0	4	21538	18821	40359	181159	255886	437045
"2015.08.29"	"Bahrain"	"Karana"	1	6	7	21539	18827	40366	181160	255892	437052
"2015.08.29"	"Afghanistan"	"Ghazni"	6	0	6	21545	18827	40372	181166	255892	437058
"2015.08.29"	"Afghanistan"	"Oruzgan"	3	0	3	21548	18827	40375	181169	255892	437061
"2015.08.29"	"Afghanistan"	"Chora"	3	0	3	21551	18827	40378	181172	255892	437064
"2015.08.29"	"Iraq"	"Fallujah"	6	9	15	21557	18836	40393	181178	255901	437079
"2015.08.29"	"Iraq"	"Trebil"	8	6	14	21565	18842	40407	181186	255907	437093
"2015.08.29"	"Syria"	"Homs"	4	19	23	21569	18861	40430	181190	255926	437116
"2015.08.29"	"Iraq"	"Baghdad"	5	19	24	21574	18880	40454	181195	255945	437140
"2015.08.29"	"Iraq"	"Shirqat"	12	0	12	21586	18880	40466	181207	255945	437152
"2015.08.30"	"Nigeria"	"Hambagda"	7	5	12	21593	18885	40478	181214	255950	437164
"2015.08.30"	"Iraq"	"Haditha"	4	2	6	21597	18887	40484	181218	255952	437170
"2015.08.30"	"Pakistan"	"Mardan"	2	0	2	21599	18887	40486	181220	255952	437172
"2015.08.30"	"Libya"	"Rakiyat"	5	2	7	21604	18889	40493	181225	255954	437179
"2015.08.30"	"Yemen"	"Mansura"	1	0	1	21605	18889	40494	181226	255954	437180
"2015.08.31"	"Iraq"	"Anbar"	4	0	4	21609	18889	40498	181230	255954	437184
"2015.08.31"	"Iraq"	"Salahuddin"	3	0	3	21612	18889	40501	181233	255954	437187
"2015.08.31"	"Pakistan"	"Khar"	1	4	5	21613	18893	40506	181234	255958	437192
"2015.08.31"	"Nigeria"	"Fatawe"	36	0	36	21649	18893	40542	181270	255958	437228
"2015.09.01"	"Nigeria"	"Kolori"	18	0	18	21667	18893	40560	181288	255958	437246
"2015.09.01"	"Nigeria"	"Ba'na Iman"	8	0	8	21675	18893	40568	181296	255958	437254
"2015.09.01"	"Pakistan"	"Jamrud"	6	56	62	21681	18949	40630	181302	256014	437316
"2015.09.01"	"Somalia"	"Janaale"	50	50	100	21731	18999	40730	181352	256064	437416
"2015.09.01"	"Mali"	"Timbuktu"	2	1	3	21733	19000	40733	181354	256065	437419
"2015.09.01"	"Iraq"	"Haditha"	12	8	20	21745	19008	40753	181366	256073	437439
"2015.09.02"	"Iraq"	"Hashd Shaabi"	11	16	27	21756	19024	40780	181377	256089	437466
"2015.09.02"	"Iraq"	"Haditha"	3	6	9	21759	19030	40789	181380	256095	437475
"2015.09.02"	"Iraq"	"Khalis"	4	18	22	21763	19048	40811	181384	256113	437497
"2015.09.02"	"India"	"Ladoora"	1	2	3	21764	19050	40814	181385	256115	437500
"2015.09.02"	"Iraq"	"Tel Saqif"	8	2	10	21772	19052	40824	181393	256117	437510
"2015.09.02"	"Iraq"	"Mosul"	4	0	4	21776	19052	40828	181397	256117	437514
"2015.09.02"	"Nigeria"	"Mainari"	5	6	11	21781	19058	40839	181402	256123	437525
"2015.09.02"	"Yemen"	"Sanaa"	32	75	107	21813	19133	40946	181434	256198	437632
"2015.09.02"	"Pakistan"	"Urmar Payan"	3	6	9	21816	19139	40955	181437	256204	437641
"2015.09.02"	"Pakistan"	"Latakia"	10	25	35	21826	19164	40990	181447	256229	437676
"2015.09.03"	"Iraq"	"Baghdad"	3	10	13	21829	19174	41003	181450	256239	437689
"2015.09.03"	"Iraq"	"Baghdad"	4	7	11	21833	19181	41014	181454	256246	437700
"2015.09.03"	"Iraq"	"Tarmiya"	3	8	11	21836	19189	41025	181457	256254	437711
"2015.09.03"	"Cameroon"	"Kerawa"	30	143	173	21866	19332	41198	181487	256397	437884
"2015.09.03"	"Afghanistan"	"Helmand"	8	0	8	21874	19332	41206	181495	256397	437892
"2015.09.04"	"Syria"	"Sweida"	31	24	55	21905	19356	41261	181526	256421	437947
"2015.09.04"	"Tajikistan"	"Vahdat"	8	2	10	21913	19358	41271	181534	256423	437957
"2015.09.04"	"Tajikistan"	"Dushanbe"	2	1	3	21915	19359	41274	181536	256424	437960
"2015.09.04"	"Saudi Arabia"	"Abqaiq"	1	2	3	21916	19361	41277	181537	256426	437963
"2015.09.04"	"Iraq"	"Madain"	3	6	9	21919	19367	41286	181540	256432	437972
"2015.09.04"	"Bangladesh"	"Chittagong"	2	0	2	21921	19367	41288	181542	256432	437974
"2015.09.05"	"Iraq"	"Arab Jabour"	4	0	4	21925	19367	41292	181546	256432	437978
"2015.09.05"	"Afghanistan"	"Balkh"	13	0	13	21938	19367	41305	181559	256432	437991
"2015.09.05"	"Pakistan"	"Khyber Pakhtunkhwa"	1	3	4	21939	19370	41309	181560	256435	437995
"2015.09.06"	"Afghanistan"	"Nimroz"	7	3	10	21946	19373	41319	181567	256438	438005
"2015.09.06"	"DRC"	"Beni"	7	0	7	21953	19373	41326	181574	256438	438012
"2015.09.06"	"Iraq"	"Madain"	2	2	4	21955	19375	41330	181576	256440	438016
"2015.09.06"	"Pakistan"	"Hangu"	2	0	2	21957	19375	41332	181578	256440	438018
"2015.09.06"	"Pakistan"	"Kotigram"	1	0	1	21958	19375	41333	181579	256440	438019
"2015.09.07"	"Afghanistan"	"Khurasan"	1	0	1	21959	19375	41334	181580	256440	438020
"2015.09.07"	"Pakistan"	"Qambarkhel"	5	0	5	21964	19375	41339	181585	256440	438025
"2015.09.07"	"Egypt"	"Taweel al-Amir"	2	5	7	21966	19380	41346	181587	256445	438032
"2015.09.07"	"Libya"	"Benghazi"	7	0	7	21973	19380	41353	181594	256445	438039
"2015.09.07"	"Yemen"	"Taiz"	1	0	1	21974	19380	41354	181595	256445	438040
"2015.09.08"	"Iraq"	"Qarma"	8	0	8	21982	19380	41362	181603	256445	438048
"2015.09.08"	"Iraq"	"Mosul"	1	0	1	21983	19380	41363	181604	256445	438049
"2015.09.08"	"Pakistan"	"Khyber"	6	0	6	21989	19380	41369	181610	256445	438055
"2015.09.09"	"Iraq"	"Hit"	2	0	2	21991	19380	41371	181612	256445	438057
"2015.09.09"	"Iraq"	"Mosul"	10	0	10	22001	19380	41381	181622	256445	438067
"2015.09.09"	"Pakistan"	"Karachi"	2	0	2	22003	19380	41383	181624	256445	438069
"2015.09.09"	"Pakistan"	"Shah Faisal"	1	0	1	22004	19380	41384	181625	256445	438070
"2015.09.09"	"Syria"	"Abu al-Duhur"	71	40	111	22075	19420	41495	181696	256485	438181
"2015.09.09"	"Iraq"	"Derik"	35	0	35	22110	19420	41530	181731	256485	438216
"2015.09.09"	"Afghanistan"	"Kalakhan"	2	1	3	22112	19421	41533	181733	256486	438219
"2015.09.09"	"Iraq"	"Anbar"	13	13	26	22125	19434	41559	181746	256499	438245
"2015.09.09"	"Dagestan"	"Novy Kurush"	1	0	1	22126	19434	41560	181747	256499	438246
"2015.09.09"	"Uganda"	"Bukedea"	0	1	1	22126	19435	41561	181747	256500	438247
"2015.09.10"	"CAR"	"Bangui"	2	20	22	22128	19455	41583	181749	256520	438269
"2015.09.10"	"Iraq"	"Albu Souda"	9	14	23	22137	19469	41606	181758	256534	438292
"2015.09.10"	"Iraq"	"Abu Ghraib"	2	7	9	22139	19476	41615	181760	256541	438301
"2015.09.10"	"Pakistan"	"Dera Ismail Khan"	1	1	2	22140	19477	41617	181761	256542	438303
"2015.09.10"	"Afghanistan"	"Ghazni"	5	0	5	22145	19477	41622	181766	256542	438308
"2015.09.11"	"Yemen"	"Marib"	20	40	60	22165	19517	41682	181786	256582	438368
"2015.09.11"	"Egypt"	"Sinai"	4	0	4	22169	19517	41686	181790	256582	438372
"2015.09.11"	"Syria"	"Damascus"	1	12	13	22170	19529	41699	181791	256594	438385
"2015.09.11"	"Nigeria"	"Madgali"	4	3	7	22174	19532	41706	181795	256597	438392
"2015.09.11"	"Nigeria"	"Yola"	7	20	27	22181	19552	41733	181802	256617	438419
"2015.09.11"	"Iraq"	"Daquq"	13	47	60	22194	19599	41793	181815	256664	438479
"2015.09.11"	"Pakistan"	"Pandyali"	2	0	2	22196	19599	41795	181817	256664	438481
"2015.09.11"	"Egypt"	"Rafah"	2	0	2	22198	19599	41797	181819	256664	438483
"2015.09.11"	"DRC"	"Mamove"	9	0	9	22207	19599	41806	181828	256664	438492
"2015.09.11"	"Afghanistan"	"Nangarhar"	1	0	1	22208	19599	41807	181829	256664	438493
"2015.09.12"	"Iraq"	"Baiji"	3	8	11	22211	19607	41818	181832	256672	438504
"2015.09.12"	"Iraq"	"Mosul"	1	0	1	22212	19607	41819	181833	256672	438505
"2015.09.12"	"Syria"	"Damascus"	11	30	41	22223	19637	41860	181844	256702	438546
"2015.09.13"	"Iraq"	"Mosul"	5	0	5	22228	19637	41865	181849	256702	438551
"2015.09.13"	"Egypt"	"Western Desert"	1	0	1	22229	19637	41866	181850	256702	438552
"2015.09.13"	"Iraq"	"Ghazlani"	32	0	32	22261	19637	41898	181882	256702	438584
"2015.09.13"	"Pakistan"	"Khaisoor"	2	0	2	22263	19637	41900	181884	256702	438586
"2015.09.13"	"Pakistan"	"Khyber Pakhtunkhwa"	7	0	7	22270	19637	41907	181891	256702	438593
"2015.09.13"	"Cameroon"	"Kolofata"	9	24	33	22279	19661	41940	181900	256726	438626
"2015.09.13"	"Somalia"	"Raaso"	2	0	2	22281	19661	41942	181902	256726	438628
"2015.09.14"	"Nigeria"	"Barkin Ladi"	20	17	37	22301	19678	41979	181922	256743	438665
"2015.09.14"	"England"	"White Chapel"	1	0	1	22302	19678	41980	181923	256743	438666
"2015.09.14"	"Pakistan"	"Multan"	11	59	70	22313	19737	42050	181934	256802	438736
"2015.09.14"	"Iraq"	"Saqlawiya"	3	5	8	22316	19742	42058	181937	256807	438744
"2015.09.14"	"Mali"	"Mopti"	2	0	2	22318	19742	42060	181939	256807	438746
"2015.09.14"	"Syria"	"Mahata"	10	40	50	22328	19782	42110	181949	256847	438796
"2015.09.14"	"Egypt"	"Khareeza"	12	4	16	22340	19786	42126	181961	256851	438812
"2015.09.14"	"Afghanistan"	"Ghazni"	4	7	11	22344	19793	42137	181965	256858	438823
"2015.09.14"	"Syria"	"Khashman"	16	40	56	22360	19833	42193	181981	256898	438879
"2015.09.14"	"Israel"	"Jerusalem"	1	2	3	22361	19835	42196	181982	256900	438882
"2015.09.15"	"Iraq"	"Mosul"	3	0	3	22364	19835	42199	181985	256900	438885
"2015.09.15"	"Syria"	"Hasakah"	7	21	28	22371	19856	42227	181992	256921	438913
"2015.09.15"	"Syria"	"al-Jazira"	3	0	3	22374	19856	42230	181995	256921	438916
"2015.09.15"	"Syria"	"Aleppo"	38	150	188	22412	20006	42418	182033	257071	439104
"2015.09.15"	"Afghanistan"	"Char Dewar"	6	0	6	22418	20006	42424	182039	257071	439110
"2015.09.15"	"Nigeria"	"Sarkin Kudu"	9	9	18	22427	20015	42442	182048	257080	439128
"2015.09.15"	"Libya"	"Benghazi"	1	0	1	22428	20015	42443	182049	257080	439129
"2015.09.16"	"Cameroon"	"Aissa Harde"	9	0	9	22437	20015	42452	182058	257080	439138
"2015.09.16"	"Cameroon"	"Ngoulma"	2	0	2	22439	20015	42454	182060	257080	439140
"2015.09.16"	"Nigeria"	"Kadunung"	18	150	168	22457	20165	42622	182078	257230	439308
"2015.09.16"	"Afghanistan"	"Kabul"	4	41	45	22461	20206	42667	182082	257271	439353
"2015.09.16"	"Thailand"	"Pattani"	1	0	1	22462	20206	42668	182083	257271	439354
"2015.09.16"	"Iraq"	"Khalidiya"	6	14	20	22468	20220	42688	182089	257285	439374
"2015.09.16"	"Iraq"	"Mosul"	5	0	5	22473	20220	42693	182094	257285	439379
"2015.09.17"	"Afghanistan"	"Faizabad"	1	0	1	22474	20220	42694	182095	257285	439380
"2015.09.17"	"Iraq"	"Bab al-Sharji"	12	45	57	22486	20265	42751	182107	257330	439437
"2015.09.17"	"Iraq"	"Baghdad"	9	31	40	22495	20296	42791	182116	257361	439477
"2015.09.17"	"Somalia"	"Kismayo"	3	7	10	22498	20303	42801	182119	257368	439487
"2015.09.17"	"Germany"	"Berlin"	0	1	1	22498	20304	42802	182119	257369	439488
"2015.09.17"	"Thailand"	"Narathiwat"	3	10	13	22501	20314	42815	182122	257379	439501
"2015.09.18"	"Somalia"	"Yaqbariweyne"	12	5	17	22513	20319	42832	182134	257384	439518
"2015.09.18"	"Libya"	"Tripoli"	2	0	2	22515	20319	42834	182136	257384	439520
"2015.09.18"	"Pakistan"	"Peshawar"	29	30	59	22544	20349	42893	182165	257414	439579
"2015.09.18"	"Philippines"	"Zamboanga"	1	16	17	22545	20365	42910	182166	257430	439596
"2015.09.18"	"Libya"	"Tripoli"	3	0	3	22548	20365	42913	182169	257430	439599
"2015.09.18"	"Pakistan"	"Sopore"	1	1	2	22549	20366	42915	182170	257431	439601
"2015.09.18"	"Pakistan"	"Korangi"	2	4	6	22551	20370	42921	182172	257435	439607
"2015.09.18"	"Afghanistan"	"Kabul"	4	7	11	22555	20377	42932	182176	257442	439618
"2015.09.18"	"Iraq"	"al-Fura"	1	0	1	22556	20377	42933	182177	257442	439619
"2015.09.18"	"Iraq"	"Abu Saida"	6	5	11	22562	20382	42944	182183	257447	439630
"2015.09.18"	"Pakistan"	"Nazimabad"	1	0	1	22563	20382	42945	182184	257447	439631
"2015.09.18"	"Afghanistan"	"Arghandab"	8	0	8	22571	20382	42953	182192	257447	439639
"2015.09.18"	"Sudan"	"Umray"	4	3	7	22575	20385	42960	182196	257450	439646
"2015.09.18"	"Syria"	"Fua"	12	0	12	22587	20385	42972	182208	257450	439658
"2015.09.18"	"Dagestan"	"Khtun"	5	0	5	22592	20385	42977	182213	257450	439663
"2015.09.18"	"China"	"Aksu"	50	0	50	22642	20385	43027	182263	257450	439713
"2015.09.19"	"Afghanistan"	"Zarmat"	5	24	29	22647	20409	43056	182268	257474	439742
"2015.09.19"	"Egypt"	"al-Arish"	1	0	1	22648	20409	43057	182269	257474	439743
"2015.09.19"	"Mali"	"Bih"	4	0	4	22652	20409	43061	182273	257474	439747
"2015.09.19"	"Thailand"	"Pattani"	1	0	1	22653	20409	43062	182274	257474	439748
"2015.09.20"	"Nigeria"	"Ngorongoro"	6	0	6	22659	20409	43068	182280	257474	439754
"2015.09.20"	"Iraq"	"Mosul"	2	0	2	22661	20409	43070	182282	257474	439756
"2015.09.20"	"Pakistan"	"Swat"	1	0	1	22662	20409	43071	182283	257474	439757
"2015.09.20"	"Nigeria"	"Monguno"	45	60	105	22707	20469	43176	182328	257534	439862
"2015.09.20"	"Pakistan"	"Kandiwal"	2	0	2	22709	20469	43178	182330	257534	439864
"2015.09.20"	"Cameroon"	"Mora"	3	29	32	22712	20498	43210	182333	257563	439896
"2015.09.20"	"Syria"	"Aleppo"	14	25	39	22726	20523	43249	182347	257588	439935
"2015.09.20"	"Nigeria"	"Maiduguri"	85	90	175	22811	20613	43424	182432	257678	440110
"2015.09.20"	"Syria"	"Qaryatin"	1	0	1	22812	20613	43425	182433	257678	440111
"2015.09.21"	"Iraq"	"Baghdad"	2	7	9	22814	20620	43434	182435	257685	440120
"2015.09.21"	"Iraq"	"Tarmiya"	3	0	3	22817	20620	43437	182438	257685	440123
"2015.09.21"	"Iraq"	"Mosul"	1	0	1	22818	20620	43438	182439	257685	440124
"2015.09.21"	"Cameroon"	"Gouzoudou"	0	2	2	22818	20622	43440	182439	257687	440126
"2015.09.21"	"Syria"	"Sere Kaniye"	8	25	33	22826	20647	43473	182447	257712	440159
"2015.09.21"	"Iraq"	"Baghdad"	11	40	51	22837	20687	43524	182458	257752	440210
"2015.09.21"	"Somalia"	"Mogadishu"	5	12	17	22842	20699	43541	182463	257764	440227
"2015.09.21"	"Philippines"	"Sandah"	1	0	1	22843	20699	43542	182464	257764	440228
"2015.09.21"	"Syria"	"Rastan"	7	0	7	22850	20699	43549	182471	257764	440235
"2015.09.21"	"Syria"	"Hreitan"	3	0	3	22853	20699	43552	182474	257764	440238
"2015.09.22"	"Afghanistan"	"Qush Tepa"	10	0	10	22863	20699	43562	182484	257764	440248
"2015.09.22"	"Afghanistan"	"Dalwat Abad"	5	3	8	22868	20702	43570	182489	257767	440256
"2015.09.22"	"Iraq"	"Qayara"	5	0	5	22873	20702	43575	182494	257767	440261
"2015.09.23"	"Syria"	"Khacham"	1	0	1	22874	20702	43576	182495	257767	440262
"2015.09.23"	"Syria"	"al-Raee"	2	0	2	22876	20702	43578	182497	257767	440264
"2015.09.23"	"Pakistan"	"Karachi"	12	0	12	22888	20702	43590	182509	257767	440276
"2015.09.23"	"Afghanistan"	"Nokundi"	6	0	6	22894	20702	43596	182515	257767	440282
"2015.09.23"	"Niger"	"Allawa"	35	25	60	22929	20727	43656	182550	257792	440342
"2015.09.23"	"Syria"	"Damascus"	1	3	4	22930	20730	43660	182551	257795	440346
"2015.09.23"	"Syria"	"Homs"	1	12	13	22931	20742	43673	182552	257807	440359
"2015.09.23"	"Uganda"	"Kalampete"	1	0	1	22932	20742	43674	182553	257807	440360
"2015.09.23"	"Syria"	"Hasaka"	3	0	3	22935	20742	43677	182556	257807	440363
"2015.09.24"	"Pakistan"	"Hari Chand"	2	0	2	22937	20742	43679	182558	257807	440365
"2015.09.24"	"Yemen"	"Sanaa"	29	60	89	22966	20802	43768	182587	257867	440454
"2015.09.25"	"Niger"	"N'Gourtoua"	15	4	19	22981	20806	43787	182602	257871	440473
"2015.09.25"	"Saudi Arabia"	"al-Shamli"	3	0	3	22984	20806	43790	182605	257871	440476
"2015.09.25"	"Saudi Arabia"	"Marib"	2	0	2	22986	20806	43792	182607	257871	440478
"2015.09.25"	"Nigeria"	"Lokoja"	1	7	8	22987	20813	43800	182608	257878	440486
"2015.09.25"	"Mali"	"Yogodogi"	1	3	4	22988	20816	43804	182609	257881	440490
"2015.09.26"	"Nigeria"	"Madagali"	40	50	90	23028	20866	43894	182649	257931	440580
"2015.09.26"	"Egypt"	"Sinai"	2	16	18	23030	20882	43912	182651	257947	440598
"2015.09.26"	"Somalia"	"Kismayo"	4	3	7	23034	20885	43919	182655	257950	440605
"2015.09.26"	"Iraq"	"Mosul"	2	0	2	23036	20885	43921	182657	257950	440607
"2015.09.26"	"CAR"	"Bangui"	21	100	121	23057	20985	44042	182678	258050	440728
"2015.09.27"	"Pakistan"	"Khairkot"	9	51	60	23066	21036	44102	182687	258101	440788
"2015.09.27"	"Afghanistan"	"Chahar Burjak"	2	4	6	23068	21040	44108	182689	258105	440794
"2015.09.27"	"Afghanistan"	"Achin"	3	8	11	23071	21048	44119	182692	258113	440805
"2015.09.27"	"Nigeria"	"Mailari"	20	24	44	23091	21072	44163	182712	258137	440849
"2015.09.28"	"Bangladesh"	"Dhaka"	1	0	1	23092	21072	44164	182713	258137	440850
"2015.09.28"	"Pakistan"	"Punjab"	2	0	2	23094	21072	44166	182715	258137	440852
"2015.09.28"	"Iraq"	"Baghdad"	4	11	15	23098	21083	44181	182719	258148	440867
"2015.09.28"	"Iraq"	"Khalidiya"	6	0	6	23104	21083	44187	182725	258148	440873
"2015.09.28"	"Iraq"	"Garma"	7	10	17	23111	21093	44204	182732	258158	440890
"2015.09.28"	"Iraq"	"Fallujah"	12	0	12	23123	21093	44216	182744	258158	440902
"2015.09.28"	"Afghanistan"	"Kunduz"	30	200	230	23153	21293	44446	182774	258358	441132
"2015.09.29"	"Denmark"	"Copenhagen"	0	1	1	23153	21294	44447	182774	258359	441133
"2015.09.29"	"Iraq"	"Awenat"	7	1	8	23160	21295	44455	182781	258360	441141
"2015.09.29"	"Pakistan"	"Omar Kalay"	3	4	7	23163	21299	44462	182784	258364	441148
"2015.09.29"	"Pakistan"	"Piran"	1	1	2	23164	21300	44464	182785	258365	441150
"2015.09.29"	"Syria"	"Homs"	30	0	30	23194	21300	44494	182815	258365	441180
"2015.09.29"	"Egypt"	"Giza"	1	2	3	23195	21302	44497	182816	258367	441183
"2015.09.29"	"Syria"	"Raqqa"	3	0	3	23198	21302	44500	182819	258367	441186
"2015.09.29"	"Thailand"	"Bannang Sata"	1	0	1	23199	21302	44501	182820	258367	441187
"2015.09.29"	"Iraq"	"Tarmiyah"	7	16	23	23206	21318	44524	182827	258383	441210
"2015.09.30"	"Nigeria"	"Adamawa"	4	0	4	23210	21318	44528	182831	258383	441214
"2015.09.30"	"Iraq"	"Kirkuk"	10	0	10	23220	21318	44538	182841	258383	441224
"2015.09.30"	"Iraq"	"Jeraishi"	13	15	28	23233	21333	44566	182854	258398	441252
"2015.09.30"	"Pakistan"	"Liaquatabad"	1	0	1	23234	21333	44567	182855	258398	441253
"2015.09.30"	"Egypt"	"Obour"	1	0	1	23235	21333	44568	182856	258398	441254
"2015.09.30"	"Thailand"	"Tak Bai"	2	0	2	23237	21333	44570	182858	258398	441256
"2015.10.01"	"Iraq"	"Baghdad"	1	6	7	23238	21339	44577	182859	258404	441263
"2015.10.01"	"Philippines"	"Basilan"	4	23	27	23242	21362	44604	182863	258427	441290
"2015.10.01"	"Nigeria"	"Kirchinga"	7	0	7	23249	21362	44611	182870	258427	441297
"2015.10.01"	"Israel"	"Beit Furik"	2	0	2	23251	21362	44613	182872	258427	441299
"2015.10.01"	"Yemen"	"Aden"	1	0	1	23252	21362	44614	182873	258427	441300
"2015.10.01"	"Pakistan"	"Kanju"	1	0	1	23253	21362	44615	182874	258427	441301
"2015.10.02"	"India"	"Bareilly"	1	0	1	23254	21362	44616	182875	258427	441302
"2015.10.02"	"Australia"	"Sydney"	1	0	1	23255	21362	44617	182876	258427	441303
"2015.10.02"	"Nigeria"	"Abuja"	18	41	59	23273	21403	44676	182894	258468	441362
"2015.10.02"	"Nigeria"	"Maiduguri"	14	29	43	23287	21432	44719	182908	258497	441405
"2015.10.02"	"Niger"	"Barwa"	2	4	6	23289	21436	44725	182910	258501	441411
"2015.10.02"	"Libya"	"Es Sider"	1	2	3	23290	21438	44728	182911	258503	441414
"2015.10.02"	"Yemen"	"Taiz"	1	0	1	23291	21438	44729	182912	258503	441415
"2015.10.03"	"Bangladesh"	"Kownia"	1	0	1	23292	21438	44730	182913	258503	441416
"2015.10.03"	"Israel"	"Jerusalem"	2	2	4	23294	21440	44734	182915	258505	441420
"2015.10.03"	"Iraq"	"Baghdad"	24	61	85	23318	21501	44819	182939	258566	441505
"2015.10.03"	"Thailand"	"Yala"	2	0	2	23320	21501	44821	182941	258566	441507
"2015.10.03"	"Thailand"	"Yala"	1	0	1	23321	21501	44822	182942	258566	441508
"2015.10.03"	"Syria"	"Yilda"	5	0	5	23326	21501	44827	182947	258566	441513
"2015.10.04"	"Egypt"	"al-Arish"	2	0	2	23328	21501	44829	182949	258566	441515
"2015.10.04"	"Afghanistan"	"Maimana"	7	0	7	23335	21501	44836	182956	258566	441522
"2015.10.04"	"Iraq"	"Tharthar"	70	0	70	23405	21501	44906	183026	258566	441592
"2015.10.04"	"Niger"	"Diffa"	6	4	10	23411	21505	44916	183032	258570	441602
"2015.10.04"	"Pakistan"	"Nala Tochi"	1	1	2	23412	21506	44918	183033	258571	441604
"2015.10.05"	"Iraq"	"Kbeibah"	4	0	4	23416	21506	44922	183037	258571	441608
"2015.10.05"	"India"	"Hadwara"	4	0	4	23420	21506	44926	183041	258571	441612
"2015.10.05"	"Yemen"	"Aden"	15	0	15	23435	21506	44941	183056	258571	441627
"2015.10.05"	"Pakistan"	"Gulistan-i-Jauhar"	1	0	1	23436	21506	44942	183057	258571	441628
"2015.10.05"	"Philippines"	"Banguingi"	4	2	6	23440	21508	44948	183061	258573	441634
"2015.10.05"	"Iraq"	"Mosul"	2	0	2	23442	21508	44950	183063	258573	441636
"2015.10.05"	"Iraq"	"al-Khales"	35	58	93	23477	21566	45043	183098	258631	441729
"2015.10.05"	"Iraq"	"Basra"	10	25	35	23487	21591	45078	183108	258656	441764
"2015.10.05"	"Iraq"	"Baghdad"	14	25	39	23501	21616	45117	183122	258681	441803
"2015.10.05"	"Afghanistan"	"Nangarhar"	1	0	1	23502	21616	45118	183123	258681	441804
"2015.10.05"	"Afghanistan"	"Kabul"	0	11	11	23502	21627	45129	183123	258692	441815
"2015.10.05"	"Bangladesh"	"Pabna"	0	1	1	23502	21628	45130	183123	258693	441816
"2015.10.06"	"Iraq"	"Mosul"	6	0	6	23508	21628	45136	183129	258693	441822
"2015.10.06"	"Iraq"	"Baghdad"	2	4	6	23510	21632	45142	183131	258697	441828
"2015.10.06"	"Syria"	"Aleppo"	2	1	3	23512	21633	45145	183133	258698	441831
"2015.10.06"	"Thailand"	"Yala"	1	0	1	23513	21633	45146	183134	258698	441832
"2015.10.06"	"Thailand"	"Kam Cham"	1	1	2	23514	21634	45148	183135	258699	441834
"2015.10.06"	"Chad"	"Kaiga Ngouboua"	11	13	24	23525	21647	45172	183146	258712	441858
"2015.10.06"	"Yemen"	"Sanaa"	7	0	7	23532	21647	45179	183153	258712	441865
"2015.10.07"	"Iraq"	"Baghdad"	2	8	10	23534	21655	45189	183155	258720	441875
"2015.10.07"	"Iraq"	"Ridhwaniya"	5	16	21	23539	21671	45210	183160	258736	441896
"2015.10.07"	"Nigeria"	"Gubio"	12	0	12	23551	21671	45222	183172	258736	441908
"2015.10.07"	"Afghanistan"	"Bati Kot"	1	0	1	23552	21671	45223	183173	258736	441909
"2015.10.07"	"Nigeria"	"Damaturu"	7	5	12	23559	21676	45235	183180	258741	441921
"2015.10.07"	"Nigeria"	"Damaturu"	9	5	14	23568	21681	45249	183189	258746	441935
"2015.10.07"	"Nigeria"	"Damaturu"	1	5	6	23569	21686	45255	183190	258751	441941
"2015.10.07"	"Germany"	"Dessau"	1	0	1	23570	21686	45256	183191	258751	441942
"2015.10.07"	"India"	"Bandipora"	1	0	1	23571	21686	45257	183192	258751	441943
"2015.10.07"	"Somalia"	"Mogadishu"	2	0	2	23573	21686	45259	183194	258751	441945
"2015.10.07"	"Syria"	"Aleppo"	1	0	1	23574	21686	45260	183195	258751	441946
"2015.10.08"	"Iraq"	"Baghdad"	2	6	8	23576	21692	45268	183197	258757	441954
"2015.10.08"	"Iraq"	"Mosul"	4	0	4	23580	21692	45272	183201	258757	441958
"2015.10.08"	"Pakistan"	"Peshawar"	1	2	3	23581	21694	45275	183202	258759	441961
"2015.10.08"	"Thailand"	"Nong Chik"	2	0	2	23583	21694	45277	183204	258759	441963
"2015.10.08"	"Syria"	"Aleppo"	5	0	5	23588	21694	45282	183209	258759	441968
"2015.10.08"	"Israel"	"Tel Aviv"	0	8	8	23588	21702	45290	183209	258767	441976
"2015.10.09"	"Pakistan"	"Okara"	1	2	3	23589	21704	45293	183210	258769	441979
"2015.10.09"	"Afghanistan"	"Baraki Barak"	3	4	7	23592	21708	45300	183213	258773	441986
"2015.10.09"	"Mali"	"Dounapen"	3	0	3	23595	21708	45303	183216	258773	441989
"2015.10.09"	"Afghanistan"	"Kabul"	1	3	4	23596	21711	45307	183217	258776	441993
"2015.10.09"	"Iraq"	"Diyala"	35	45	80	23631	21756	45387	183252	258821	442073
"2015.10.09"	"Burkina Faso"	"Samorogouan"	3	0	3	23634	21756	45390	183255	258821	442076
"2015.10.10"	"Iraq"	"Fallujah"	3	12	15	23637	21768	45405	183258	258833	442091
"2015.10.10"	"Turkey"	"Ankara"	97	246	343	23734	22014	45748	183355	259079	442434
"2015.10.10"	"Iraq"	"Baghdad"	3	7	10	23737	22021	45758	183358	259086	442444
"2015.10.10"	"Iraq"	"Baghdad"	2	9	11	23739	22030	45769	183360	259095	442455
"2015.10.10"	"Chad"	"Baga Sola"	41	48	89	23780	22078	45858	183401	259143	442544
"2015.10.10"	"Yemen"	"Mayfaa"	4	0	4	23784	22078	45862	183405	259143	442548
"2015.10.10"	"Nigeria"	"Chibok"	4	20	24	23788	22098	45886	183409	259163	442572
"2015.10.11"	"Iraq"	"Baghdad"	4	12	16	23792	22110	45902	183413	259175	442588
"2015.10.11"	"Iraq"	"Mahmudiya"	3	20	23	23795	22130	45925	183416	259195	442611
"2015.10.11"	"Cameroon"	"Mora"	11	29	40	23806	22159	45965	183427	259224	442651
"2015.10.11"	"Israel"	"Gan Shmuel"	0	9	9	23806	22168	45974	183427	259233	442660
"2015.10.11"	"Kyrgyzstan"	"Bishkek"	3	0	3	23809	22168	45977	183430	259233	442663
"2015.10.12"	"Iraq"	"Mosul"	1	0	1	23810	22168	45978	183431	259233	442664
"2015.10.12"	"Tunisia"	"Kasserine"	3	4	7	23813	22172	45985	183434	259237	442671
"2015.10.12"	"Iraq"	"Mudheij"	9	8	17	23822	22180	46002	183443	259245	442688
"2015.10.12"	"DRC"	"Mukoko"	8	0	8	23830	22180	46010	183451	259245	442696
"2015.10.12"	"Afghanistan"	"Kandahar"	1	0	1	23831	22180	46011	183452	259245	442697
"2015.10.12"	"Iraq"	"Hawija"	10	0	10	23841	22180	46021	183462	259245	442707
"2015.10.13"	"Iraq"	"Mosul"	25	0	25	23866	22180	46046	183487	259245	442732
"2015.10.13"	"Mali"	"Gossi"	6	0	6	23872	22180	46052	183493	259245	442738
"2015.10.13"	"Indonesia"	"Singkil"	1	4	5	23873	22184	46057	183494	259249	442743
"2015.10.13"	"Nigeria"	"Maiduguri"	4	11	15	23877	22195	46072	183498	259260	442758
"2015.10.13"	"Israel"	"Jerusalem"	2	8	10	23879	22203	46082	183500	259268	442768
"2015.10.13"	"Israel"	"Jerusalem"	3	15	18	23882	22218	46100	183503	259283	442786
"2015.10.13"	"Iraq"	"Tel Abyad"	1	1	2	23883	22219	46102	183504	259284	442788
"2015.10.14"	"Egypt"	"al-Arish"	2	6	8	23885	22225	46110	183506	259290	442796
"2015.10.14"	"India"	"Krishna Ghati"	1	3	4	23886	22228	46114	183507	259293	442800
"2015.10.14"	"Pakistan"	"Dera Ghazi Khan"	7	13	20	23893	22241	46134	183514	259306	442820
"2015.10.14"	"Afghanistan"	"Qalami Kariz"	29	0	29	23922	22241	46163	183543	259306	442849
"2015.10.14"	"Syria"	"Aleppo"	1	0	1	23923	22241	46164	183544	259306	442850
"2015.10.14"	"Iraq"	"Sadr City"	2	9	11	23925	22250	46175	183546	259315	442861
"2015.10.15"	"Iraq"	"Yusufiya"	1	4	5	23926	22254	46180	183547	259319	442866
"2015.10.15"	"Iraq"	"Mosul"	5	0	5	23931	22254	46185	183552	259319	442871
"2015.10.15"	"Nigeria"	"Maiduguri"	42	9	51	23973	22263	46236	183594	259328	442922
"2015.10.16"	"Syria"	"al-Basira"	1	0	1	23974	22263	46237	183595	259328	442923
"2015.10.16"	"Saudi Arabia"	"Saihat"	5	4	9	23979	22267	46246	183600	259332	442932
"2015.10.16"	"Nigeria"	"Umari"	22	14	36	24001	22281	46282	183622	259346	442968
"2015.10.16"	"Yemen"	"Hodaida"	12	0	12	24013	22281	46294	183634	259346	442980
"2015.10.16"	"Iraq"	"Youssifiyah"	3	9	12	24016	22290	46306	183637	259355	442992
"2015.10.16"	"Iraq"	"Tarmiyah"	4	12	16	24020	22302	46322	183641	259367	443008
"2015.10.16"	"Iran"	"Dezful"	2	2	4	24022	22304	46326	183643	259369	443012
"2015.10.16"	"Nigeria"	"Molai"	7	17	24	24029	22321	46350	183650	259386	443036
"2015.10.17"	"Iraq"	"Mosul"	2	0	2	24031	22321	46352	183652	259386	443038
"2015.10.17"	"Egypt"	"al-Arish"	2	0	2	24033	22321	46354	183654	259386	443040
"2015.10.17"	"Libya"	"Ajdabiya"	1	1	2	24034	22322	46356	183655	259387	443042
"2015.10.18"	"Israel"	"Be-er Sheva"	1	10	11	24035	22332	46367	183656	259397	443053
"2015.10.18"	"Afghanistan"	"Ghormach"	20	25	45	24055	22357	46412	183676	259422	443098
"2015.10.18"	"Iraq"	"Ramadi"	1	0	1	24056	22357	46413	183677	259422	443099
"2015.10.18"	"Iraq"	"Mosul"	3	0	3	24059	22357	46416	183680	259422	443102
"2015.10.19"	"Nigeria"	"Mile 40 Village"	5	1	6	24064	22358	46422	183685	259423	443108
"2015.10.19"	"Uganda"	"Kalampete"	1	0	1	24065	22358	46423	183686	259423	443109
"2015.10.19"	"Thailand"	"Pattani"	2	5	7	24067	22363	46430	183688	259428	443116
"2015.10.19"	"Nigeria"	"Dar"	11	34	45	24078	22397	46475	183699	259462	443161
"2015.10.19"	"Syria"	"Aleppo"	2	1	3	24080	22398	46478	183701	259463	443164
"2015.10.19"	"Syria"	"Derna"	2	0	2	24082	22398	46480	183703	259463	443166
"2015.10.19"	"Libya"	"Cyrenaica"	1	0	1	24083	22398	46481	183704	259463	443167
"2015.10.19"	"Thailand"	"Pattani"	2	5	7	24085	22403	46488	183706	259468	443174
"2015.10.19"	"Iraq"	"Ghazaliya"	2	8	10	24087	22411	46498	183708	259476	443184
"2015.10.19"	"Iraq"	"Baghdad"	3	6	9	24090	22417	46507	183711	259482	443193
"2015.10.20"	"Israel"	"Hebron"	1	0	1	24091	22417	46508	183712	259482	443194
"2015.10.20"	"Thailand"	"Narathiwat"	1	0	1	24092	22417	46509	183713	259482	443195
"2015.10.20"	"Iraq"	"Taji"	3	7	10	24095	22424	46519	183716	259489	443205
"2015.10.20"	"Iraq"	"Hawija"	18	0	18	24113	22424	46537	183734	259489	443223
"2015.10.21"	"Iraq"	"Hawija"	4	0	4	24117	22424	46541	183738	259489	443227
"2015.10.21"	"Nigeria"	"Jingalta"	20	0	20	24137	22424	46561	183758	259489	443247
"2015.10.21"	"Afghanistan"	"Spin Boldak"	2	3	5	24139	22427	46566	183760	259492	443252
"2015.10.21"	"Cameroon"	"Daoulo"	8	9	17	24147	22436	46583	183768	259501	443269
"2015.10.21"	"Yemen"	"Taiz"	22	30	52	24169	22466	46635	183790	259531	443321
"2015.10.21"	"Niger"	"Diffa"	2	3	5	24171	22469	46640	183792	259534	443326
"2015.10.21"	"Egypt"	"Sheikh Zuweid"	3	0	3	24174	22469	46643	183795	259534	443329
"2015.10.22"	"Afghanistan"	"Ghormach"	13	0	13	24187	22469	46656	183808	259534	443342
"2015.10.22"	"Iraq"	"Tuz Khormato"	3	36	39	24190	22505	46695	183811	259570	443381
"2015.10.22"	"Iraq"	"Baghdad"	6	17	23	24196	22522	46718	183817	259587	443404
"2015.10.22"	"Afghanistan"	"Jaghato"	2	0	2	24198	22522	46720	183819	259587	443406
"2015.10.22"	"Pakistan"	"Bolan"	12	21	33	24210	22543	46753	183831	259608	443439
"2015.10.22"	"Iraq"	"Hawija"	4	0	4	24214	22543	46757	183835	259608	443443
"2015.10.23"	"Iraq"	"Mosul"	2	0	2	24216	22543	46759	183837	259608	443445
"2015.10.23"	"Iraq"	"Khalediya"	1	6	7	24217	22549	46766	183838	259614	443452
"2015.10.23"	"Nigeria"	"Maiduguri"	19	60	79	24236	22609	46845	183857	259674	443531
"2015.10.23"	"Pakistan"	"Jacobabad"	22	40	62	24258	22649	46907	183879	259714	443593
"2015.10.23"	"Libya"	"Benghazi"	12	39	51	24270	22688	46958	183891	259753	443644
"2015.10.23"	"Pakistan"	"Swabi"	2	0	2	24272	22688	46960	183893	259753	443646
"2015.10.23"	"Nigeria"	"Yola"	33	56	89	24305	22744	47049	183926	259809	443735
"2015.10.24"	"Thailand"	"Narathiwat"	1	0	1	24306	22744	47050	183927	259809	443736
"2015.10.24"	"Iraq"	"Jeraishi"	5	12	17	24311	22756	47067	183932	259821	443753
"2015.10.24"	"Iraq"	"Baqubah"	1	0	1	24312	22756	47068	183933	259821	443754
"2015.10.24"	"France"	"Marseille"	0	2	2	24312	22758	47070	183933	259823	443756
"2015.10.24"	"Bangladesh"	"Dhaka"	2	87	89	24314	22845	47159	183935	259910	443845
"2015.10.24"	"Nigeria"	"Maiduguri"	3	6	9	24317	22851	47168	183938	259916	443854
"2015.10.24"	"Egypt"	"al-Arish"	3	8	11	24320	22859	47179	183941	259924	443865
"2015.10.24"	"Egypt"	"Giza"	0	4	4	24320	22863	47183	183941	259928	443869
"2015.10.25"	"Syria"	"Asharah"	2	0	2	24322	22863	47185	183943	259928	443871
"2015.10.25"	"Syria"	"Aleppo"	3	3	6	24325	22866	47191	183946	259931	443877
"2015.10.25"	"Syria"	"Homs"	1	0	1	24326	22866	47192	183947	259931	443878
"2015.10.25"	"Egypt"	"al-Arish"	1	0	1	24327	22866	47193	183948	259931	443879
"2015.10.25"	"Iraq"	"Aziz"	10	7	17	24337	22873	47210	183958	259938	443896
"2015.10.25"	"Iraq"	"Albu Eitha"	15	27	42	24352	22900	47252	183973	259965	443938
"2015.10.25"	"Iraq"	"Tarmiya"	2	9	11	24354	22909	47263	183975	259974	443949
"2015.10.26"	"CAR"	"Bangui"	3	0	3	24357	22909	47266	183978	259974	443952
"2015.10.26"	"Iraq"	"Baghdad"	7	23	30	24364	22932	47296	183985	259997	443982
"2015.10.26"	"Afghanistan"	"Jalalabad"	2	6	8	24366	22938	47304	183987	260003	443990
"2015.10.26"	"Saudi Arabia"	"Najran"	2	25	27	24368	22963	47331	183989	260028	444017
"2015.10.26"	"Yemen"	"Aden"	2	5	7	24370	22968	47338	183991	260033	444024
"2015.10.26"	"Syria"	"Palmyra"	3	0	3	24373	22968	47341	183994	260033	444027
"2015.10.26"	"Iraq"	"Madaen"	2	9	11	24375	22977	47352	183996	260042	444038
"2015.10.26"	"Iraq"	"Husseiniyah"	2	0	2	24377	22977	47354	183998	260042	444040
"2015.10.26"	"Israel"	"Kiryat Arba"	0	1	1	24377	22978	47355	183998	260043	444041
"2015.10.26"	"Turkey"	"Diyarbakir"	2	5	7	24379	22983	47362	184000	260048	444048
"2015.10.27"	"Iraq"	"Thar Thar"	2	10	12	24381	22993	47374	184002	260058	444060
"2015.10.27"	"Iraq"	"Shirqat"	10	0	10	24391	22993	47384	184012	260058	444070
"2015.10.27"	"Pakistan"	"Angoor Adda"	7	3	10	24398	22996	47394	184019	260061	444080
"2015.10.27"	"Syria"	"Deir-ez-Zor"	2	0	2	24400	22996	47396	184021	260061	444082
"2015.10.28"	"Iraq"	"Ghabat"	30	0	30	24430	22996	47426	184051	260061	444112
"2015.10.28"	"Iraq"	"Abbasiya"	10	0	10	24440	22996	47436	184061	260061	444122
"2015.10.28"	"Afghanistan"	"Sayid Karam"	4	0	4	24444	22996	47440	184065	260061	444126
"2015.10.28"	"Iraq"	"al-Hadba"	17	0	17	24461	22996	47457	184082	260061	444143
"2015.10.28"	"Bangladesh"	"Feni"	1	0	1	24462	22996	47458	184083	260061	444144
"2015.10.28"	"Niger"	"Ala"	14	3	17	24476	22999	47475	184097	260064	444161
"2015.10.28"	"Afghanistan"	"Darqand"	4	0	4	24480	22999	47479	184101	260064	444165
"2015.10.28"	"India"	"Bhutoo"	3	0	3	24483	22999	47482	184104	260064	444168
"2015.10.28"	"Iraq"	"Qayara"	3	0	3	24486	22999	47485	184107	260064	444171
"2015.10.28"	"Libya"	"Banghazi"	3	0	3	24489	22999	47488	184110	260064	444174
"2015.10.29"	"Iraq"	"Talsaqif"	12	10	22	24501	23009	47510	184122	260074	444196
"2015.10.29"	"Libya"	"Ajdabiya"	1	0	1	24502	23009	47511	184123	260074	444197
"2015.10.29"	"Iraq"	"Baghdad"	26	40	66	24528	23049	47577	184149	260114	444263
"2015.10.30"	"Turkey"	"Sanliurfa"	2	0	2	24530	23049	47579	184151	260114	444265
"2015.10.30"	"Iraq"	"al-Furat"	4	0	4	24534	23049	47583	184155	260114	444269
"2015.10.31"	"Nigeria"	"Itu"	2	0	2	24536	23049	47585	184157	260114	444271
"2015.10.31"	"Iraq"	"Mosul"	12	0	12	24548	23049	47597	184169	260114	444283
"2015.10.31"	"Pakistan"	"Karachi"	1	0	1	24549	23049	47598	184170	260114	444284
"2015.10.31"	"Egypt"	"Sinai"	224	0	224	24773	23049	47822	184394	260114	444508
"2015.10.31"	"Bangladesh"	"Lalmatia"	0	3	3	24773	23052	47825	184394	260117	444511
"2015.10.31"	"Bangladesh"	"Shahbagh"	1	0	1	24774	23052	47826	184395	260117	444512
"2015.10.31"	"Afghanistan"	"Achin"	6	4	10	24780	23056	47836	184401	260121	444522
"2015.10.31"	"Egypt"	"al-Arish"	1	6	7	24781	23062	47843	184402	260127	444529
"2015.10.31"	"Yemen"	"Aden"	2	0	2	24783	23062	47845	184404	260127	444531
"2015.11.01"	"Syria"	"Maheen"	50	0	50	24833	23062	47895	184454	260127	444581
"2015.11.01"	"Chad"	"Bougouma"	3	14	17	24836	23076	47912	184457	260141	444598
"2015.11.01"	"Somalia"	"Mogadishu"	12	10	22	24848	23086	47934	184469	260151	444620
"2015.11.01"	"Iraq"	"Mosul"	3	0	3	24851	23086	47937	184472	260151	444623
"2015.11.01"	"Pakistan"	"Rana Deray"	1	0	1	24852	23086	47938	184473	260151	444624
"2015.11.02"	"Iraq"	"Badush"	3	0	3	24855	23086	47941	184476	260151	444627
"2015.11.02"	"Iraq"	"Mahmoudiya"	2	6	8	24857	23092	47949	184478	260157	444635
"2015.11.02"	"Syria"	"Homs"	3	0	3	24860	23092	47952	184481	260157	444638
"2015.11.02"	"Afghanistan"	"Ghor"	1	0	1	24861	23092	47953	184482	260157	444639
"2015.11.02"	"Israel"	"Rishon Lezion"	0	3	3	24861	23095	47956	184482	260160	444642
"2015.11.02"	"Somalia"	"Walaweyn"	15	15	30	24876	23110	47986	184497	260175	444672
"2015.11.02"	"India"	"Bharuch"	2	0	2	24878	23110	47988	184499	260175	444674
"2015.11.03"	"Afghanistan"	"Tank"	1	0	1	24879	23110	47989	184500	260175	444675
"2015.11.03"	"Pakistan"	"Salarzai"	1	2	3	24880	23112	47992	184501	260177	444678
"2015.11.03"	"Syria"	"Harasta"	1	0	1	24881	23112	47993	184502	260177	444679
"2015.11.03"	"Iraq"	"Dibis"	4	15	19	24885	23127	48012	184506	260192	444698
"2015.11.04"	"Iraq"	"Tal Afar"	2	0	2	24887	23127	48014	184508	260192	444700
"2015.11.04"	"Syria"	"Mayadeen"	3	0	3	24890	23127	48017	184511	260192	444703
"2015.11.04"	"Bangladesh"	"Ashulia"	1	1	2	24891	23128	48019	184512	260193	444705
"2015.11.04"	"Egypt"	"al-Arish"	5	10	15	24896	23138	48034	184517	260203	444720
"2015.11.04"	"Iraq"	"Baghdad"	3	14	17	24899	23152	48051	184520	260217	444737
"2015.11.04"	"Syria"	"Hassakeh"	2	0	2	24901	23152	48053	184522	260217	444739
"2015.11.04"	"Afghanistan"	"Shah Joy"	1	0	1	24902	23152	48054	184523	260217	444740
"2015.11.04"	"USA"	"Merced"	0	4	4	24902	23156	48058	184523	260221	444744
"2015.11.05"	"Lebanon"	"Arsal"	5	15	20	24907	23171	48078	184528	260236	444764
"2015.11.05"	"Iraq"	"Baghdad"	2	6	8	24909	23177	48086	184530	260242	444772
"2015.11.06"	"Afghanistan"	"Shamir"	1	0	1	24910	23177	48087	184531	260242	444773
"2015.11.06"	"Pakistan"	"Quetta"	1	1	2	24911	23178	48089	184532	260243	444775
"2015.11.06"	"Iraq"	"Baghdad"	3	9	12	24914	23187	48101	184535	260252	444787
"2015.11.06"	"Iraq"	"Maidan"	2	5	7	24916	23192	48108	184537	260257	444794
"2015.11.06"	"Libya"	"Ajdabiya"	1	0	1	24917	23192	48109	184538	260257	444795
"2015.11.06"	"Iraq"	"Yusufiya"	1	2	3	24918	23194	48112	184539	260259	444798
"2015.11.07"	"Pakistan"	"Quetta"	2	0	2	24920	23194	48114	184541	260259	444800
"2015.11.07"	"Iraq"	"Albu Haiyat"	5	12	17	24925	23206	48131	184546	260271	444817
"2015.11.07"	"Iraq"	"Tarmiya"	6	0	6	24931	23206	48137	184552	260271	444823
"2015.11.07"	"Iraq"	"Baghdad"	3	15	18	24934	23221	48155	184555	260286	444841
"2015.11.08"	"Yemen"	"Sanaa"	16	6	22	24950	23227	48177	184571	260292	444863
"2015.11.08"	"Iraq"	"Sadr City"	7	20	27	24957	23247	48204	184578	260312	444890
"2015.11.08"	"Iraq"	"Baghdad"	2	8	10	24959	23255	48214	184580	260320	444900
"2015.11.08"	"Syria"	"Aleppo"	4	3	7	24963	23258	48221	184584	260323	444907
"2015.11.08"	"Chad"	"Ngouboua"	3	12	15	24966	23270	48236	184587	260335	444922
"2015.11.08"	"Afghanistan"	"Rasani"	7	0	7	24973	23270	48243	184594	260335	444929
"2015.11.09"	"Iraq"	"Mosul"	3	0	3	24976	23270	48246	184597	260335	444932
"2015.11.09"	"Cameroon"	"Fotokol"	3	20	23	24979	23290	48269	184600	260355	444955
"2015.11.09"	"Israel"	"Hilhul Junction"	1	6	7	24980	23296	48276	184601	260361	444962
"2015.11.09"	"Jordan"	"Amman"	5	4	9	24985	23300	48285	184606	260365	444971
"2015.11.09"	"Pakistan"	"Karachi"	1	3	4	24986	23303	48289	184607	260368	444975
"2015.11.09"	"CAR"	"Ndassima"	10	8	18	24996	23311	48307	184617	260376	444993
"2015.11.10"	"Afghanistan"	"Khak-i-Afghan"	2	0	2	24998	23311	48309	184619	260376	444995
"2015.11.10"	"Iraq"	"Baghdad"	3	8	11	25001	23319	48320	184622	260384	445006
"2015.11.10"	"Iraq"	"Hussainiyah"	4	7	11	25005	23326	48331	184626	260391	445017
"2015.11.10"	"Syria"	"Latakia"	23	65	88	25028	23391	48419	184649	260456	445105
"2015.11.10"	"Iraq"	"Shaab"	2	7	9	25030	23398	48428	184651	260463	445114
"2015.11.10"	"Pakistan"	"Guddu"	2	0	2	25032	23398	48430	184653	260463	445116
"2015.11.10"	"Iraq"	"Dora"	2	0	2	25034	23398	48432	184655	260463	445118
"2015.11.10"	"India"	"Madikeri"	1	20	21	25035	23418	48453	184656	260483	445139
"2015.11.10"	"Yemen"	"Sanaa"	1	0	1	25036	23418	48454	184657	260483	445140
"2015.11.11"	"Iraq"	"Tarmiya"	2	4	6	25038	23422	48460	184659	260487	445146
"2015.11.11"	"Iraq"	"Ekreshat"	22	0	22	25060	23422	48482	184681	260487	445168
"2015.11.11"	"Iraq"	"Baiji"	13	0	13	25073	23422	48495	184694	260487	445181
"2015.11.11"	"Niger"	"Bossa"	5	0	5	25078	23422	48500	184699	260487	445186
"2015.11.11"	"Egypt"	"Harhor"	8	1	9	25086	23423	48509	184707	260488	445195
"2015.11.12"	"Thailand"	"Pattani"	4	4	8	25090	23427	48517	184711	260492	445203
"2015.11.12"	"CAR"	"Bandambou"	6	0	6	25096	23427	48523	184717	260492	445209
"2015.11.12"	"Syria"	"al-Heisha"	4	0	4	25100	23427	48527	184721	260492	445213
"2015.11.12"	"Italy"	"Milan"	0	1	1	25100	23428	48528	184721	260493	445214
"2015.11.12"	"Lebanon"	"Beirut"	43	240	283	25143	23668	48811	184764	260733	445497
"2015.11.12"	"Jordan"	"Irbid"	2	0	2	25145	23668	48813	184766	260733	445499
"2015.11.13"	"Tunisia"	"Sawar Soultaniya"	1	0	1	25146	23668	48814	184767	260733	445500
"2015.11.13"	"France"	"Paris"	19	9	28	25165	23677	48842	184786	260742	445528
"2015.11.13"	"France"	"Paris"	0	3	3	25165	23680	48845	184786	260745	445531
"2015.11.13"	"France"	"Paris"	1	0	1	25166	23680	48846	184787	260745	445532
"2015.11.13"	"France"	"Paris"	15	10	25	25181	23690	48871	184802	260755	445557
"2015.11.13"	"France"	"Paris"	5	8	13	25186	23698	48884	184807	260763	445570
"2015.11.13"	"France"	"Paris"	89	322	411	25275	24020	49295	184896	261085	445981
"2015.11.13"	"Yemen"	"Shibam"	3	14	17	25278	24034	49312	184899	261099	445998
"2015.11.13"	"Iraq"	"Baghdad"	21	46	67	25299	24080	49379	184920	261145	446065
"2015.11.13"	"Iraq"	"Sadr City"	5	15	20	25304	24095	49399	184925	261160	446085
"2015.11.13"	"Israel"	"Otniel"	2	5	7	25306	24100	49406	184927	261165	446092
"2015.11.14"	"Iraq"	"Tal Afar"	20	0	20	25326	24100	49426	184947	261165	446112
"2015.11.14"	"Somalia"	"Kismayo"	15	25	40	25341	24125	49466	184962	261190	446152
"2015.11.14"	"Pakistan"	"Karachi"	2	0	2	25343	24125	49468	184964	261190	446154
"2015.11.14"	"Iraq"	"Mosul"	1	0	1	25344	24125	49469	184965	261190	446155
"2015.11.14"	"Iraq"	"Sinjar"	78	0	78	25422	24125	49547	185043	261190	446233
"2015.11.14"	"Yemen"	"Mahwit"	1	0	1	25423	24125	49548	185044	261190	446234
"2015.11.14"	"Iraq"	"Mandali"	1	1	2	25424	24126	49550	185045	261191	446236
"2015.11.15"	"Iraq"	"Tuz Khormato"	1	0	1	25425	24126	49551	185046	261191	446237
"2015.11.15"	"Iraq"	"Ameriyat al-Fallujah"	3	5	8	25428	24131	49559	185049	261196	446245
"2015.11.15"	"Iraq"	"Baghdad"	7	15	22	25435	24146	49581	185056	261211	446267
"2015.11.15"	"Pakistan"	"Gulshan-e-Iqbal"	2	0	2	25437	24146	49583	185058	261211	446269
"2015.11.15"	"Turkey"	"Gaziantep"	0	5	5	25437	24151	49588	185058	261216	446274
"2015.11.15"	"Afghanistan"	"Lashkar Gah"	1	12	13	25438	24163	49601	185059	261228	446287
"2015.11.15"	"Iraq"	"Sinjar"	70	0	70	25508	24163	49671	185129	261228	446357
"2015.11.15"	"Syria"	"Jamleh"	7	0	7	25515	24163	49678	185136	261228	446364
"2015.11.16"	"Iraq"	"Nineveh"	45	0	45	25560	24163	49723	185181	261228	446409
"2015.11.16"	"Iraq"	"Baghdad"	2	8	10	25562	24171	49733	185183	261236	446419
"2015.11.16"	"Yemen"	"Mocha"	44	0	44	25606	24171	49777	185227	261236	446463
"2015.11.17"	"Iraq"	"Tuz Khurmatu"	1	0	1	25607	24171	49778	185228	261236	446464
"2015.11.17"	"Philippines"	"Jolo"	1	0	1	25608	24171	49779	185229	261236	446465
"2015.11.17"	"Nigeria"	"Yola"	34	80	114	25642	24251	49893	185263	261316	446579
"2015.11.17"	"Iraq"	"Taji"	2	8	10	25644	24259	49903	185265	261324	446589
"2015.11.18"	"Iraq"	"Mahmoudiya"	2	6	8	25646	24265	49911	185267	261330	446597
"2015.11.18"	"Syria"	"Raqqa"	2	0	2	25648	24265	49913	185269	261330	446599
"2015.11.18"	"Nigeria"	"Kano"	15	123	138	25663	24388	50051	185284	261453	446737
"2015.11.18"	"Saudi Arabia"	"al-Qatif"	2	0	2	25665	24388	50053	185286	261453	446739
"2015.11.18"	"France"	"Marseille"	0	1	1	25665	24389	50054	185286	261454	446740
"2015.11.18"	"Bangladesh"	"Dinajpur"	0	1	1	25665	24390	50055	185286	261455	446741
"2015.11.18"	"Afghanistan"	"Ghazni"	2	0	2	25667	24390	50057	185288	261455	446743
"2015.11.18"	"Bosnia"	"Sarajevo"	2	1	3	25669	24391	50060	185290	261456	446746
"2015.11.19"	"Israel"	"Tel Aviv"	2	3	5	25671	24394	50065	185292	261459	446751
"2015.11.19"	"Israel"	"Gush Etzion"	3	4	7	25674	24398	50072	185295	261463	446758
"2015.11.19"	"Afghanistan"	"Arghandab"	1	6	7	25675	24404	50079	185296	261469	446765
"2015.11.20"	"Iraq"	"Makhmour"	7	0	7	25682	24404	50086	185303	261469	446772
"2015.11.20"	"Pakistan"	"Charssada"	2	0	2	25684	24404	50088	185305	261469	446774
"2015.11.20"	"Yemen"	"Shibam"	19	24	43	25703	24428	50131	185324	261493	446817
"2015.11.20"	"Iraq"	"Baghdad"	10	28	38	25713	24456	50169	185334	261521	446855
"2015.11.20"	"Pakistan"	"Ittehad"	4	0	4	25717	24456	50173	185338	261521	446859
"2015.11.20"	"Mali"	"Bamako"	27	6	33	25744	24462	50206	185365	261527	446892
"2015.11.20"	"Iraq"	"Yousifiya"	2	9	11	25746	24471	50217	185367	261536	446903
"2015.11.20"	"Pakistan"	"Lahore"	1	0	1	25747	24471	50218	185368	261536	446904
"2015.11.21"	"Pakistan"	"Karachi"	4	5	9	25751	24476	50227	185372	261541	446913
"2015.11.21"	"Cameroon"	"Leymarie"	5	15	20	25756	24491	50247	185377	261556	446933
"2015.11.21"	"Iraq"	"Sinjar"	9	0	9	25765	24491	50256	185386	261556	446942
"2015.11.22"	"Iraq"	"Baghdad"	2	8	10	25767	24499	50266	185388	261564	446952
"2015.11.22"	"Afghanistan"	"Kohat"	1	0	1	25768	24499	50267	185389	261564	446953
"2015.11.22"	"Israel"	"Etzion"	1	0	1	25769	24499	50268	185390	261564	446954
"2015.11.22"	"Nigeria"	"Maiduguri"	8	7	15	25777	24506	50283	185398	261571	446969
"2015.11.22"	"Pakistan"	"Warghara"	5	0	5	25782	24506	50288	185403	261571	446974
"2015.11.23"	"Iraq"	"Baghdad"	2	6	8	25784	24512	50296	185405	261577	446982
"2015.11.23"	"Iraq"	"Madain"	2	8	10	25786	24520	50306	185407	261585	446992
"2015.11.23"	"Egypt"	"Tamiyyah"	1	0	1	25787	24520	50307	185408	261585	446993
"2015.11.23"	"Iraq"	"Zab"	10	0	10	25797	24520	50317	185418	261585	447003
"2015.11.23"	"Israel"	"Beit Horon"	1	1	2	25798	24521	50319	185419	261586	447005
"2015.11.23"	"Iraq"	"Fallujah"	2	0	2	25800	24521	50321	185421	261586	447007
"2015.11.24"	"Afghanistan"	"Ghor"	1	0	1	25801	24521	50322	185422	261586	447008
"2015.11.24"	"Mali"	"Goundam"	1	0	1	25802	24521	50323	185423	261586	447009
"2015.11.24"	"Libya"	"Mislattah"	5	16	21	25807	24537	50344	185428	261602	447030
"2015.11.24"	"Egypt"	"al-Araish"	7	17	24	25814	24554	50368	185435	261619	447054
"2015.11.24"	"Syria"	"Turkman Mountains"	1	0	1	25815	24554	50369	185436	261619	447055
"2015.11.24"	"Tunisia"	"Tunis"	15	16	31	25830	24570	50400	185451	261635	447086
"2015.11.24"	"Syria"	"Raqqa"	1	0	1	25831	24570	50401	185452	261635	447087
"2015.11.24"	"Pakistan"	"Angoor Adda"	7	3	10	25838	24573	50411	185459	261638	447097
"2015.11.25"	"Iraq"	"Hardan"	9	4	13	25847	24577	50424	185468	261642	447110
"2015.11.25"	"Iraq"	"Mosul"	11	0	11	25858	24577	50435	185479	261642	447121
"2015.11.25"	"Pakistan"	"Sheikh Baba"	1	2	3	25859	24579	50438	185480	261644	447124
"2015.11.25"	"Niger"	"Wogom"	18	11	29	25877	24590	50467	185498	261655	447153
"2015.11.25"	"India"	"Tanghdar"	1	1	2	25878	24591	50469	185499	261656	447155
"2015.11.26"	"Bangladesh"	"Horipur"	1	3	4	25879	24594	50473	185500	261659	447159
"2015.11.26"	"Pakistan"	"Akram Khan Durrani"	2	5	7	25881	24599	50480	185502	261664	447166
"2015.11.26"	"Pakistan"	"Narmikhel"	2	3	5	25883	24602	50485	185504	261667	447171
"2015.11.26"	"Azerbaijan"	"Baku"	2	0	2	25885	24602	50487	185506	261667	447173
"2015.11.27"	"Iraq"	"Jubba"	17	0	17	25902	24602	50504	185523	261667	447190
"2015.11.27"	"Nigeria"	"Dakasoye"	22	45	67	25924	24647	50571	185545	261712	447257
"2015.11.27"	"Iraq"	"Mosul"	1	0	1	25925	24647	50572	185546	261712	447258
"2015.11.27"	"Nigeria"	"Gajiganna"	3	0	3	25928	24647	50575	185549	261712	447261
"2015.11.28"	"Mali"	"Kidal"	3	20	23	25931	24667	50598	185552	261732	447284
"2015.11.28"	"Syria"	"Damascus"	1	30	31	25932	24697	50629	185553	261762	447315
"2015.11.28"	"Cameroon"	"Dabanga"	5	12	17	25937	24709	50646	185558	261774	447332
"2015.11.28"	"Iraq"	"Tuz Khormato"	7	17	24	25944	24726	50670	185565	261791	447356
"2015.11.28"	"Pakistan"	"Ambar"	2	0	2	25946	24726	50672	185567	261791	447358
"2015.11.28"	"Pakistan"	"Tursa"	1	1	2	25947	24727	50674	185568	261792	447360
"2015.11.28"	"Afghanistan"	"Kabul"	1	4	5	25948	24731	50679	185569	261796	447365
"2015.11.28"	"Egypt"	"Saqqara"	4	0	4	25952	24731	50683	185573	261796	447369
"2015.11.28"	"Iraq"	"Sinjar"	123	0	123	26075	24731	50806	185696	261796	447492
"2015.11.28"	"Cameroon"	"Goudouzou"	5	0	5	26080	24731	50811	185701	261796	447497
"2015.11.28"	"Iraq"	"Madain"	2	5	7	26082	24736	50818	185703	261801	447504
"2015.11.28"	"Niger"	"Fougou Boukar"	4	2	6	26086	24738	50824	185707	261803	447510
"2015.11.29"	"DRC"	"Eringeti"	7	0	7	26093	24738	50831	185714	261803	447517
"2015.11.29"	"Iraq"	"Sinjar"	100	0	100	26193	24738	50931	185814	261803	447617
"2015.11.29"	"Iraq"	"Baghdad"	3	8	11	26196	24746	50942	185817	261811	447628
"2015.11.29"	"Nigeria"	"Bam"	4	0	4	26200	24746	50946	185821	261811	447632
"2015.11.30"	"Cameroon"	"Gangse"	2	0	2	26202	24746	50948	185823	261811	447634
"2015.11.30"	"Syria"	"Palmyra"	18	0	18	26220	24746	50966	185841	261811	447652
"2015.11.30"	"Iraq"	"Baghdad"	9	21	30	26229	24767	50996	185850	261832	447682
"2015.11.30"	"Pakistan"	"Zaida"	1	1	2	26230	24768	50998	185851	261833	447684
"2015.11.30"	"Niger"	"Diffa"	8	0	8	26238	24768	51006	185859	261833	447692
"2015.12.01"	"Iraq"	"Kirkuk"	1	1	2	26239	24769	51008	185860	261834	447694
"2015.12.01"	"Iraq"	"Shura"	6	0	6	26245	24769	51014	185866	261834	447700
"2015.12.01"	"Iraq"	"Zammar"	5	7	12	26250	24776	51026	185871	261841	447712
"2015.12.01"	"Iraq"	"Baghdad"	2	11	13	26252	24787	51039	185873	261852	447725
"2015.12.01"	"Iraq"	"Abu Ghraib"	2	9	11	26254	24796	51050	185875	261861	447736
"2015.12.01"	"Dagestan"	"Khasavyurt"	1	0	1	26255	24796	51051	185876	261861	447737
"2015.12.01"	"Jordan"	"Irbid"	2	0	2	26257	24796	51053	185878	261861	447739
"2015.12.02"	"Syria"	"Ghouta"	2	26	28	26259	24822	51081	185880	261887	447767
"2015.12.02"	"Yemen"	"Seiyun"	2	0	2	26261	24822	51083	185882	261887	447769
"2015.12.02"	"Libya"	"Sidi Faraj"	1	0	1	26262	24822	51084	185883	261887	447770
"2015.12.02"	"Iraq"	"Shingal"	7	1	8	26269	24823	51092	185890	261888	447778
"2015.12.02"	"USA"	"San Bernardino"	14	17	31	26283	24840	51123	185904	261905	447809
"2015.12.02"	"Syria"	"Raqqa"	1	0	1	26284	24840	51124	185905	261905	447810
"2015.12.02"	"Syria"	"Raqqa"	2	0	2	26286	24840	51126	185907	261905	447812
"2015.12.02"	"Cameroon"	"Waza"	6	0	6	26292	24840	51132	185913	261905	447818
"2015.12.02"	"Uganda"	"Komodo"	1	0	1	26293	24840	51133	185914	261905	447819
"2015.12.03"	"CAR"	"Ngakobo"	8	1	9	26301	24841	51142	185922	261906	447828
"2015.12.03"	"Somalia"	"Mogadishu"	1	1	2	26302	24842	51144	185923	261907	447830
"2015.12.03"	"Iraq"	"Mosul"	3	0	3	26305	24842	51147	185926	261907	447833
"2015.12.03"	"Yemen"	"Jaar"	15	0	15	26320	24842	51162	185941	261907	447848
"2015.12.04"	"Iraq"	"Ramadi"	25	23	48	26345	24865	51210	185966	261930	447896
"2015.12.04"	"Yemen"	"Sanaa"	6	0	6	26351	24865	51216	185972	261930	447902
"2015.12.04"	"Yemen"	"Sanaa"	6	0	6	26357	24865	51222	185978	261930	447908
"2015.12.04"	"Yemen"	"Sanaa"	4	0	4	26361	24865	51226	185982	261930	447912
"2015.12.04"	"Yemen"	"Sanaa"	9	0	9	26370	24865	51235	185991	261930	447921
"2015.12.04"	"Nigeria"	"Kimba"	1	0	1	26371	24865	51236	185992	261930	447922
"2015.12.04"	"Nigeria"	"Sabon Gari"	3	0	3	26374	24865	51239	185995	261930	447925
"2015.12.05"	"Iraq"	"Baghdad"	2	8	10	26376	24873	51249	185997	261938	447935
"2015.12.05"	"Iraq"	"Mosul"	29	0	29	26405	24873	51278	186026	261938	447964
"2015.12.05"	"Chad"	"Koulfoua"	27	80	107	26432	24953	51385	186053	262018	448071
"2015.12.05"	"Bangladesh"	"Dinjapur"	0	10	10	26432	24963	51395	186053	262028	448081
"2015.12.05"	"Iraq"	"Nineveh"	1	0	1	26433	24963	51396	186054	262028	448082
"2015.12.05"	"England"	"London"	0	3	3	26433	24966	51399	186054	262031	448085
"2015.12.06"	"Iraq"	"Ramadi"	8	15	23	26441	24981	51422	186062	262046	448108
"2015.12.06"	"Yemen"	"Aden"	7	3	10	26448	24984	51432	186069	262049	448118
"2015.12.07"	"Libya"	"Tripoli"	2	0	2	26450	24984	51434	186071	262049	448120
"2015.12.07"	"Afghanistan"	"Nangarhar"	2	22	24	26452	25006	51458	186073	262071	448144
"2015.12.07"	"Iraq"	"Madain"	2	6	8	26454	25012	51466	186075	262077	448152
"2015.12.07"	"Israel"	"Hebron"	1	0	1	26455	25012	51467	186076	262077	448153
"2015.12.08"	"Iraq"	"Albu Farraj"	7	12	19	26462	25024	51486	186083	262089	448172
"2015.12.08"	"Iraq"	"Baaj"	3	0	3	26465	25024	51489	186086	262089	448175
"2015.12.08"	"Iraq"	"Mosul"	1	0	1	26466	25024	51490	186087	262089	448176
"2015.12.08"	"Philippines"	"Tulunan"	3	0	3	26469	25024	51493	186090	262089	448179
"2015.12.08"	"Egypt"	"Sinai"	4	4	8	26473	25028	51501	186094	262093	448187
"2015.12.08"	"Afghanistan"	"Kandahar"	50	35	85	26523	25063	51586	186144	262128	448272
"2015.12.08"	"Syria"	"Deir ez-Zor"	1	0	1	26524	25063	51587	186145	262128	448273
"2015.12.09"	"Iraq"	"Baghdad"	11	20	31	26535	25083	51618	186156	262148	448304
"2015.12.09"	"Syria"	"Raqqa"	5	0	5	26540	25083	51623	186161	262148	448309
"2015.12.10"	"Nigeria"	"Kamuya"	14	6	20	26554	25089	51643	186175	262154	448329
"2015.12.10"	"Egypt"	"Cairo"	1	0	1	26555	25089	51644	186176	262154	448330
"2015.12.10"	"Somalia"	"Mogadishu"	1	0	1	26556	25089	51645	186177	262154	448331
"2015.12.10"	"Syria"	"Tal Tamr"	60	80	140	26616	25169	51785	186237	262234	448471
"2015.12.10"	"Iraq"	"Mosul"	1	0	1	26617	25169	51786	186238	262234	448472
"2015.12.11"	"Afghanistan"	"Jalalabad"	4	0	4	26621	25169	51790	186242	262234	448476
"2015.12.11"	"Iraq"	"Mosul"	4	0	4	26625	25169	51794	186246	262234	448480
"2015.12.11"	"Afghanistan"	"Kabul"	7	7	14	26632	25176	51808	186253	262241	448494
"2015.12.11"	"Cameroon"	"Kolofata"	11	22	33	26643	25198	51841	186264	262263	448527
"2015.12.11"	"Iraq"	"Ramadi"	27	0	27	26670	25198	51868	186291	262263	448554
"2015.12.12"	"Syria"	"Homs"	16	54	70	26686	25252	51938	186307	262317	448624
"2015.12.12"	"Afghanistan"	"Baghlan"	1	0	1	26687	25252	51939	186308	262317	448625
"2015.12.12"	"Syria"	"Raqqa"	1	0	1	26688	25252	51940	186309	262317	448626
"2015.12.12"	"Egypt"	"Rafah"	4	0	4	26692	25252	51944	186313	262317	448630
"2015.12.12"	"Pakistan"	"Quetta"	2	5	7	26694	25257	51951	186315	262322	448637
"2015.12.12"	"Iraq"	"al-Nukhayb"	8	10	18	26702	25267	51969	186323	262332	448655
"2015.12.12"	"Iraq"	"Baghdad"	2	6	8	26704	25273	51977	186325	262338	448663
"2015.12.12"	"Pakistan"	"Karachi"	1	0	1	26705	25273	51978	186326	262338	448664
"2015.12.12"	"Syria"	"Damascus"	2	6	8	26707	25279	51986	186328	262344	448672
"2015.12.12"	"Nigeria"	"Warwara"	20	10	30	26727	25289	52016	186348	262354	448702
"2015.12.12"	"Nigeria"	"Bura-Shika"	6	5	11	26733	25294	52027	186354	262359	448713
"2015.12.12"	"Nigeria"	"Mangari"	4	0	4	26737	25294	52031	186358	262359	448717
"2015.12.13"	"Iraq"	"Aski Mosul"	6	5	11	26743	25299	52042	186364	262364	448728
"2015.12.13"	"Pakistan"	"Parachinar"	25	62	87	26768	25361	52129	186389	262426	448815
"2015.12.13"	"Syria"	"Damascus"	1	3	4	26769	25364	52133	186390	262429	448819
"2015.12.13"	"Thailand"	"Yala"	1	1	2	26770	25365	52135	186391	262430	448821
"2015.12.13"	"Nigeria"	"Jos"	16	0	16	26786	25365	52151	186407	262430	448837
"2015.12.14"	"Iraq"	"Baghdad"	2	7	9	26788	25372	52160	186409	262437	448846
"2015.12.14"	"Iraq"	"Shandokhah"	15	0	15	26803	25372	52175	186424	262437	448861
"2015.12.14"	"Iraq"	"Mosul"	3	0	3	26806	25372	52178	186427	262437	448864
"2015.12.14"	"Iraq"	"Mosul"	1	0	1	26807	25372	52179	186428	262437	448865
"2015.12.14"	"Libya"	"Sirte"	1	0	1	26808	25372	52180	186429	262437	448866
"2015.12.14"	"Israel"	"Jerusalem"	0	11	11	26808	25383	52191	186429	262448	448877
"2015.12.14"	"Iraq"	"Kirkuk"	2	2	4	26810	25385	52195	186431	262450	448881
"2015.12.14"	"DRC"	"Oicha"	4	3	7	26814	25388	52202	186435	262453	448888
"2015.12.14"	"Syria"	"Damascus"	2	4	6	26816	25392	52208	186437	262457	448894
"2015.12.14"	"Somalia"	"Mogadishu"	1	0	1	26817	25392	52209	186438	262457	448895
"2015.12.15"	"Iraq"	"Baghdad"	2	5	7	26819	25397	52216	186440	262462	448902
"2015.12.15"	"Iraq"	"Ramadi"	2	6	8	26821	25403	52224	186442	262468	448910
"2015.12.15"	"Yemen"	"Taez"	7	15	22	26828	25418	52246	186449	262483	448932
"2015.12.15"	"Yemen"	"Mas"	15	20	35	26843	25438	52281	186464	262503	448967
"2015.12.15"	"Libya"	"Sirte"	1	0	1	26844	25438	52282	186465	262503	448968
"2015.12.16"	"Mali"	"Karena"	1	0	1	26845	25438	52283	186466	262503	448969
"2015.12.16"	"Iraq"	"Abu Ghraib"	6	1	7	26851	25439	52290	186472	262504	448976
"2015.12.16"	"Kenya"	"Mkunumbi"	2	2	4	26853	25441	52294	186474	262506	448980
"2015.12.16"	"Iraq"	"Bashiqa"	7	4	11	26860	25445	52305	186481	262510	448991
"2015.12.16"	"Nigeria"	"Mafa"	1	0	1	26861	25445	52306	186482	262510	448992
"2015.12.16"	"Iraq"	"Kaske"	6	7	13	26867	25452	52319	186488	262517	449005
"2015.12.16"	"Iraq"	"Sinjar"	5	0	5	26872	25452	52324	186493	262517	449010
"2015.12.17"	"Iraq"	"Baghdad"	3	16	19	26875	25468	52343	186496	262533	449029
"2015.12.17"	"Iraq"	"Sinjar"	10	12	22	26885	25480	52365	186506	262545	449051
"2015.12.17"	"Syria"	"Jamla"	3	0	3	26888	25480	52368	186509	262545	449054
"2015.12.17"	"Syria"	"Idlib"	1	0	1	26889	25480	52369	186510	262545	449055
"2015.12.17"	"Mali"	"Tougue Mourrari"	1	0	1	26890	25480	52370	186511	262545	449056
"2015.12.18"	"Pakistan"	"Karachi"	1	0	1	26891	25480	52371	186512	262545	449057
"2015.12.18"	"Mali"	"Timbuktu"	3	0	3	26894	25480	52374	186515	262545	449060
"2015.12.18"	"Afghanistan"	"Kukoldash"	3	0	3	26897	25480	52377	186518	262545	449063
"2015.12.18"	"Libya"	"Ajdabiya"	14	25	39	26911	25505	52416	186532	262570	449102
"2015.12.19"	"Somalia"	"Mogadishu"	4	9	13	26915	25514	52429	186536	262579	449115
"2015.12.19"	"Saudi Arabia"	"Najran"	3	0	3	26918	25514	52432	186539	262579	449118
"2015.12.19"	"Nigeria"	"Guba Shango"	6	0	6	26924	25514	52438	186545	262579	449124
"2015.12.19"	"Afghanistan"	"Andkhoy"	1	0	1	26925	25514	52439	186546	262579	449125
"2015.12.19"	"Syria"	"Manbij"	1	0	1	26926	25514	52440	186547	262579	449126
"2015.12.19"	"Syria"	"Shaddadi"	4	0	4	26930	25514	52444	186551	262579	449130
"2015.12.20"	"Afghanistan"	"Kabul"	1	0	1	26931	25514	52445	186552	262579	449131
"2015.12.20"	"Iraq"	"Arola"	28	4	32	26959	25518	52477	186580	262583	449163
"2015.12.20"	"Iraq"	"Hamdania"	9	0	9	26968	25518	52486	186589	262583	449172
"2015.12.20"	"Nigeria"	"Beneshiek"	9	24	33	26977	25542	52519	186598	262607	449205
"2015.12.21"	"Iraq"	"Mosul"	1	0	1	26978	25542	52520	186599	262607	449206
"2015.12.21"	"Pakistan"	"Baizai"	2	0	2	26980	25542	52522	186601	262607	449208
"2015.12.21"	"Pakistan"	"Atam"	1	3	4	26981	25545	52526	186602	262610	449212
"2015.12.21"	"Kenya"	"Mandera"	2	3	5	26983	25548	52531	186604	262613	449217
"2015.12.21"	"Syria"	"Barzah"	1	9	10	26984	25557	52541	186605	262622	449227
"2015.12.21"	"Syria"	"Suqaylabiyah"	2	33	35	26986	25590	52576	186607	262655	449262
"2015.12.21"	"Syria"	"Aleppo"	3	2	5	26989	25592	52581	186610	262657	449267
"2015.12.21"	"Afghanistan"	"Bagram"	6	3	9	26995	25595	52590	186616	262660	449276
"2015.12.22"	"Iraq"	"Mosul"	17	0	17	27012	25595	52607	186633	262660	449293
"2015.12.22"	"Syria"	"Deir al-Zor"	9	20	29	27021	25615	52636	186642	262680	449322
"2015.12.22"	"Syria"	"Damascus"	3	20	23	27024	25635	52659	186645	262700	449345
"2015.12.22"	"Syria"	"Homs"	3	0	3	27027	25635	52662	186648	262700	449348
"2015.12.22"	"Iraq"	"Albu Diab"	14	17	31	27041	25652	52693	186662	262717	449379
"2015.12.23"	"Cameroon"	"Nguetchewe"	2	0	2	27043	25652	52695	186664	262717	449381
"2015.12.23"	"Afghanistan"	"Nimroz"	2	0	2	27045	25652	52697	186666	262717	449383
"2015.12.23"	"Israel"	"Jerusalem"	2	1	3	27047	25653	52700	186668	262718	449386
"2015.12.23"	"Niger"	"Abadam"	5	0	5	27052	25653	52705	186673	262718	449391
"2015.12.23"	"Pakistan"	"Mohmand"	3	2	5	27055	25655	52710	186676	262720	449396
"2015.12.23"	"Yemen"	"Dar Saad"	1	0	1	27056	25655	52711	186677	262720	449397
"2015.12.23"	"Iraq"	"Khalis"	3	10	13	27059	25665	52724	186680	262730	449410
"2015.12.23"	"Iraq"	"Khalis"	4	8	12	27063	25673	52736	186684	262738	449422
"2015.12.23"	"Syria"	"Deir al-Zor"	11	20	31	27074	25693	52767	186695	262758	449453
"2015.12.23"	"Iraq"	"Ramadi"	4	0	4	27078	25693	52771	186699	262758	449457
"2015.12.23"	"Iraq"	"Baghdad"	5	18	23	27083	25711	52794	186704	262776	449480
"2015.12.23"	"Uganda"	"Nansololo"	1	0	1	27084	25711	52795	186705	262776	449481
"2015.12.23"	"Mali"	"Isseye"	1	0	1	27085	25711	52796	186706	262776	449482
"2015.12.24"	"Iraq"	"Mahmoudiya"	2	8	10	27087	25719	52806	186708	262784	449492
"2015.12.24"	"Iraq"	"Baghdad"	5	6	11	27092	25725	52817	186713	262790	449503
"2015.12.24"	"Philippines"	"Mindanao"	5	0	5	27097	25725	52822	186718	262790	449508
"2015.12.24"	"Egypt"	"Sinai"	1	2	3	27098	25727	52825	186719	262792	449511
"2015.12.24"	"Philippines"	"Barangay Paitan"	2	2	4	27100	25729	52829	186721	262794	449515
"2015.12.24"	"Somalia"	"Bariirey"	2	0	2	27102	25729	52831	186723	262794	449517
"2015.12.24"	"Mali"	"Talahandak"	6	0	6	27108	25729	52837	186729	262794	449523
"2015.12.25"	"Mali"	"Azawad"	4	0	4	27112	25729	52841	186733	262794	449527
"2015.12.25"	"Kenya"	"Budhei"	1	0	1	27113	25729	52842	186734	262794	449528
"2015.12.25"	"Afghanistan"	"Logar"	3	0	3	27116	25729	52845	186737	262794	449531
"2015.12.25"	"Nigeria"	"Kimba"	14	25	39	27130	25754	52884	186751	262819	449570
"2015.12.25"	"Philippines"	"Sultan Kudarat"	2	0	2	27132	25754	52886	186753	262819	449572
"2015.12.25"	"Syria"	"al-Zahra"	5	3	8	27137	25757	52894	186758	262822	449580
"2015.12.25"	"Bangladesh"	"Bagmara"	0	10	10	27137	25767	52904	186758	262832	449590
"2015.12.25"	"India"	"Shantipur"	1	0	1	27138	25767	52905	186759	262832	449591
"2015.12.25"	"Afghanistan"	"Logar"	1	0	1	27139	25767	52906	186760	262832	449592
"2015.12.26"	"Mali"	"Kidal"	11	0	11	27150	25767	52917	186771	262832	449603
"2015.12.26"	"Philippines"	"Marawi"	2	0	2	27152	25767	52919	186773	262832	449605
"2015.12.26"	"Iraq"	"Mosul"	8	0	8	27160	25767	52927	186781	262832	449613
"2015.12.26"	"Iraq"	"Ghazlani"	19	0	19	27179	25767	52946	186800	262832	449632
"2015.12.27"	"Turkey"	"Gaziantep"	1	0	1	27180	25767	52947	186801	262832	449633
"2015.12.27"	"Nigeria"	"Maiduguri"	13	0	13	27193	25767	52960	186814	262832	449646
"2015.12.27"	"Kenya"	"El Wak"	2	3	5	27195	25770	52965	186816	262835	449651
"2015.12.27"	"Syria"	"Damascus"	9	16	25	27204	25786	52990	186825	262851	449676
"2015.12.27"	"Afghanistan"	"Lashkar Gah"	4	0	4	27208	25786	52994	186829	262851	449680
"2015.12.28"	"Iraq"	"Dumez"	9	5	14	27217	25791	53008	186838	262856	449694
"2015.12.28"	"Iraq"	"Mosul"	3	0	3	27220	25791	53011	186841	262856	449697
"2015.12.28"	"Nigeria"	"Maiduguri"	20	10	30	27240	25801	53041	186861	262866	449727
"2015.12.28"	"Nigeria"	"Madagali"	28	41	69	27268	25842	53110	186889	262907	449796
"2015.12.28"	"Nigeria"	"Maiduguri"	34	86	120	27302	25928	53230	186923	262993	449916
"2015.12.28"	"Afghanistan"	"Kabul"	1	33	34	27303	25961	53264	186924	263026	449950
"2015.12.28"	"Philippines"	"Talipao"	2	1	3	27305	25962	53267	186926	263027	449953
"2015.12.28"	"Afghanistan"	"Kandahar"	1	1	2	27306	25963	53269	186927	263028	449955
"2015.12.28"	"Syria"	"Zahra"	32	90	122	27338	26053	53391	186959	263118	450077
"2015.12.28"	"Georgia"	"Tbilisi"	1	0	1	27339	26053	53392	186960	263118	450078
"2015.12.28"	"Iraq"	"Shirqat"	1	0	1	27340	26053	53393	186961	263118	450079
"2015.12.28"	"Iraq"	"Houdi"	20	0	20	27360	26053	53413	186981	263118	450099
"2015.12.29"	"Iraq"	"Ramadi"	40	0	40	27400	26053	53453	187021	263118	450139
"2015.12.29"	"Syria"	"al-Foua"	1	0	1	27401	26053	53454	187022	263118	450140
"2015.12.29"	"Iraq"	"Mosul"	2	0	2	27403	26053	53456	187024	263118	450142
"2015.12.29"	"Syria"	"Qamishlo"	17	30	47	27420	26083	53503	187041	263148	450189
"2015.12.29"	"Iraq"	"Mosul"	20	0	20	27440	26083	53523	187061	263148	450209
"2015.12.29"	"Iraq"	"Mosul"	3	0	3	27443	26083	53526	187064	263148	450212
"2015.12.29"	"Thailand"	"Narathiwat"	1	0	1	27444	26083	53527	187065	263148	450213
"2015.12.29"	"Pakistan"	"Mardan"	26	50	76	27470	26133	53603	187091	263198	450289
"2015.12.30"	"Dagestan"	"Derbent"	1	10	11	27471	26143	53614	187092	263208	450300
"2015.12.30"	"Iraq"	"Aski"	120	0	120	27591	26143	53734	187212	263208	450420
"2015.12.31"	"Egypt"	"Rafah"	5	1	6	27596	26144	53740	187217	263209	450426
"2016.01.01"	"France"	"Valence"	0	2	2	0	2	2	187217	263211	450428
"2016.01.01"	"Iraq"	"Ramadi"	3	17	20	3	19	22	187220	263228	450448
"2016.01.01"	"Iraq"	"Ramadi"	12	0	12	15	19	34	187232	263228	450460
"2016.01.01"	"Syria"	"Deir ez-Sor"	1	0	1	16	19	35	187233	263228	450461
"2016.01.01"	"Israel"	"Tel Aviv"	1	0	1	17	19	36	187234	263228	450462
"2016.01.01"	"Afghanistan"	"Kabul"	2	15	17	19	34	53	187236	263243	450479
"2016.01.01"	"Israel"	"Tel Aviv"	2	6	8	21	40	61	187238	263249	450487
"2016.01.01"	"Somalia"	"Mogadishu"	1	4	5	22	44	66	187239	263253	450492
"2016.01.01"	"Libya"	"Tripoli"	300	0	300	322	44	366	187539	263253	450792
"2016.01.02"	"Syria"	"Raqqa"	1	0	1	323	44	367	187540	263253	450793
"2016.01.02"	"Somalia"	"Mogadishu"	3	0	3	326	44	370	187543	263253	450796
"2016.01.02"	"India"	"Pathankot"	7	0	7	333	44	377	187550	263253	450803
"2016.01.03"	"Syria"	"Raqqa"	15	0	15	348	44	392	187565	263253	450818
"2016.01.03"	"Somalia"	"Mogadishu"	1	3	4	349	47	396	187566	263256	450822
"2016.01.03"	"Syria"	"Raqqa"	5	0	5	354	47	401	187571	263256	450827
"2016.01.03"	"Iraq"	"Tikrit"	19	22	41	373	69	442	187590	263278	450868
"2016.01.03"	"Pakistan"	"Naushero Feroz"	1	0	1	374	69	443	187591	263278	450869
"2016.01.03"	"Iraq"	"Mosul"	3	0	3	377	69	446	187594	263278	450872
"2016.01.03"	"Saudi Arabia"	"Awamiya"	1	1	2	378	70	448	187595	263279	450874
"2016.01.04"	"Iraq"	"Hillah"	1	0	1	379	70	449	187596	263279	450875
"2016.01.04"	"Iraq"	"Iskandariya"	1	0	1	380	70	450	187597	263279	450876
"2016.01.04"	"Libya"	"al-Sidra"	2	16	18	382	86	468	187599	263295	450894
"2016.01.04"	"Nigeria"	"Udeni Ruwa"	8	0	8	390	86	476	187607	263295	450902
"2016.01.04"	"Afghanistan"	"Dasht-e-Asfandi"	5	0	5	395	86	481	187612	263295	450907
"2016.01.04"	"Afghanistan"	"Kabul"	1	20	21	396	106	502	187613	263315	450928
"2016.01.04"	"Yemen"	"Aden"	1	0	1	397	106	503	187614	263315	450929
"2016.01.04"	"Iraq"	"Haditha"	11	30	41	408	136	544	187625	263345	450970
"2016.01.04"	"Nigeria"	"Gwoza"	26	10	36	434	146	580	187651	263355	451006
"2016.01.04"	"Syria"	"Raqqa"	1	0	1	435	146	581	187652	263355	451007
"2016.01.04"	"Yemen"	"Hadramawt"	1	0	1	436	146	582	187653	263355	451008
"2016.01.04"	"Iraq"	"Ramadi"	40	0	40	476	146	622	187693	263355	451048
"2016.01.05"	"Syria"	"Manbij"	1	0	1	477	146	623	187694	263355	451049
"2016.01.05"	"Egypt"	"Sinai"	4	0	4	481	146	627	187698	263355	451053
"2016.01.05"	"Afghanistan"	"Samangan"	1	0	1	482	146	628	187699	263355	451054
"2016.01.05"	"Nigeria"	"Izgeki"	2	0	2	484	146	630	187701	263355	451056
"2016.01.05"	"Nigeria"	"Borno"	7	12	19	491	158	649	187708	263367	451075
"2016.01.05"	"Libya"	"al-Sidra"	7	25	32	498	183	681	187715	263392	451107
"2016.01.05"	"Pakistan"	"Bahawalnagar"	1	0	1	499	183	682	187716	263392	451108
"2016.01.06"	"Iraq"	"Dawra"	2	7	9	501	190	691	187718	263399	451117
"2016.01.06"	"Syria"	"Damascus"	8	4	12	509	194	703	187726	263403	451129
"2016.01.06"	"Syria"	"Raqqa"	1	0	1	510	194	704	187727	263403	451130
"2016.01.07"	"Bangladesh"	"Jhenaidah"	1	0	1	511	194	705	187728	263403	451131
"2016.01.07"	"Libya"	"Ras"	7	11	18	518	205	723	187735	263414	451149
"2016.01.07"	"Iraq"	"Mosul"	6	0	6	524	205	729	187741	263414	451155
"2016.01.07"	"Pakistan"	"Shaktoi"	4	0	4	528	205	733	187745	263414	451159
"2016.01.07"	"Egypt"	"Hurghada"	0	3	3	528	208	736	187745	263417	451162
"2016.01.07"	"USA"	"Philadelphia"	0	1	1	528	209	737	187745	263418	451163
"2016.01.07"	"Libya"	"Zliten"	65	200	265	593	409	1002	187810	263618	451428
"2016.01.07"	"Somalia"	"Mogadishu"	1	1	2	594	410	1004	187811	263619	451430
"2016.01.07"	"Nigeria"	"Maiduguri"	1	0	1	595	410	1005	187812	263619	451431
"2016.01.08"	"Iraq"	"Haditha"	18	7	25	613	417	1030	187830	263626	451456
"2016.01.08"	"Pakistan"	"Gulshan-e-noor"	1	0	1	614	417	1031	187831	263626	451457
"2016.01.08"	"Lebanon"	"Arsal"	1	0	1	615	417	1032	187832	263626	451458
"2016.01.08"	"Iraq"	"Zummar"	16	3	19	631	420	1051	187848	263629	451477
"2016.01.08"	"Iraq"	"Mosul"	3	0	3	634	420	1054	187851	263629	451480
"2016.01.08"	"Syria"	"Raqqa"	1	0	1	635	420	1055	187852	263629	451481
"2016.01.08"	"Afghanistan"	"Nangarhar"	7	0	7	642	420	1062	187859	263629	451488
"2016.01.09"	"Pakistan"	"Rahim Yar Khan"	2	0	2	644	420	1064	187861	263629	451490
"2016.01.09"	"Syria"	"Deir ez-Zor"	2	0	2	646	420	1066	187863	263629	451492
"2016.01.09"	"Egypt"	"Giza"	2	0	2	648	420	1068	187865	263629	451494
"2016.01.09"	"Iraq"	"Ghazlani"	80	0	80	728	420	1148	187945	263629	451574
"2016.01.09"	"Iraq"	"Jbala"	3	2	5	731	422	1153	187948	263631	451579
"2016.01.10"	"Syria"	"Faisaliyah"	5	0	5	736	422	1158	187953	263631	451584
"2016.01.10"	"Nigeria"	"Madagali"	7	0	7	743	422	1165	187960	263631	451591
"2016.01.11"	"Pakistan"	"Derai"	2	0	2	745	422	1167	187962	263631	451593
"2016.01.11"	"Pakistan"	"Rabwa"	1	0	1	746	422	1168	187963	263631	451594
"2016.01.11"	"Iraq"	"Nineveh"	85	0	85	831	422	1253	188048	263631	451679
"2016.01.11"	"Iraq"	"Muqdadiya"	23	51	74	854	473	1327	188071	263682	451753
"2016.01.11"	"Syria"	"Aleppo"	3	2	5	857	475	1332	188074	263684	451758
"2016.01.11"	"Afghanistan"	"Khost"	3	8	11	860	483	1343	188077	263692	451769
"2016.01.11"	"Iraq"	"Baghdad"	18	50	68	878	533	1411	188095	263742	451837
"2016.01.11"	"France"	"Marseille"	0	1	1	878	534	1412	188095	263743	451838
"2016.01.11"	"Iraq"	"Baghdad"	7	15	22	885	549	1434	188102	263758	451860
"2016.01.11"	"Afghanistan"	"Mirzakhil"	3	2	5	888	551	1439	188105	263760	451865
"2016.01.12"	"Iraq"	"Baqubah"	4	1	5	892	552	1444	188109	263761	451870
"2016.01.12"	"Turkey"	"Istanbul"	12	14	26	904	566	1470	188121	263775	451896
"2016.01.12"	"Iraq"	"Diyala"	2	0	2	906	566	1472	188123	263775	451898
"2016.01.12"	"Iraq"	"Muqdadiya"	10	0	10	916	566	1482	188133	263775	451908
"2016.01.12"	"Israel"	"Nazareth"	1	0	1	917	566	1483	188134	263775	451909
"2016.01.13"	"Afghanistan"	"Badghis"	1	0	1	918	566	1484	188135	263775	451910
"2016.01.13"	"Iraq"	"Baghdad"	2	6	8	920	572	1492	188137	263781	451918
"2016.01.13"	"Thailand"	"Yala"	2	1	3	922	573	1495	188139	263782	451921
"2016.01.13"	"Iraq"	"Abu Ghraib"	6	0	6	928	573	1501	188145	263782	451927
"2016.01.13"	"Pakistan"	"Lahore"	1	1	2	929	574	1503	188146	263783	451929
"2016.01.13"	"Cameroon"	"Kolofata"	10	11	21	939	585	1524	188156	263794	451950
"2016.01.13"	"Pakistan"	"Quetta"	15	24	39	954	609	1563	188171	263818	451989
"2016.01.13"	"Pakistan"	"Jalalabad"	7	7	14	961	616	1577	188178	263825	452003
"2016.01.14"	"Yemen"	"Aden"	4	0	4	965	616	1581	188182	263825	452007
"2016.01.14"	"Indonesia"	"Jakarta"	4	20	24	969	636	1605	188186	263845	452031
"2016.01.15"	"Mali"	"Dioura"	1	0	1	970	636	1606	188187	263845	452032
"2016.01.15"	"Libya"	"Bin Jawad"	3	0	3	973	636	1609	188190	263845	452035
"2016.01.15"	"Iraq"	"Muqdadiya"	1	0	1	974	636	1610	188191	263845	452036
"2016.01.15"	"Somalia"	"El-Adde"	180	20	200	1154	656	1810	188371	263865	452236
"2016.01.15"	"Mali"	"Timbuktu"	2	3	5	1156	659	1815	188373	263868	452241
"2016.01.15"	"Burkina Faso"	"Ouagadougou"	29	56	85	1185	715	1900	188402	263924	452326
"2016.01.15"	"Syria"	"Hasakah"	2	6	8	1187	721	1908	188404	263930	452334
"2016.01.15"	"Iraq"	"Mosul"	3	0	3	1190	721	1911	188407	263930	452337
"2016.01.16"	"Iraq"	"al-Furat"	1	0	1	1191	721	1912	188408	263930	452338
"2016.01.16"	"Iraq"	"Hajj Ali"	19	0	19	1210	721	1931	188427	263930	452357
"2016.01.16"	"Syria"	"Baghaliyeh"	300	400	700	1510	1121	2631	188727	264330	453057
"2016.01.16"	"Somalia"	"Burhakabo"	2	0	2	1512	1121	2633	188729	264330	453059
"2016.01.16"	"Syria"	"Aleppo"	4	55	59	1516	1176	2692	188733	264385	453118
"2016.01.16"	"Syria"	"al-Fu'ah"	1	5	6	1517	1181	2698	188734	264390	453124
"2016.01.16"	"Iraq"	"Mosul"	3	0	3	1520	1181	2701	188737	264390	453127
"2016.01.17"	"Afghanistan"	"Jalalabad"	13	14	27	1533	1195	2728	188750	264404	453154
"2016.01.17"	"Yemen"	"Aden"	11	15	26	1544	1210	2754	188761	264419	453180
"2016.01.17"	"Afghanistan"	"Uruzgan"	9	0	9	1553	1210	2763	188770	264419	453189
"2016.01.17"	"Israel"	"Otniel"	1	0	1	1554	1210	2764	188771	264419	453190
"2016.01.18"	"Thailand"	"Raman"	2	0	2	1556	1210	2766	188773	264419	453192
"2016.01.18"	"Thailand"	"Thepa"	1	7	8	1557	1217	2774	188774	264426	453200
"2016.01.18"	"Yemen"	"Aden"	1	0	1	1558	1217	2775	188775	264426	453201
"2016.01.18"	"Turkey"	"Kilis"	1	1	2	1559	1218	2777	188776	264427	453203
"2016.01.18"	"Cameroon"	"Nguetchewe"	4	2	6	1563	1220	2783	188780	264429	453209
"2016.01.19"	"Iraq"	"Baqubah"	14	0	14	1577	1220	2797	188794	264429	453223
"2016.01.19"	"Iraq"	"Mopti"	3	0	3	1580	1220	2800	188797	264429	453226
"2016.01.19"	"Thailand"	"Songkhla"	1	8	9	1581	1228	2809	188798	264437	453235
"2016.01.19"	"Pakistan"	"Jamrud"	12	39	51	1593	1267	2860	188810	264476	453286
"2016.01.19"	"Syria"	"Raqqa"	1	0	1	1594	1267	2861	188811	264476	453287
"2016.01.20"	"Iraq"	"Baghdad"	2	5	7	1596	1272	2868	188813	264481	453294
"2016.01.20"	"Afghanistan"	"Kabul"	7	24	31	1603	1296	2899	188820	264505	453325
"2016.01.20"	"Pakistan"	"Charsadda"	31	19	50	1634	1315	2949	188851	264524	453375
"2016.01.21"	"Libya"	"sirte"	3	0	3	1637	1315	2952	188854	264524	453378
"2016.01.21"	"Iraq"	"Baghdad"	2	6	8	1639	1321	2960	188856	264530	453386
"2016.01.21"	"Iraq"	"Baghdad"	2	5	7	1641	1326	2967	188858	264535	453393
"2016.01.21"	"Iraq"	"Baghdad"	4	15	19	1645	1341	2986	188862	264550	453412
"2016.01.21"	"Iraq"	"Hamamiyat"	3	7	10	1648	1348	2996	188865	264557	453422
"2016.01.21"	"Egypt"	"El-Arish"	5	3	8	1653	1351	3004	188870	264560	453430
"2016.01.21"	"Egypt"	"Giza"	10	13	23	1663	1364	3027	188880	264573	453453
"2016.01.21"	"Somalia"	"Mogadishu"	20	20	40	1683	1384	3067	188900	264593	453493
"2016.01.23"	"Iraq"	"Fallujah"	10	0	10	1693	1384	3077	188910	264593	453503
"2016.01.23"	"Iraq"	"Tal Msheihda"	5	11	16	1698	1395	3093	188915	264604	453519
"2016.01.23"	"Iraq"	"Kilo"	43	0	43	1741	1395	3136	188958	264604	453562
"2016.01.23"	"Iraq"	"Hit"	1	0	1	1742	1395	3137	188959	264604	453563
"2016.01.23"	"Pakistan"	"Bhal Syeda"	1	0	1	1743	1395	3138	188960	264604	453564
"2016.01.23"	"Pakistan"	"Peshawar"	2	0	2	1745	1395	3140	188962	264604	453566
"2016.01.23"	"Afghanistan"	"Jalalabad"	2	2	4	1747	1397	3144	188964	264606	453570
"2016.01.23"	"Syria"	"Wafidin"	3	7	10	1750	1404	3154	188967	264613	453580
"2016.01.24"	"Yemen"	"Mansura"	5	0	5	1755	1404	3159	188972	264613	453585
"2016.01.24"	"Egypt"	"Kafr Keshk"	3	4	7	1758	1408	3166	188975	264617	453592
"2016.01.24"	"Nigeria"	"Babangida"	1	0	1	1759	1408	3167	188976	264617	453593
"2016.01.24"	"Syria"	"Qamishli"	3	10	13	1762	1418	3180	188979	264627	453606
"2016.01.24"	"Nigeria"	"Girei"	62	0	62	1824	1418	3242	189041	264627	453668
"2016.01.25"	"Iraq"	"Ramadi"	40	0	40	1864	1418	3282	189081	264627	453708
"2016.01.25"	"Syria"	"Raqqa"	1	0	1	1865	1418	3283	189082	264627	453709
"2016.01.25"	"Syria"	"Aleppo"	23	24	47	1888	1442	3330	189105	264651	453756
"2016.01.25"	"Israel"	"Beit Horon"	1	1	2	1889	1443	3332	189106	264652	453758
"2016.01.25"	"Afghanistan"	"Spin Boldak"	3	3	6	1892	1446	3338	189109	264655	453764
"2016.01.25"	"Cameroon"	"Bodo"	32	86	118	1924	1532	3456	189141	264741	453882
"2016.01.25"	"Syria"	"Deir al-Zour"	5	6	11	1929	1538	3467	189146	264747	453893
"2016.01.26"	"Iraq"	"Hamamiyat"	2	8	10	1931	1546	3477	189148	264755	453903
"2016.01.26"	"Kenya"	"Lamu"	5	2	7	1936	1548	3484	189153	264757	453910
"2016.01.26"	"Pakistan"	"Safi"	1	0	1	1937	1548	3485	189154	264757	453911
"2016.01.26"	"Syria"	"Manbij"	1	0	1	1938	1548	3486	189155	264757	453912
"2016.01.26"	"Iraq"	"Ramadi"	55	0	55	1993	1548	3541	189210	264757	453967
"2016.01.26"	"Syria"	"Homs"	25	100	125	2018	1648	3666	189235	264857	454092
"2016.01.26"	"Afghanistan"	"Chinarto"	10	0	10	2028	1648	3676	189245	264857	454102
"2016.01.27"	"Nigeria"	"Chibok"	16	32	48	2044	1680	3724	189261	264889	454150
"2016.01.27"	"Iraq"	"al-Baghdadi"	4	10	14	2048	1690	3738	189265	264899	454164
"2016.01.27"	"Egypt"	"al-Arish"	4	12	16	2052	1702	3754	189269	264911	454180
"2016.01.27"	"Afghanistan"	"Gerishk"	4	0	4	2056	1702	3758	189273	264911	454184
"2016.01.27"	"Uganda"	"Numuseru"	1	0	1	2057	1702	3759	189274	264911	454185
"2016.01.27"	"Sweden"	"Tanum"	1	0	1	2058	1702	3760	189275	264911	454186
"2016.01.28"	"Iraq"	"Baghdad"	2	9	11	2060	1711	3771	189277	264920	454197
"2016.01.28"	"Egypt"	"Rafah"	6	12	18	2066	1723	3789	189283	264932	454215
"2016.01.28"	"Pakistan"	"Quetta"	4	0	4	2070	1723	3793	189287	264932	454219
"2016.01.28"	"Cameroon"	"Kerawa"	4	12	16	2074	1735	3809	189291	264944	454235
"2016.01.28"	"Mali"	"Gao"	4	3	7	2078	1738	3816	189295	264947	454242
"2016.01.28"	"Yemen"	"Aden"	11	10	21	2089	1748	3837	189306	264957	454263
"2016.01.29"	"Yemen"	"Aden"	7	7	14	2096	1755	3851	189313	264964	454277
"2016.01.29"	"Syria"	"Deir Ezzor"	3	3	6	2099	1758	3857	189316	264967	454283
"2016.01.29"	"Nigeria"	"Adamawa"	10	28	38	2109	1786	3895	189326	264995	454321
"2016.01.29"	"Pakistan"	"Regi"	1	0	1	2110	1786	3896	189327	264995	454322
"2016.01.29"	"Afghanistan"	"Nangarhar"	1	0	1	2111	1786	3897	189328	264995	454323
"2016.01.29"	"Saudi Arabia"	"Mahasen"	5	36	41	2116	1822	3938	189333	265031	454364
"2016.01.29"	"Egypt"	"al-Arish"	2	7	9	2118	1829	3947	189335	265038	454373
"2016.01.30"	"Kenya"	"Pandanguo"	3	1	4	2121	1830	3951	189338	265039	454377
"2016.01.30"	"Afghanistan"	"Sarkanu"	4	3	7	2125	1833	3958	189342	265042	454384
"2016.01.30"	"Nigeria"	"Dalori"	86	62	148	2211	1895	4106	189428	265104	454532
"2016.01.30"	"Yemen"	"Lahj"	3	1	4	2214	1896	4110	189431	265105	454536
"2016.01.30"	"Afghanistan"	"Sarkano"	3	2	5	2217	1898	4115	189434	265107	454541
"2016.01.30"	"Iraq"	"Saladin"	1	0	1	2218	1898	4116	189435	265107	454542
"2016.01.30"	"Syria"	"Jarablus"	1	0	1	2219	1898	4117	189436	265107	454543
"2016.01.30"	"Iraq"	"Hadher"	17	0	17	2236	1898	4134	189453	265107	454560
"2016.01.30"	"Iraq"	"Shirqat"	3	0	3	2239	1898	4137	189456	265107	454563
"2016.01.31"	"Egypt"	"Sheikh Zuwaid"	2	0	2	2241	1898	4139	189458	265107	454565
"2016.01.31"	"Iraq"	"Khazir"	8	6	14	2249	1904	4153	189466	265113	454579
"2016.01.31"	"Iraq"	"Mosul"	4	0	4	2253	1904	4157	189470	265113	454583
"2016.01.31"	"Kenya"	"Kaisari"	4	1	5	2257	1905	4162	189474	265114	454588
"2016.01.31"	"Syria"	"Sayeda Zeinab"	71	110	181	2328	2015	4343	189545	265224	454769
"2016.01.31"	"Egypt"	"Rafah"	2	4	6	2330	2019	4349	189547	265228	454775
"2016.01.31"	"Saudi Arabia"	"Najran"	1	9	10	2331	2028	4359	189548	265237	454785
"2016.01.31"	"Chad"	"Guie"	1	32	33	2332	2060	4392	189549	265269	454818
"2016.01.31"	"Chad"	"Miterine"	4	24	28	2336	2084	4420	189553	265293	454846
"2016.01.31"	"Saudi Arabia"	"Qatif"	2	0	2	2338	2084	4422	189555	265293	454848
"2016.01.31"	"Yemen"	"Aden"	1	0	1	2339	2084	4423	189556	265293	454849
"2016.02.01"	"Afghanistan"	"Kabul"	20	29	49	2359	2113	4472	189576	265322	454898
"2016.02.01"	"Iraq"	"Anbar"	1	0	1	2360	2113	4473	189577	265322	454899
"2016.02.01"	"Somalia"	"Mogadishu"	1	6	7	2361	2119	4480	189578	265328	454906
"2016.02.01"	"Syria"	"Manbij"	3	0	3	2364	2119	4483	189581	265328	454909
"2016.02.01"	"Iraq"	"Hit"	7	5	12	2371	2124	4495	189588	265333	454921
"2016.02.02"	"Iraq"	"Madain"	2	9	11	2373	2133	4506	189590	265342	454932
"2016.02.02"	"Nigeria"	"Goniambari"	6	1	7	2379	2134	4513	189596	265343	454939
"2016.02.02"	"Iraq"	"Al-Bu Dhiaab"	18	0	18	2397	2134	4531	189614	265343	454957
"2016.02.02"	"Thailand"	"Narathiwat"	1	1	2	2398	2135	4533	189615	265344	454959
"2016.02.02"	"Iraq"	"Baghdad"	6	27	33	2404	2162	4566	189621	265371	454992
"2016.02.02"	"Somalia"	"Mogadishu"	0	2	2	2404	2164	4568	189621	265373	454994
"2016.02.03"	"Libya"	"Benghazi"	3	13	16	2407	2177	4584	189624	265386	455010
"2016.02.03"	"Iraq"	"Mosul"	12	0	12	2419	2177	4596	189636	265386	455022
"2016.02.03"	"Afghanistan"	"Tirin Kot"	1	0	1	2420	2177	4597	189637	265386	455023
"2016.02.03"	"Israel"	"Jerusalem"	1	2	3	2421	2179	4600	189638	265388	455026
"2016.02.03"	"Syria"	"Daraa"	17	101	118	2438	2280	4718	189655	265489	455144
"2016.02.03"	"Iraq"	"Hawija"	2	0	2	2440	2280	4720	189657	265489	455146
"2016.02.03"	"Iraq"	"Ramadi"	13	0	13	2453	2280	4733	189670	265489	455159
"2016.02.03"	"Libya"	"Sirte"	1	0	1	2454	2280	4734	189671	265489	455160
"2016.02.04"	"Iraq"	"Baghdad"	9	33	42	2463	2313	4776	189680	265522	455202
"2016.02.04"	"Mali"	"Timbuktu"	1	3	4	2464	2316	4780	189681	265525	455206
"2016.02.04"	"Syria"	"Raqqa"	1	0	1	2465	2316	4781	189682	265525	455207
"2016.02.04"	"Yemen"	"Hadramaut"	6	0	6	2471	2316	4787	189688	265525	455213
"2016.02.05"	"Afghanistan"	"Zanu"	1	0	1	2472	2316	4788	189689	265525	455214
"2016.02.05"	"Somalia"	"Mogadishu"	3	0	3	2475	2316	4791	189692	265525	455217
"2016.02.05"	"Syria"	"Aleppo"	35	24	59	2510	2340	4850	189727	265549	455276
"2016.02.06"	"Pakistan"	"Quetta"	10	35	45	2520	2375	4895	189737	265584	455321
"2016.02.06"	"Iraq"	"Baghdadi"	9	16	25	2529	2391	4920	189746	265600	455346
"2016.02.06"	"Iraq"	"Fallujah"	14	0	14	2543	2391	4934	189760	265600	455360
"2016.02.06"	"Nigeria"	"Konduga"	4	0	4	2547	2391	4938	189764	265600	455364
"2016.02.06"	"Nigeria"	"Zamfara"	23	10	33	2570	2401	4971	189787	265610	455397
"2016.02.07"	"Iraq"	"Baghdad"	7	22	29	2577	2423	5000	189794	265632	455426
"2016.02.07"	"Iraq"	"Baghdad"	3	0	3	2580	2423	5003	189797	265632	455429
"2016.02.07"	"Afghanistan"	"Kunar"	3	0	3	2583	2423	5006	189800	265632	455432
"2016.02.07"	"Mali"	"Boni"	1	0	1	2584	2423	5007	189801	265632	455433
"2016.02.07"	"Afghanistan"	"Logar"	1	8	9	2585	2431	5016	189802	265640	455442
"2016.02.07"	"Israel"	"Rahat"	0	1	1	2585	2432	5017	189802	265641	455443
"2016.02.08"	"Syria"	"Hasakah"	9	4	13	2594	2436	5030	189811	265645	455456
"2016.02.08"	"Afghanistan"	"Yahyakhil"	6	9	15	2600	2445	5045	189817	265654	455471
"2016.02.08"	"Afghanistan"	"Dehdadi"	3	14	17	2603	2459	5062	189820	265668	455488
"2016.02.08"	"Iraq"	"Albu Diab"	15	0	15	2618	2459	5077	189835	265668	455503
"2016.02.08"	"Iraq"	"Mosul"	300	0	300	2918	2459	5377	190135	265668	455803
"2016.02.08"	"Pakistan"	"Havid"	2	0	2	2920	2459	5379	190137	265668	455805
"2016.02.08"	"Pakistan"	"Peshawar"	1	1	2	2921	2460	5381	190138	265669	455807
"2016.02.08"	"Bangladesh"	"Gobindaganj"	1	0	1	2922	2460	5382	190139	265669	455808
"2016.02.08"	"Iraq"	"Mosul"	4	0	4	2926	2460	5386	190143	265669	455812
"2016.02.08"	"Iraq"	"Hammam al-Alil"	14	0	14	2940	2460	5400	190157	265669	455826
"2016.02.09"	"Iraq"	"Mosul"	1	0	1	2941	2460	5401	190158	265669	455827
"2016.02.09"	"Iraq"	"Mosul"	1	0	1	2942	2460	5402	190159	265669	455828
"2016.02.09"	"Egypt"	"Sinai"	1	3	4	2943	2463	5406	190160	265672	455832
"2016.02.09"	"Syria"	"Damascus"	8	20	28	2951	2483	5434	190168	265692	455860
"2016.02.10"	"Iraq"	"Wafa"	2	5	7	2953	2488	5441	190170	265697	455867
"2016.02.10"	"Iraq"	"Taji"	3	9	12	2956	2497	5453	190173	265706	455879
"2016.02.10"	"Afghanistan"	"Abdul Rauf"	5	7	12	2961	2504	5465	190178	265713	455891
"2016.02.10"	"Cameroon"	"Nguetchewe"	6	30	36	2967	2534	5501	190184	265743	455927
"2016.02.10"	"Nigeria"	"Dikwa"	60	78	138	3027	2612	5639	190244	265821	456065
"2016.02.10"	"Somalia"	"Jameo Mubarac"	1	0	1	3028	2612	5640	190245	265821	456066
"2016.02.11"	"USA"	"Columbus"	0	4	4	3028	2616	5644	190245	265825	456070
"2016.02.11"	"Iraq"	"Mosul"	4	0	4	3032	2616	5648	190249	265825	456074
"2016.02.11"	"Mali"	"Mopti"	3	0	3	3035	2616	5651	190252	265825	456077
"2016.02.11"	"Yemen"	"Aden"	3	0	3	3038	2616	5654	190255	265825	456080
"2016.02.12"	"Mali"	"Kidal"	5	30	35	3043	2646	5689	190260	265855	456115
"2016.02.12"	"Iraq"	"Makhmour"	1	11	12	3044	2657	5701	190261	265866	456127
"2016.02.12"	"Nigeria"	"Kachifa"	8	0	8	3052	2657	5709	190269	265866	456135
"2016.02.12"	"Yemen"	"Aden"	5	0	5	3057	2657	5714	190274	265866	456140
"2016.02.12"	"Thailand"	"Yala"	1	1	2	3058	2658	5716	190275	265867	456142
"2016.02.12"	"Pakistan"	"Takht-e-Nusrati"	1	2	3	3059	2660	5719	190276	265869	456145
"2016.02.13"	"Nigeria"	"Yakshari"	22	0	22	3081	2660	5741	190298	265869	456167
"2016.02.13"	"Thailand"	"Narathiwat"	1	0	1	3082	2660	5742	190299	265869	456168
"2016.02.13"	"Egypt"	"Sinai"	2	1	3	3084	2661	5745	190301	265870	456171
"2016.02.13"	"Iraq"	"Tarmiya"	5	5	10	3089	2666	5755	190306	265875	456181
"2016.02.13"	"Iraq"	"Mahmoudiya"	2	7	9	3091	2673	5764	190308	265882	456190
"2016.02.13"	"Afghanistan"	"Helmand"	5	7	12	3096	2680	5776	190313	265889	456202
"2016.02.13"	"Pakistan"	"Islamabad"	1	2	3	3097	2682	5779	190314	265891	456205
"2016.02.13"	"Syria"	"Sfeira"	2	5	7	3099	2687	5786	190316	265896	456212
"2016.02.14"	"Iraq"	"Mosul"	2	0	2	3101	2687	5788	190318	265896	456214
"2016.02.14"	"Iraq"	"Faisaliah"	8	0	8	3109	2687	5796	190326	265896	456222
"2016.02.14"	"Nigeria"	"Abbi"	2	19	21	3111	2706	5817	190328	265915	456243
"2016.02.14"	"Syria"	"Mrat"	100	0	100	3211	2706	5917	190428	265915	456343
"2016.02.14"	"India"	"Chowkibal"	2	2	4	3213	2708	5921	190430	265917	456347
"2016.02.15"	"Iraq"	"Nineveh"	1	0	1	3214	2708	5922	190431	265917	456348
"2016.02.15"	"Iraq"	"Tarmiya"	3	8	11	3217	2716	5933	190434	265925	456359
"2016.02.15"	"Iraq"	"Hawija"	5	0	5	3222	2716	5938	190439	265925	456364
"2016.02.15"	"Afghanistan"	"Jalalabad"	1	0	1	3223	2716	5939	190440	265925	456365
"2016.02.15"	"Nigeria"	"Kuda"	6	20	26	3229	2736	5965	190446	265945	456391
"2016.02.15"	"Somalia"	"Mogadishu"	1	1	2	3230	2737	5967	190447	265946	456393
"2016.02.15"	"Afghanistan"	"Pul-e-Momin"	2	7	9	3232	2744	5976	190449	265953	456402
"2016.02.15"	"Dagestan"	"Makhachkala"	3	2	5	3235	2746	5981	190452	265955	456407
"2016.02.15"	"Saudi Arabia"	"Abu Arish"	1	0	1	3236	2746	5982	190453	265955	456408
"2016.02.16"	"Iraq"	"Mosul"	1	0	1	3237	2746	5983	190454	265955	456409
"2016.02.16"	"Iraq"	"Ramadi"	40	0	40	3277	2746	6023	190494	265955	456449
"2016.02.16"	"Philippines"	"Datu Salibo"	4	2	6	3281	2748	6029	190498	265957	456455
"2016.02.17"	"Egypt"	"Giza"	1	2	3	3282	2750	6032	190499	265959	456458
"2016.02.17"	"Iraq"	"Nineveh"	3	0	3	3285	2750	6035	190502	265959	456461
"2016.02.17"	"Thailand"	"Narathiwat"	1	1	2	3286	2751	6037	190503	265960	456463
"2016.02.17"	"Yemen"	"Aden"	13	60	73	3299	2811	6110	190516	266020	456536
"2016.02.18"	"Iraq"	"Hawija"	17	0	17	3316	2811	6127	190533	266020	456553
"2016.02.18"	"Israel"	"Shaare Benjamin"	1	1	2	3317	2812	6129	190534	266021	456555
"2016.02.18"	"Syria"	"Aleppo"	4	5	9	3321	2817	6138	190538	266026	456564
"2016.02.18"	"Iraq"	"Mosul"	3	0	3	3324	2817	6141	190541	266026	456567
"2016.02.18"	"Pakistan"	"Mohmand"	9	0	9	3333	2817	6150	190550	266026	456576
"2016.02.18"	"Afghanistan"	"Waskhwa"	6	0	6	3339	2817	6156	190556	266026	456582
"2016.02.18"	"Syria"	"Palmyra"	2	0	2	3341	2817	6158	190558	266026	456584
"2016.02.18"	"Syria"	"Kobane"	13	24	37	3354	2841	6195	190571	266050	456621
"2016.02.18"	"England"	"Rochdale"	1	0	1	3355	2841	6196	190572	266050	456622
"2016.02.18"	"Syria"	"Aleppo"	1	0	1	3356	2841	6197	190573	266050	456623
"2016.02.19"	"Pakistan"	"Faisalabad"	3	0	3	3359	2841	6200	190576	266050	456626
"2016.02.19"	"Egypt"	"Sinai"	1	0	1	3360	2841	6201	190577	266050	456627
"2016.02.19"	"Cameroon"	"Meme"	24	112	136	3384	2953	6337	190601	266162	456763
"2016.02.19"	"Mali"	"Menaka"	1	1	2	3385	2954	6339	190602	266163	456765
"2016.02.19"	"Iraq"	"Hardan"	9	9	18	3394	2963	6357	190611	266172	456783
"2016.02.19"	"Afghanistan"	"Landi Kotal"	1	0	1	3395	2963	6358	190612	266172	456784
"2016.02.20"	"Yemen"	"Ahwar"	3	0	3	3398	2963	6361	190615	266172	456787
"2016.02.20"	"Yemen"	"Aden"	2	0	2	3400	2963	6363	190617	266172	456789
"2016.02.21"	"Thailand"	"Pattani"	2	0	2	3402	2963	6365	190619	266172	456791
"2016.02.21"	"Syria"	"Zahra"	59	200	259	3461	3163	6624	190678	266372	457050
"2016.02.21"	"Syria"	"Damascus"	83	178	261	3544	3341	6885	190761	266550	457311
"2016.02.21"	"Philippines"	"Butig"	3	6	9	3547	3347	6894	190764	266556	457320
"2016.02.21"	"India"	"Pulwama"	3	10	13	3550	3357	6907	190767	266566	457333
"2016.02.21"	"Bangladesh"	"Deviganj"	1	2	3	3551	3359	6910	190768	266568	457336
"2016.02.21"	"Iraq"	"Kirkuk"	2	0	2	3553	3359	6912	190770	266568	457338
"2016.02.21"	"Pakistan"	"Navi Mandi"	3	1	4	3556	3360	6916	190773	266569	457342
"2016.02.21"	"Iraq"	"Kirkuk"	4	2	6	3560	3362	6922	190777	266571	457348
"2016.02.21"	"Egypt"	"al-Arish"	2	10	12	3562	3372	6934	190779	266581	457360
"2016.02.22"	"Philippines"	"Tugaya"	1	0	1	3563	3372	6935	190780	266581	457361
"2016.02.22"	"Iraq"	"Ramadi"	8	0	8	3571	3372	6943	190788	266581	457369
"2016.02.22"	"India"	"Pompore"	3	0	3	3574	3372	6946	190791	266581	457372
"2016.02.22"	"Iraq"	"Ramadi"	6	10	16	3580	3382	6962	190797	266591	457388
"2016.02.22"	"Afghanistan"	"Jabba"	2	2	4	3582	3384	6966	190799	266593	457392
"2016.02.22"	"Afghanistan"	"Parwan"	13	19	32	3595	3403	6998	190812	266612	457424
"2016.02.22"	"Afghanistan"	"Baghlan"	1	2	3	3596	3405	7001	190813	266614	457427
"2016.02.23"	"Iraq"	"Fallujah"	12	0	12	3608	3405	7013	190825	266614	457439
"2016.02.23"	"Syria"	"Hamidiya"	2	0	2	3610	3405	7015	190827	266614	457441
"2016.02.23"	"Iraq"	"Hawija"	4	0	4	3614	3405	7019	190831	266614	457445
"2016.02.23"	"Syria"	"Deir Ezzor"	2	14	16	3616	3419	7035	190833	266628	457461
"2016.02.23"	"Iraq"	"Yusufiya"	1	9	10	3617	3428	7045	190834	266637	457471
"2016.02.23"	"Syria"	"Raqqa"	1	0	1	3618	3428	7046	190835	266637	457472
"2016.02.24"	"Libya"	"Sabratha"	12	0	12	3630	3428	7058	190847	266637	457484
"2016.02.24"	"Mali"	"Timbuktu"	3	2	5	3633	3430	7063	190850	266639	457489
"2016.02.24"	"Afghanistan"	"Kabul"	7	0	7	3640	3430	7070	190857	266639	457496
"2016.02.24"	"Syria"	"Dayr al-Zawr"	2	14	16	3642	3444	7086	190859	266653	457512
"2016.02.24"	"Syria"	"Aleppo"	10	5	15	3652	3449	7101	190869	266658	457527
"2016.02.24"	"Iraq"	"Mosul"	1	0	1	3653	3449	7102	190870	266658	457528
"2016.02.24"	"Nigeria"	"Agatu"	300	0	300	3953	3449	7402	191170	266658	457828
"2016.02.25"	"Somalia"	"Mogadishu"	4	8	12	3957	3457	7414	191174	266666	457840
"2016.02.25"	"Iraq"	"Baghdad"	15	50	65	3972	3507	7479	191189	266716	457905
"2016.02.26"	"Somalia"	"Mogadishu"	14	30	44	3986	3537	7523	191203	266746	457949
"2016.02.26"	"Syria"	"al-Zahra"	1	0	1	3987	3537	7524	191204	266746	457950
"2016.02.26"	"Egypt"	"Giza"	1	1	2	3988	3538	7526	191205	266747	457952
"2016.02.26"	"Germany"	"Hanover"	0	1	1	3988	3539	7527	191205	266748	457953
"2016.02.27"	"Pakistan"	"Qayum"	1	2	3	3989	3541	7530	191206	266750	457956
"2016.02.27"	"Afghanistan"	"Bolan"	2	0	2	3991	3541	7532	191208	266750	457958
"2016.02.27"	"Egypt"	"Rafah"	2	2	4	3993	3543	7536	191210	266752	457962
"2016.02.27"	"Iraq"	"Abu Ghraib"	2	9	11	3995	3552	7547	191212	266761	457973
"2016.02.27"	"Iraq"	"Baghdad"	5	25	30	4000	3577	7577	191217	266786	458003
"2016.02.27"	"Syria"	"Ajila"	2	4	6	4002	3581	7583	191219	266790	458009
"2016.02.27"	"Afghanistan"	"Asadabad"	12	40	52	4014	3621	7635	191231	266830	458061
"2016.02.27"	"Afghanistan"	"Nangarhar"	1	5	6	4015	3626	7641	191232	266835	458067
"2016.02.27"	"Syria"	"Salamiya"	2	3	5	4017	3629	7646	191234	266838	458072
"2016.02.27"	"Afghanistan"	"Kabul"	15	31	46	4032	3660	7692	191249	266869	458118
"2016.02.27"	"Syria"	"Teeba"	4	4	8	4036	3664	7700	191253	266873	458126
"2016.02.27"	"Syria"	"Deir Ezzor"	3	12	15	4039	3676	7715	191256	266885	458141
"2016.02.28"	"Iraq"	"Abu Ghraib"	24	22	46	4063	3698	7761	191280	266907	458187
"2016.02.28"	"Iraq"	"Baghdad"	78	112	190	4141	3810	7951	191358	267019	458377
"2016.02.28"	"Egypt"	"al-Arish"	1	0	1	4142	3810	7952	191359	267019	458378
"2016.02.28"	"Somalia"	"Baidoa"	30	60	90	4172	3870	8042	191389	267079	458468
"2016.02.28"	"Afghanistan"	"Qads"	1	0	1	4173	3870	8043	191390	267079	458469
"2016.02.28"	"Afghanistan"	"Lashkar Gah"	3	11	14	4176	3881	8057	191393	267090	458483
"2016.02.28"	"Saudi Arabia"	"Qassim"	1	0	1	4177	3881	8058	191394	267090	458484
"2016.02.29"	"Russia"	"Moscow"	1	0	1	4178	3881	8059	191395	267090	458485
"2016.02.29"	"Afghanistan"	"Farah"	3	3	6	4181	3884	8065	191398	267093	458491
"2016.02.29"	"Afghanistan"	"Uruzgan"	4	3	7	4185	3887	8072	191402	267096	458498
"2016.02.29"	"Iraq"	"Mosul"	24	0	24	4209	3887	8096	191426	267096	458522
"2016.02.29"	"Iraq"	"Mosul"	2	0	2	4211	3887	8098	191428	267096	458524
"2016.02.29"	"Iraq"	"Muqdadiya"	40	58	98	4251	3945	8196	191468	267154	458622
"2016.02.29"	"Iraq"	"Hawija"	3	0	3	4254	3945	8199	191471	267154	458625
"2016.02.29"	"Yemen"	"Aden"	4	5	9	4258	3950	8208	191475	267159	458634
"2016.02.29"	"DRC"	"Ntombi"	13	0	13	4271	3950	8221	191488	267159	458647
"2016.02.29"	"Nigeria"	"Badarawa"	15	22	37	4286	3972	8258	191503	267181	458684
"2016.02.29"	"Syria"	"Deir ez-Zor"	3	0	3	4289	3972	8261	191506	267181	458687
"2016.03.01"	"Pakistan"	"Noorshah"	2	0	2	4291	3972	8263	191508	267181	458689
"2016.03.01"	"Pakistan"	"Peshawar"	2	4	6	4293	3976	8269	191510	267185	458695
"2016.03.01"	"Afghanistan"	"Pul-e-Khumri"	3	2	5	4296	3978	8274	191513	267187	458700
"2016.03.01"	"Somalia"	"Alamada"	5	8	13	4301	3986	8287	191518	267195	458713
"2016.03.01"	"Egypt"	"al-Arish"	2	0	2	4303	3986	8289	191520	267195	458715
"2016.03.01"	"Iraq"	"Haditha"	8	8	16	4311	3994	8305	191528	267203	458731
"2016.03.01"	"Philippines"	"Zamboanga"	2	0	2	4313	3994	8307	191530	267203	458733
"2016.03.01"	"Philippines"	"Datu Salibo"	1	2	3	4314	3996	8310	191531	267205	458736
"2016.03.01"	"Pakistan"	"Sheikhupura"	1	0	1	4315	3996	8311	191532	267205	458737
"2016.03.02"	"Iraq"	"Hawija"	6	0	6	4321	3996	8317	191538	267205	458743
"2016.03.02"	"Iraq"	"Nineveh"	5	0	5	4326	3996	8322	191543	267205	458748
"2016.03.02"	"Syria"	"Quneitra"	18	30	48	4344	4026	8370	191561	267235	458796
"2016.03.02"	"Egypt"	"Khariza"	1	3	4	4345	4029	8374	191562	267238	458800
"2016.03.02"	"Afghanistan"	"Jalalabad"	2	19	21	4347	4048	8395	191564	267257	458821
"2016.03.03"	"Iraq"	"Abu Ghraib"	2	10	12	4349	4058	8407	191566	267267	458833
"2016.03.03"	"Syria"	"Kafriya"	1	3	4	4350	4061	8411	191567	267270	458837
"2016.03.03"	"Libya"	"Surman"	2	0	2	4352	4061	8413	191569	267270	458839
"2016.03.03"	"Thailand"	"Yala"	1	0	1	4353	4061	8414	191570	267270	458840
"2016.03.04"	"Yemen"	"Aden"	16	0	16	4369	4061	8430	191586	267270	458856
"2016.03.05"	"Syria"	"Jarablus"	1	0	1	4370	4061	8431	191587	267270	458857
"2016.03.05"	"Yemen"	"Aden"	2	0	2	4372	4061	8433	191589	267270	458859
"2016.03.05"	"Iraq"	"Mosul"	132	0	132	4504	4061	8565	191721	267270	458991
"2016.03.06"	"Iraq"	"Hillah"	61	95	156	4565	4156	8721	191782	267365	459147
"2016.03.06"	"Syria"	"Aleppo"	14	40	54	4579	4196	8775	191796	267405	459201
"2016.03.06"	"Egypt"	"Sheikh Zuweid"	3	0	3	4582	4196	8778	191799	267405	459204
"2016.03.06"	"Iraq"	"al-Jahash"	12	0	12	4594	4196	8790	191811	267405	459216
"2016.03.07"	"Pakistan"	"Orangi Town"	2	0	2	4596	4196	8792	191813	267405	459218
"2016.03.07"	"Iraq"	"Abu Ghraib"	3	7	10	4599	4203	8802	191816	267412	459228
"2016.03.07"	"Afghanistan"	"Shindand"	3	3	6	4602	4206	8808	191819	267415	459234
"2016.03.07"	"Egypt"	"al-Arish"	2	0	2	4604	4206	8810	191821	267415	459236
"2016.03.07"	"Syria"	"Hasakah"	1	3	4	4605	4209	8814	191822	267418	459240
"2016.03.07"	"Chechnya"	"Grozny"	1	0	1	4606	4209	8815	191823	267418	459241
"2016.03.07"	"Tunisia"	"Ben Guerdane"	19	17	36	4625	4226	8851	191842	267435	459277
"2016.03.07"	"Somalia"	"Beledweyne"	0	6	6	4625	4232	8857	191842	267441	459283
"2016.03.07"	"Pakistan"	"Shabqadar"	17	30	47	4642	4262	8904	191859	267471	459330
"2016.03.07"	"Iraq"	"Kirkuk"	5	0	5	4647	4262	8909	191864	267471	459335
"2016.03.08"	"Uruguay"	"Paysandu"	1	0	1	4648	4262	8910	191865	267471	459336
"2016.03.08"	"Iraq"	"al-Hadar"	4	0	4	4652	4262	8914	191869	267471	459340
"2016.03.08"	"Israel"	"Jaffa"	1	15	16	4653	4277	8930	191870	267486	459356
"2016.03.08"	"Afghanistan"	"Maiwand"	2	0	2	4655	4277	8932	191872	267486	459358
"2016.03.08"	"Syria"	"Aleppo"	1	0	1	4656	4277	8933	191873	267486	459359
"2016.03.08"	"Thailand"	"Tak Bai"	1	0	1	4657	4277	8934	191874	267486	459360
"2016.03.08"	"Iraq"	"Fallujah"	50	0	50	4707	4277	8984	191924	267486	459410
"2016.03.08"	"Iraq"	"Baghdad"	3	7	10	4710	4284	8994	191927	267493	459420
"2016.03.08"	"Thailand"	"Si Sakhon"	1	0	1	4711	4284	8995	191928	267493	459421
"2016.03.08"	"Turkey"	"Kilis"	2	1	3	4713	4285	8998	191930	267494	459424
"2016.03.09"	"Iraq"	"Taza"	1	1500	1501	4714	5785	10499	191931	268994	460925
"2016.03.09"	"Thailand"	"Narathiwat"	2	3	5	4716	5788	10504	191933	268997	460930
"2016.03.09"	"Nigeria"	"Benue"	8	0	8	4724	5788	10512	191941	268997	460938
"2016.03.09"	"Afghanistan"	"Gereshk"	4	30	34	4728	5818	10546	191945	269027	460972
"2016.03.09"	"Somalia"	"Mogadishu"	4	2	6	4732	5820	10552	191949	269029	460978
"2016.03.09"	"Iraq"	"Husseiniya"	1	6	7	4733	5826	10559	191950	269035	460985
"2016.03.10"	"Nigeria"	"Tarka"	3	0	3	4736	5826	10562	191953	269035	460988
"2016.03.10"	"Syria"	"Wilayat al-Khayr"	1	0	1	4737	5826	10563	191954	269035	460989
"2016.03.10"	"Syria"	"Wilayat al-Khayr"	2	0	2	4739	5826	10565	191956	269035	460991
"2016.03.10"	"Libya"	"Misrata"	3	0	3	4742	5826	10568	191959	269035	460994
"2016.03.10"	"Iraq"	"Mosul"	3	0	3	4745	5826	10571	191962	269035	460997
"2016.03.10"	"Syria"	"Deir Ezzor"	2	0	2	4747	5826	10573	191964	269035	460999
"2016.03.11"	"Ingushetia"	"Nazran"	0	4	4	4747	5830	10577	191964	269039	461003
"2016.03.11"	"Pakistan"	"Kohistan"	2	0	2	4749	5830	10579	191966	269039	461005
"2016.03.11"	"Iraq"	"Sheikhan"	11	2	13	4760	5832	10592	191977	269041	461018
"2016.03.11"	"Iraq"	"Sinjar"	5	3	8	4765	5835	10600	191982	269044	461026
"2016.03.12"	"Iraq"	"Mahmoudiyah"	2	7	9	4767	5842	10609	191984	269051	461035
"2016.03.12"	"Iraq"	"Munsiyah"	7	0	7	4774	5842	10616	191991	269051	461042
"2016.03.12"	"Afghanistan"	"Khanashin"	1	3	4	4775	5845	10620	191992	269054	461046
"2016.03.13"	"Iraq"	"Tal Kasab"	8	22	30	4783	5867	10650	192000	269076	461076
"2016.03.13"	"Iraq"	"Sinjar"	7	11	18	4790	5878	10668	192007	269087	461094
"2016.03.13"	"Afghanistan"	"Yengi Qala"	2	0	2	4792	5878	10670	192009	269087	461096
"2016.03.13"	"Ivory Coast"	"Bassam"	18	17	35	4810	5895	10705	192027	269104	461131
"2016.03.14"	"Afghanistan"	"Kandahar"	1	0	1	4811	5895	10706	192028	269104	461132
"2016.03.14"	"Nigeria"	"Chul"	3	7	10	4814	5902	10716	192031	269111	461142
"2016.03.14"	"Nigeria"	"Huyum"	1	1	2	4815	5903	10718	192032	269112	461144
"2016.03.14"	"Egypt"	"al-Arish"	2	0	2	4817	5903	10720	192034	269112	461146
"2016.03.14"	"Iraq"	"Zankurah"	22	16	38	4839	5919	10758	192056	269128	461184
"2016.03.14"	"Canada"	"Toronto"	0	2	2	4839	5921	10760	192056	269130	461186
"2016.03.14"	"Syria"	"Busayrah"	1	0	1	4840	5921	10761	192057	269130	461187
"2016.03.14"	"Bangladesh"	"Jhenaidah"	1	0	1	4841	5921	10762	192058	269130	461188
"2016.03.14"	"Iraq"	"Ramadi"	25	20	45	4866	5941	10807	192083	269150	461233
"2016.03.14"	"Iraq"	"Mosul"	6	0	6	4872	5941	10813	192089	269150	461239
"2016.03.15"	"Iraq"	"Qwar"	9	17	26	4881	5958	10839	192098	269167	461265
"2016.03.15"	"Afghanistan"	"Hajiabad"	4	0	4	4885	5958	10843	192102	269167	461269
"2016.03.15"	"Philippines"	"Patikul"	2	0	2	4887	5958	10845	192104	269167	461271
"2016.03.15"	"Afghanistan"	"Laghman"	1	1	2	4888	5959	10847	192105	269168	461273
"2016.03.15"	"Thailand"	"Pattani"	1	0	1	4889	5959	10848	192106	269168	461274
"2016.03.15"	"Syria"	"Safafa"	68	0	68	4957	5959	10916	192174	269168	461342
"2016.03.16"	"Pakistan"	"Peshawar"	15	30	45	4972	5989	10961	192189	269198	461387
"2016.03.16"	"Nigeria"	"Maiduguri"	18	35	53	4990	6024	11014	192207	269233	461440
"2016.03.17"	"Pakistan"	"Smagal"	4	0	4	4994	6024	11018	192211	269233	461444
"2016.03.17"	"Niger"	"Dolbel"	3	3	6	4997	6027	11024	192214	269236	461450
"2016.03.17"	"Niger"	"Diffa"	1	2	3	4998	6029	11027	192215	269238	461453
"2016.03.17"	"Iraq"	"Hamidat"	1	0	1	4999	6029	11028	192216	269238	461454
"2016.03.17"	"Thailand"	"Pattani"	1	0	1	5000	6029	11029	192217	269238	461455
"2016.03.17"	"Iraq"	"Fallujah"	6	0	6	5006	6029	11035	192223	269238	461461
"2016.03.17"	"Philippines"	"Sarangani"	1	0	1	5007	6029	11036	192224	269238	461462
"2016.03.17"	"Egypt"	"Rafah"	5	10	15	5012	6039	11051	192229	269248	461477
"2016.03.18"	"Syria"	"Aleppo"	1	6	7	5013	6045	11058	192230	269254	461484
"2016.03.18"	"Afghanistan"	"Seori Tapi"	2	1	3	5015	6046	11061	192232	269255	461487
"2016.03.18"	"Iraq"	"Mosul"	1	0	1	5016	6046	11062	192233	269255	461488
"2016.03.18"	"Syria"	"Aleppo"	2	3	5	5018	6049	11067	192235	269258	461493
"2016.03.18"	"Pakistan"	"Sherabad"	2	0	2	5020	6049	11069	192237	269258	461495
"2016.03.18"	"Nigeria"	"Bori"	5	3	8	5025	6052	11077	192242	269261	461503
"2016.03.19"	"Turkey"	"Istanbul"	4	39	43	5029	6091	11120	192246	269300	461546
"2016.03.19"	"Iraq"	"Mosul"	70	0	70	5099	6091	11190	192316	269300	461616
"2016.03.19"	"Somalia"	"Afmadhow"	2	5	7	5101	6096	11197	192318	269305	461623
"2016.03.19"	"Egypt"	"al-Arish"	15	0	15	5116	6096	11212	192333	269305	461638
"2016.03.19"	"Iraq"	"Kirkuk"	2	0	2	5118	6096	11214	192335	269305	461640
"2016.03.20"	"Iraq"	"Haqlaniyah"	24	12	36	5142	6108	11250	192359	269317	461676
"2016.03.21"	"Somalia"	"Laantu Buur"	6	0	6	5148	6108	11256	192365	269317	461682
"2016.03.21"	"Iraq"	"al-Baghdadi"	6	9	15	5154	6117	11271	192371	269326	461697
"2016.03.21"	"Iraq"	"Makhmour"	2	0	2	5156	6117	11273	192373	269326	461699
"2016.03.21"	"Iraq"	"Anbar"	30	0	30	5186	6117	11303	192403	269326	461729
"2016.03.21"	"Yemen"	"Taiz"	1	3	4	5187	6120	11307	192404	269329	461733
"2016.03.21"	"Egypt"	"Cairo"	4	0	4	5191	6120	11311	192408	269329	461737
"2016.03.22"	"Bangladesh"	"Kurigram"	1	0	1	5192	6120	11312	192409	269329	461738
"2016.03.22"	"Belgium"	"Brussels"	14	92	106	5206	6212	11418	192423	269421	461844
"2016.03.22"	"Belgium"	"Brussels"	21	130	151	5227	6342	11569	192444	269551	461995
"2016.03.22"	"Iraq"	"Tarmiya"	3	7	10	5230	6349	11579	192447	269558	462005
"2016.03.23"	"Syria"	"Foua"	2	3	5	5232	6352	11584	192449	269561	462010
"2016.03.23"	"Iraq"	"Baghdad"	2	6	8	5234	6358	11592	192451	269567	462018
"2016.03.23"	"Iraq"	"Zkhaikha"	6	13	19	5240	6371	11611	192457	269580	462037
"2016.03.24"	"Pakistan"	"Hayatabad"	1	0	1	5241	6371	11612	192458	269580	462038
"2016.03.24"	"Pakistan"	"Dera Ismail Khan"	2	0	2	5243	6371	11614	192460	269580	462040
"2016.03.24"	"Scotland"	"Glasgow"	1	0	1	5244	6371	11615	192461	269580	462041
"2016.03.24"	"Afghanistan"	"Arghandab"	7	0	7	5251	6371	11622	192468	269580	462048
"2016.03.25"	"Iraq"	"Iskandariyah"	41	105	146	5292	6476	11768	192509	269685	462194
"2016.03.25"	"Libya"	"Zaria"	2	0	2	5294	6476	11770	192511	269685	462196
"2016.03.25"	"Yemen"	"Aden"	25	15	40	5319	6491	11810	192536	269700	462236
"2016.03.25"	"Syria"	"Jarablus"	2	0	2	5321	6491	11812	192538	269700	462238
"2016.03.26"	"Nigeria"	"Tumpun"	4	0	4	5325	6491	11816	192542	269700	462242
"2016.03.26"	"Syria"	"Aleppo"	5	20	25	5330	6511	11841	192547	269720	462267
"2016.03.26"	"Iraq"	"Ein al-Asad"	3	4	7	5333	6515	11848	192550	269724	462274
"2016.03.26"	"Pakistan"	"Lwargi"	1	0	1	5334	6515	11849	192551	269724	462275
"2016.03.27"	"Thailand"	"Yarang"	2	0	2	5336	6515	11851	192553	269724	462277
"2016.03.27"	"Pakistan"	"Lahore"	78	362	440	5414	6877	12291	192631	270086	462717
"2016.03.27"	"Iraq"	"Baghdad"	2	9	11	5416	6886	12302	192633	270095	462728
"2016.03.28"	"Afghanistan"	"Kabul"	1	0	1	5417	6886	12303	192634	270095	462729
"2016.03.28"	"Iraq"	"Mosul"	3	0	3	5420	6886	12306	192637	270095	462732
"2016.03.28"	"Iraq"	"Mosul"	15	0	15	5435	6886	12321	192652	270095	462747
"2016.03.29"	"Syria"	"Deir Ezzor"	1	0	1	5436	6886	12322	192653	270095	462748
"2016.03.29"	"Iraq"	"Salahudin"	11	0	11	5447	6886	12333	192664	270095	462759
"2016.03.29"	"Dagestan"	"Makhachkala"	1	2	3	5448	6888	12336	192665	270097	462762
"2016.03.29"	"Syria"	"Manbij"	1	0	1	5449	6888	12337	192666	270097	462763
"2016.03.29"	"Iraq"	"Baghdad"	7	23	30	5456	6911	12367	192673	270120	462793
"2016.03.29"	"Afghanistan"	"Kabul"	2	3	5	5458	6914	12372	192675	270123	462798
"2016.03.29"	"Thailand"	"Ra-Ngae"	3	9	12	5461	6923	12384	192678	270132	462810
"2016.03.30"	"Thailand"	"Prado"	1	0	1	5462	6923	12385	192679	270132	462811
"2016.03.30"	"Dagestan"	"Sirtych"	1	0	1	5463	6923	12386	192680	270132	462812
"2016.03.30"	"Afghanistan"	"Zabul"	2	1	3	5465	6924	12389	192682	270133	462815
"2016.03.30"	"Somalia"	"Mogadishu"	6	6	12	5471	6930	12401	192688	270139	462827
"2016.03.31"	"Nigeria"	"Abbi"	2	19	21	5473	6949	12422	192690	270158	462848
"2016.03.31"	"Iraq"	"Makhmour"	11	0	11	5484	6949	12433	192701	270158	462859
"2016.03.31"	"Thailand"	"Bangpu"	1	12	13	5485	6961	12446	192702	270170	462872
"2016.03.31"	"Pakistan"	"Battagram"	2	0	2	5487	6961	12448	192704	270170	462874
"2016.03.31"	"Niger"	"Diffa"	6	3	9	5493	6964	12457	192710	270173	462883
"2016.03.31"	"Iraq"	"Fallujah"	35	0	35	5528	6964	12492	192745	270173	462918
"2016.03.31"	"Iraq"	"Mosul"	15	0	15	5543	6964	12507	192760	270173	462933
"2016.03.31"	"Somalia"	"Galkayo"	9	10	19	5552	6974	12526	192769	270183	462952
"2016.03.31"	"Iraq"	"Makhmour"	4	1	5	5556	6975	12531	192773	270184	462957
"2016.03.31"	"Iraq"	"Tarmiyah"	3	7	10	5559	6982	12541	192776	270191	462967
"2016.03.31"	"Syria"	"Manbij"	2	0	2	5561	6982	12543	192778	270191	462969
"2016.04.01"	"Syria"	"Palmyra"	40	0	40	5601	6982	12583	192818	270191	463009
"2016.04.01"	"Thailand"	"Raman"	2	1	3	5603	6983	12586	192820	270192	463012
"2016.04.02"	"Iraq"	"Tarmiya"	1	0	1	5604	6983	12587	192821	270192	463013
"2016.04.02"	"Syria"	"Aleppo"	1	5	6	5605	6988	12593	192822	270197	463019
"2016.04.02"	"Syria"	"Raqqa"	1	0	1	5606	6988	12594	192823	270197	463020
"2016.04.02"	"Libya"	"Maradah"	2	0	2	5608	6988	12596	192825	270197	463022
"2016.04.03"	"India"	"Sahaspur"	1	1	2	5609	6989	12598	192826	270198	463024
"2016.04.03"	"Yemen"	"Marib"	3	17	20	5612	7006	12618	192829	270215	463044
"2016.04.04"	"Syria"	"Aleppo"	8	20	28	5620	7026	12646	192837	270235	463072
"2016.04.04"	"Nigeria"	"Izghe"	5	0	5	5625	7026	12651	192842	270235	463077
"2016.04.04"	"Libya"	"Jufra"	1	1	2	5626	7027	12653	192843	270236	463079
"2016.04.04"	"Iraq"	"Nasiriyah"	14	27	41	5640	7054	12694	192857	270263	463120
"2016.04.04"	"Iraq"	"Basra"	5	10	15	5645	7064	12709	192862	270273	463135
"2016.04.04"	"Iraq"	"Sadr al-Qanat"	6	13	19	5651	7077	12728	192868	270286	463154
"2016.04.04"	"Iraq"	"Mishahda"	4	10	14	5655	7087	12742	192872	270296	463168
"2016.04.04"	"Syria"	"Raqqa"	8	0	8	5663	7087	12750	192880	270296	463176
"2016.04.04"	"Afghanistan"	"Dawlat Abad"	6	0	6	5669	7087	12756	192886	270296	463182
"2016.04.04"	"Afghanistan"	"Khewa"	2	6	8	5671	7093	12764	192888	270302	463190
"2016.04.05"	"Iraq"	"Mahmoudiya"	2	7	9	5673	7100	12773	192890	270309	463199
"2016.04.05"	"Iraq"	"Baghdad"	1	2	3	5674	7102	12776	192891	270311	463202
"2016.04.05"	"Pakistan"	"Khyber Pakhtunkhwa"	4	0	4	5678	7102	12780	192895	270311	463206
"2016.04.05"	"Afghanistan"	"Parwan"	6	22	28	5684	7124	12808	192901	270333	463234
"2016.04.05"	"Saudi Arabia"	"Dawadmi"	1	0	1	5685	7124	12809	192902	270333	463235
"2016.04.06"	"Syria"	"Aleppo"	18	70	88	5703	7194	12897	192920	270403	463323
"2016.04.06"	"Bangladesh"	"Dhaka"	1	0	1	5704	7194	12898	192921	270403	463324
"2016.04.06"	"Niger"	"Diffa"	3	3	6	5707	7197	12904	192924	270406	463330
"2016.04.06"	"Iraq"	"Fallujah"	15	0	15	5722	7197	12919	192939	270406	463345
"2016.04.06"	"Thailand"	"Narathiwat"	2	0	2	5724	7197	12921	192941	270406	463347
"2016.04.06"	"Afghanistan"	"Andar"	1	9	10	5725	7206	12931	192942	270415	463357
"2016.04.06"	"Pakistan"	"Wandala"	1	1	2	5726	7207	12933	192943	270416	463359
"2016.04.07"	"Iraq"	"Abu Ghraib"	2	8	10	5728	7215	12943	192945	270424	463369
"2016.04.07"	"Egypt"	"Sheikh Zuweid"	4	14	18	5732	7229	12961	192949	270438	463387
"2016.04.07"	"Syria"	"Aleppo"	23	100	123	5755	7329	13084	192972	270538	463510
"2016.04.07"	"Syria"	"Raqqa"	2	0	2	5757	7329	13086	192974	270538	463512
"2016.04.07"	"Egypt"	"al-Arish"	3	1	4	5760	7330	13090	192977	270539	463516
"2016.04.07"	"Thailand"	"Pattani"	1	0	1	5761	7330	13091	192978	270539	463517
"2016.04.07"	"Nigeria"	"Gurum"	20	0	20	5781	7330	13111	192998	270539	463537
"2016.04.08"	"Pakistan"	"Karachi"	3	0	3	5784	7330	13114	193001	270539	463540
"2016.04.08"	"Somalia"	"Hamar Weyne"	3	10	13	5787	7340	13127	193004	270549	463553
"2016.04.09"	"Philippines"	"Bula"	1	0	1	5788	7340	13128	193005	270549	463554
"2016.04.09"	"Yemen"	"Ahwar"	19	0	19	5807	7340	13147	193024	270549	463573
"2016.04.09"	"Iraq"	"Baghdad"	2	8	10	5809	7348	13157	193026	270557	463583
"2016.04.09"	"Iraq"	"Albu Bali"	4	10	14	5813	7358	13171	193030	270567	463597
"2016.04.09"	"Iraq"	"Madain"	4	18	22	5817	7376	13193	193034	270585	463619
"2016.04.09"	"Philippines"	"Basilan"	18	53	71	5835	7429	13264	193052	270638	463690
"2016.04.09"	"Somalia"	"Mogadishu"	6	5	11	5841	7434	13275	193058	270643	463701
"2016.04.09"	"Syria"	"Damascus"	4	0	4	5845	7434	13279	193062	270643	463705
"2016.04.09"	"Syria"	"Darb Hassan"	6	3	9	5851	7437	13288	193068	270646	463714
"2016.04.09"	"Syria"	"Qaryatain"	21	0	21	5872	7437	13309	193089	270646	463735
"2016.04.10"	"Iraq"	"Hit"	6	12	18	5878	7449	13327	193095	270658	463753
"2016.04.10"	"Nigeria"	"Abraka"	1	0	1	5879	7449	13328	193096	270658	463754
"2016.04.10"	"Iraq"	"Zab"	6	4	10	5885	7453	13338	193102	270662	463764
"2016.04.10"	"Syria"	"Azaz"	20	0	20	5905	7453	13358	193122	270662	463784
"2016.04.11"	"Turkey"	"Kilis"	1	11	12	5906	7464	13370	193123	270673	463796
"2016.04.11"	"Nigeria"	"Gashak"	44	0	44	5950	7464	13414	193167	270673	463840
"2016.04.11"	"Pakistan"	"Karachi"	1	0	1	5951	7464	13415	193168	270673	463841
"2016.04.11"	"Afghanistan"	"Wesh"	7	0	7	5958	7464	13422	193175	270673	463848
"2016.04.11"	"Afghanistan"	"Kabul"	14	38	52	5972	7502	13474	193189	270711	463900
"2016.04.11"	"Somalia"	"Mogadishu"	5	7	12	5977	7509	13486	193194	270718	463912
"2016.04.11"	"Thailand"	"Songkla"	2	8	10	5979	7517	13496	193196	270726	463922
"2016.04.12"	"Mali"	"Tessalit"	3	1	4	5982	7518	13500	193199	270727	463926
"2016.04.12"	"Iraq"	"Madain"	3	5	8	5985	7523	13508	193202	270732	463934
"2016.04.12"	"Turkey"	"Gaziantep"	1	0	1	5986	7523	13509	193203	270732	463935
"2016.04.12"	"Iraq"	"Mosul"	1	0	1	5987	7523	13510	193204	270732	463936
"2016.04.12"	"Iraq"	"Mosul"	3	0	3	5990	7523	13513	193207	270732	463939
"2016.04.12"	"Pakistan"	"Sabzi Mandi"	1	2	3	5991	7525	13516	193208	270734	463942
"2016.04.12"	"Libya"	"Bani Waleed"	7	2	9	5998	7527	13525	193215	270736	463951
"2016.04.12"	"Philippines"	"Butig"	2	4	6	6000	7531	13531	193217	270740	463957
"2016.04.12"	"Yemen"	"Aden"	5	7	12	6005	7538	13543	193222	270747	463969
"2016.04.12"	"Thailand"	"Mae Lan"	3	0	3	6008	7538	13546	193225	270747	463972
"2016.04.12"	"Afghanistan"	"Mingora"	1	0	1	6009	7538	13547	193226	270747	463973
"2016.04.13"	"Libya"	"Misrata"	1	4	5	6010	7542	13552	193227	270751	463978
"2016.04.13"	"Turkey"	"Kilis"	2	8	10	6012	7550	13562	193229	270759	463988
"2016.04.14"	"Afghanistan"	"Takhar"	8	0	8	6020	7550	13570	193237	270759	463996
"2016.04.14"	"Iraq"	"Mahmoudiya"	2	7	9	6022	7557	13579	193239	270766	464005
"2016.04.15"	"Syria"	"Raqqa"	1	0	1	6023	7557	13580	193240	270766	464006
"2016.04.15"	"Libya"	"Benghazi"	6	25	31	6029	7582	13611	193246	270791	464037
"2016.04.15"	"Libya"	"Benghazi"	2	3	5	6031	7585	13616	193248	270794	464042
"2016.04.16"	"Iraq"	"Kirkuk"	1	0	1	6032	7585	13617	193249	270794	464043
"2016.04.16"	"Bahrain"	"Karbabad"	1	2	3	6033	7587	13620	193250	270796	464046
"2016.04.16"	"Iraq"	"Tarmiya"	2	4	6	6035	7591	13626	193252	270800	464052
"2016.04.16"	"Germany"	"Essen"	0	3	3	6035	7594	13629	193252	270803	464055
"2016.04.17"	"Iraq"	"Mosul"	2	0	2	6037	7594	13631	193254	270803	464057
"2016.04.17"	"Pakistan"	"Zakha Khel"	1	0	1	6038	7594	13632	193255	270803	464058
"2016.04.17"	"Yemen"	"Aden"	4	2	6	6042	7596	13638	193259	270805	464064
"2016.04.17"	"Somalia"	"Mogadishu"	1	1	2	6043	7597	13640	193260	270806	464066
"2016.04.17"	"Syria"	"Raqqa"	1	0	1	6044	7597	13641	193261	270806	464067
"2016.04.18"	"Iraq"	"Abu Karma"	1	5	6	6045	7602	13647	193262	270811	464073
"2016.04.18"	"Syria"	"Kefraya"	3	5	8	6048	7607	13655	193265	270816	464081
"2016.04.18"	"Syria"	"Hama"	2	3	5	6050	7610	13660	193267	270819	464086
"2016.04.18"	"Turkey"	"Kilis"	4	6	10	6054	7616	13670	193271	270825	464096
"2016.04.18"	"Israel"	"Jerusalem"	0	21	21	6054	7637	13691	193271	270846	464117
"2016.04.18"	"Somalia"	"Mogadishu"	4	0	4	6058	7637	13695	193275	270846	464121
"2016.04.18"	"Egypt"	"al-Arish"	2	11	13	6060	7648	13708	193277	270857	464134
"2016.04.19"	"Uganda"	"Kanginima"	0	1	1	6060	7649	13709	193277	270858	464135
"2016.04.19"	"Thailand"	"Songkhla"	1	11	12	6061	7660	13721	193278	270869	464147
"2016.04.19"	"Iraq"	"Baghdad"	2	5	7	6063	7665	13728	193280	270874	464154
"2016.04.19"	"Pakistan"	"Dhok Lona"	4	0	4	6067	7665	13732	193284	270874	464158
"2016.04.19"	"Iraq"	"Makhmour"	13	18	31	6080	7683	13763	193297	270892	464189
"2016.04.19"	"Afghanistan"	"Kabul"	64	347	411	6144	8030	14174	193361	271239	464600
"2016.04.19"	"Pakistan"	"Mardan"	1	23	24	6145	8053	14198	193362	271262	464624
"2016.04.19"	"Egypt"	"Sheikh Zuweid"	3	8	11	6148	8061	14209	193365	271270	464635
"2016.04.20"	"Iraq"	"Baghdad"	2	8	10	6150	8069	14219	193367	271278	464645
"2016.04.20"	"Nigeria"	"Zango"	11	6	17	6161	8075	14236	193378	271284	464662
"2016.04.20"	"Iraq"	"Mosul"	5	0	5	6166	8075	14241	193383	271284	464667
"2016.04.20"	"Pakistan"	"Orangi"	7	0	7	6173	8075	14248	193390	271284	464674
"2016.04.20"	"Syria"	"Yarmouk"	20	0	20	6193	8075	14268	193410	271284	464694
"2016.04.20"	"Syria"	"Aleppo"	1	2	3	6194	8077	14271	193411	271286	464697
"2016.04.20"	"Thailand"	"Songkhla"	1	11	12	6195	8088	14283	193412	271297	464709
"2016.04.20"	"Egypt"	"Sinai"	6	12	18	6201	8100	14301	193418	271309	464727
"2016.04.20"	"Iraq"	"Ramadi"	40	0	40	6241	8100	14341	193458	271309	464767
"2016.04.20"	"Iraq"	"Nineveh"	14	0	14	6255	8100	14355	193472	271309	464781
"2016.04.20"	"Iraq"	"Hawija"	2	1	3	6257	8101	14358	193474	271310	464784
"2016.04.21"	"Somalia"	"Baay"	6	0	6	6263	8101	14364	193480	271310	464790
"2016.04.21"	"Iraq"	"Ramadi"	6	0	6	6269	8101	14370	193486	271310	464796
"2016.04.21"	"Afghanistan"	"Kunar"	2	4	6	6271	8105	14376	193488	271314	464802
"2016.04.21"	"Nigeria"	"Banki"	7	9	16	6278	8114	14392	193495	271323	464818
"2016.04.21"	"Iraq"	"Madain"	2	8	10	6280	8122	14402	193497	271331	464828
"2016.04.21"	"Iraq"	"Baghdad"	6	20	26	6286	8142	14428	193503	271351	464854
"2016.04.22"	"Iraq"	"Mosul"	161	0	161	6447	8142	14589	193664	271351	465015
"2016.04.22"	"Syria"	"Raqqa"	1	0	1	6448	8142	14590	193665	271351	465016
"2016.04.22"	"Iraq"	"Dukok"	3	0	3	6451	8142	14593	193668	271351	465019
"2016.04.22"	"Syria"	"Raqqa"	1	0	1	6452	8142	14594	193669	271351	465020
"2016.04.22"	"Iraq"	"Abu Ghraib"	2	9	11	6454	8151	14605	193671	271360	465031
"2016.04.22"	"Iraq"	"Baghdad"	9	25	34	6463	8176	14639	193680	271385	465065
"2016.04.22"	"Pakistan"	"Pir Baba"	1	0	1	6464	8176	14640	193681	271385	465066
"2016.04.22"	"Turkey"	"Kilis"	4	0	4	6468	8176	14644	193685	271385	465070
"2016.04.23"	"Bangladesh"	"Tungipara"	1	0	1	6469	8176	14645	193686	271385	465071
"2016.04.23"	"Iraq"	"Mosul"	2	0	2	6471	8176	14647	193688	271385	465073
"2016.04.23"	"Iraq"	"Garma"	4	15	19	6475	8191	14666	193692	271400	465092
"2016.04.23"	"Syria"	"Idlib"	4	3	7	6479	8194	14673	193696	271403	465099
"2016.04.23"	"Bangladesh"	"Rajshahi"	1	0	1	6480	8194	14674	193697	271403	465100
"2016.04.23"	"Iraq"	"Baghdad"	10	28	38	6490	8222	14712	193707	271431	465138
"2016.04.23"	"Libya"	"Brega"	1	7	8	6491	8229	14720	193708	271438	465146
"2016.04.23"	"Syria"	"Damascus"	1	1	2	6492	8230	14722	193709	271439	465148
"2016.04.23"	"Iraq"	"Baghdad"	4	8	12	6496	8238	14734	193713	271447	465160
"2016.04.24"	"Iraq"	"Roufa"	6	8	14	6502	8246	14748	193719	271455	465174
"2016.04.24"	"Iraq"	"Baghdad"	2	2	4	6504	8248	14752	193721	271457	465178
"2016.04.24"	"Turkey"	"Kilis"	2	26	28	6506	8274	14780	193723	271483	465206
"2016.04.24"	"Syria"	"Aleppo"	11	0	11	6517	8274	14791	193734	271483	465217
"2016.04.24"	"Afghanistan"	"Helmand"	2	2	4	6519	8276	14795	193736	271485	465221
"2016.04.24"	"Yemen"	"Mukalla"	7	14	21	6526	8290	14816	193743	271499	465242
"2016.04.24"	"Nigeria"	"Alau"	30	0	30	6556	8290	14846	193773	271499	465272
"2016.04.24"	"Thailand"	"Yala"	1	0	1	6557	8290	14847	193774	271499	465273
"2016.04.25"	"Iraq"	"Baghdad"	7	32	39	6564	8322	14886	193781	271531	465312
"2016.04.25"	"Syria"	"Aleppo"	2	6	8	6566	8328	14894	193783	271537	465320
"2016.04.25"	"Thailand"	"Yala"	2	0	2	6568	8328	14896	193785	271537	465322
"2016.04.25"	"Iraq"	"Baghdad"	11	39	50	6579	8367	14946	193796	271576	465372
"2016.04.25"	"Thailand"	"Narathiwat"	1	11	12	6580	8378	14958	193797	271587	465384
"2016.04.25"	"Iraq"	"Tahrir"	7	0	7	6587	8378	14965	193804	271587	465391
"2016.04.25"	"Iraq"	"Mosul"	4	0	4	6591	8378	14969	193808	271587	465395
"2016.04.25"	"Bangladesh"	"Kashimpur"	1	0	1	6592	8378	14970	193809	271587	465396
"2016.04.25"	"Nigeria"	"Enugu"	48	60	108	6640	8438	15078	193857	271647	465504
"2016.04.25"	"Iraq"	"Salahiya"	3	0	3	6643	8438	15081	193860	271647	465507
"2016.04.25"	"Syria"	"Sayyida Zeinab"	6	42	48	6649	8480	15129	193866	271689	465555
"2016.04.25"	"Bangladesh"	"Dhaka"	2	0	2	6651	8480	15131	193868	271689	465557
"2016.04.26"	"Somalia"	"Baidoa"	8	13	21	6659	8493	15152	193876	271702	465578
"2016.04.26"	"Syria"	"al-Zahra"	19	120	139	6678	8613	15291	193895	271822	465717
"2016.04.26"	"Philippines"	"Jolo"	1	0	1	6679	8613	15292	193896	271822	465718
"2016.04.26"	"Iraq"	"Faysaliya"	7	0	7	6686	8613	15299	193903	271822	465725
"2016.04.27"	"Afghanistan"	"Mehtarlam"	3	0	3	6689	8613	15302	193906	271822	465728
"2016.04.27"	"Iraq"	"Mosul"	28	0	28	6717	8613	15330	193934	271822	465756
"2016.04.27"	"Iraq"	"Mahmoudiya"	2	7	9	6719	8620	15339	193936	271829	465765
"2016.04.27"	"Pakistan"	"Shopian"	1	0	1	6720	8620	15340	193937	271829	465766
"2016.04.27"	"Egypt"	"al-Arish"	3	8	11	6723	8628	15351	193940	271837	465777
"2016.04.27"	"Syria"	"Aziziye"	4	25	29	6727	8653	15380	193944	271862	465806
"2016.04.27"	"Pakistan"	"Pir Mahal"	1	0	1	6728	8653	15381	193945	271862	465807
"2016.04.28"	"Pakistan"	"Donga Gali"	1	0	1	6729	8653	15382	193946	271862	465808
"2016.04.28"	"Syria"	"Manbij"	2	0	2	6731	8653	15384	193948	271862	465810
"2016.04.28"	"Syria"	"Aleppo"	6	43	49	6737	8696	15433	193954	271905	465859
"2016.04.28"	"Afghanistan"	"Herat"	1	1	2	6738	8697	15435	193955	271906	465861
"2016.04.28"	"Pakistan"	"Fareed"	1	0	1	6739	8697	15436	193956	271906	465862
"2016.04.28"	"Afghanistan"	"Laghman"	5	3	8	6744	8700	15444	193961	271909	465870
"2016.04.28"	"Thailand"	"Yala"	1	5	6	6745	8705	15450	193962	271914	465876
"2016.04.28"	"Iraq"	"Tuz Khurmatu"	1	0	1	6746	8705	15451	193963	271914	465877
"2016.04.28"	"Iraq"	"Mosul"	1	0	1	6747	8705	15452	193964	271914	465878
"2016.04.29"	"Iraq"	"Baiji"	11	12	23	6758	8717	15475	193975	271926	465901
"2016.04.29"	"Iraq"	"Makhoul"	3	2	5	6761	8719	15480	193978	271928	465906
"2016.04.29"	"Syria"	"Aleppo"	15	30	45	6776	8749	15525	193993	271958	465951
"2016.04.29"	"Dagestan"	"Shamil"	1	0	1	6777	8749	15526	193994	271958	465952
"2016.04.30"	"Iraq"	"Dora"	23	48	71	6800	8797	15597	194017	272006	466023
"2016.04.30"	"Pakistan"	"Oghi"	1	0	1	6801	8797	15598	194018	272006	466024
"2016.04.30"	"Bangladesh"	"Gopalpur"	1	0	1	6802	8797	15599	194019	272006	466025
"2016.04.30"	"Syria"	"Aleppo"	25	0	25	6827	8797	15624	194044	272006	466050
"2016.04.30"	"Nigeria"	"Dadawa"	2	0	2	6829	8797	15626	194046	272006	466052
"2016.05.01"	"Nigeria"	"Fadan Karshi"	2	0	2	6831	8797	15628	194048	272006	466054
"2016.05.01"	"Turkey"	"Gaziantep"	2	23	25	6833	8820	15653	194050	272029	466079
"2016.05.01"	"Iraq"	"Samawa"	38	86	124	6871	8906	15777	194088	272115	466203
"2016.05.01"	"Syria"	"Raqqa"	4	0	4	6875	8906	15781	194092	272115	466207
"2016.05.01"	"Yemen"	"Aden"	5	0	5	6880	8906	15786	194097	272115	466212
"2016.05.01"	"Somalia"	"Runirgood"	22	10	32	6902	8916	15818	194119	272125	466244
"2016.05.02"	"Thailand"	"Tak Bai"	1	0	1	6903	8916	15819	194120	272125	466245
"2016.05.02"	"Pakistan"	"Thakal Bala"	0	18	18	6903	8934	15837	194120	272143	466263
"2016.05.02"	"Iraq"	"Baghdad"	18	45	63	6921	8979	15900	194138	272188	466326
"2016.05.02"	"Syria"	"Aleppo"	3	17	20	6924	8996	15920	194141	272205	466346
"2016.05.02"	"Iraq"	"Mosul"	4	0	4	6928	8996	15924	194145	272205	466350
"2016.05.02"	"Iraq"	"Baghdad"	3	0	3	6931	8996	15927	194148	272205	466353
"2016.05.03"	"Iraq"	"Yusufiya"	2	8	10	6933	9004	15937	194150	272213	466363
"2016.05.03"	"DRC"	"Beni"	34	0	34	6967	9004	15971	194184	272213	466397
"2016.05.03"	"Iraq"	"Tal Afar"	5	0	5	6972	9004	15976	194189	272213	466402
"2016.05.03"	"Cameroon"	"Mora"	1	0	1	6973	9004	15977	194190	272213	466403
"2016.05.03"	"Syria"	"Aleppo"	9	45	54	6982	9049	16031	194199	272258	466457
"2016.05.03"	"Bangladesh"	"Chuadanga"	0	2	2	6982	9051	16033	194199	272260	466459
"2016.05.04"	"Iraq"	"Mosqul"	5	0	5	6987	9051	16038	194204	272260	466464
"2016.05.04"	"Syria"	"Khween"	15	0	15	7002	9051	16053	194219	272260	466479
"2016.05.04"	"Nigeria"	"Zamfara"	10	0	10	7012	9051	16063	194229	272260	466489
"2016.05.04"	"Syria"	"Aleppo"	3	1	4	7015	9052	16067	194232	272261	466493
"2016.05.04"	"Iraq"	"Hawija"	4	2	6	7019	9054	16073	194236	272263	466499
"2016.05.05"	"Syria"	"Raqqa"	1	0	1	7020	9054	16074	194237	272263	466500
"2016.05.05"	"Libya"	"Zamzam"	5	6	11	7025	9060	16085	194242	272269	466511
"2016.05.05"	"Syria"	"Homs"	12	49	61	7037	9109	16146	194254	272318	466572
"2016.05.05"	"Afghanistan"	"Qadis"	5	5	10	7042	9114	16156	194259	272323	466582
"2016.05.05"	"Turkey"	"Kilis"	1	8	9	7043	9122	16165	194260	272331	466591
"2016.05.05"	"Iraq"	"Haswa"	5	14	19	7048	9136	16184	194265	272345	466610
"2016.05.06"	"DRC"	"Ituri"	13	0	13	7061	9136	16197	194278	272345	466623
"2016.05.06"	"Iraq"	"Abu Ghraib"	3	13	16	7064	9149	16213	194281	272358	466639
"2016.05.06"	"Pakistan"	"Miryali"	2	0	2	7066	9149	16215	194283	272358	466641
"2016.05.06"	"Pakistan"	"Di Khan"	2	0	2	7068	9149	16217	194285	272358	466643
"2016.05.06"	"India"	"Kupwara"	1	0	1	7069	9149	16218	194286	272358	466644
"2016.05.06"	"Bangladesh"	"Satkhira"	1	0	1	7070	9149	16219	194287	272358	466645
"2016.05.06"	"Yemen"	"Marib"	7	15	22	7077	9164	16241	194294	272373	466667
"2016.05.06"	"Syria"	"Deir Ezzor"	5	0	5	7082	9164	16246	194299	272373	466672
"2016.05.06"	"DRC"	"Biane"	4	0	4	7086	9164	16250	194303	272373	466676
"2016.05.06"	"Afghanistan"	"Zabul"	4	1	5	7090	9165	16255	194307	272374	466681
"2016.05.07"	"Syria"	"Manbij"	1	0	1	7091	9165	16256	194308	272374	466682
"2016.05.07"	"Iraq"	"Abu Ghraib"	3	5	8	7094	9170	16264	194311	272379	466690
"2016.05.07"	"Iraq"	"Madain"	2	11	13	7096	9181	16277	194313	272390	466703
"2016.05.07"	"Afghanistan"	"Kandahar"	2	0	2	7098	9181	16279	194315	272390	466705
"2016.05.07"	"Libya"	"Benghazi"	5	11	16	7103	9192	16295	194320	272401	466721
"2016.05.07"	"Pakistan"	"Karachi"	1	2	3	7104	9194	16298	194321	272403	466724
"2016.05.07"	"Bangladesh"	"Rajshahi"	1	0	1	7105	9194	16299	194322	272403	466725
"2016.05.07"	"Pakistan"	"Saddar"	1	1	2	7106	9195	16301	194323	272404	466727
"2016.05.07"	"Nigeria"	"Coromo"	12	18	30	7118	9213	16331	194335	272422	466757
"2016.05.07"	"Pakistan"	"Karachi"	2	1	3	7120	9214	16334	194337	272423	466760
"2016.05.07"	"Iraq"	"Nasir"	21	0	21	7141	9214	16355	194358	272423	466781
"2016.05.07"	"Afghanistan"	"Jani Khel"	2	0	2	7143	9214	16357	194360	272423	466783
"2016.05.07"	"Afghanistan"	"Khanqa"	1	0	1	7144	9214	16358	194361	272423	466784
"2016.05.08"	"Thailand"	"Thanto"	1	0	1	7145	9214	16359	194362	272423	466785
"2016.05.08"	"Iraq"	"Jeraishi"	5	8	13	7150	9222	16372	194367	272431	466798
"2016.05.08"	"Iraq"	"Mosul"	8	0	8	7158	9222	16380	194375	272431	466806
"2016.05.08"	"Saudi Arabia"	"Taif"	1	0	1	7159	9222	16381	194376	272431	466807
"2016.05.08"	"Iraq"	"Baghdad"	6	11	17	7165	9233	16398	194382	272442	466824
"2016.05.08"	"Syria"	"Aleppo"	4	10	14	7169	9243	16412	194386	272452	466838
"2016.05.08"	"Egypt"	"Helwan"	8	0	8	7177	9243	16420	194394	272452	466846
"2016.05.08"	"Uganda"	"Mbaale"	1	0	1	7178	9243	16421	194395	272452	466847
"2016.05.08"	"Pakistan"	"Gujaranwala"	1	0	1	7179	9243	16422	194396	272452	466848
"2016.05.09"	"Chechnya"	"Grozny"	1	4	5	7180	9247	16427	194397	272456	466853
"2016.05.09"	"Iraq"	"Baqubah"	16	54	70	7196	9301	16497	194413	272510	466923
"2016.05.09"	"Iraq"	"Mosul"	11	0	11	7207	9301	16508	194424	272510	466934
"2016.05.09"	"Philippines"	"Tubigan"	1	1	2	7208	9302	16510	194425	272511	466936
"2016.05.09"	"Pakistan"	"Shrengal"	4	0	4	7212	9302	16514	194429	272511	466940
"2016.05.09"	"Somalia"	"Mogadishu"	4	9	13	7216	9311	16527	194433	272520	466953
"2016.05.09"	"Pakistan"	"Lodhran"	1	0	1	7217	9311	16528	194434	272520	466954
"2016.05.10"	"Israel"	"Jerusalem"	0	2	2	7217	9313	16530	194434	272522	466956
"2016.05.10"	"Iraq"	"Mahmoudiya"	2	9	11	7219	9322	16541	194436	272531	466967
"2016.05.10"	"Iraq"	"Baqubah"	3	0	3	7222	9322	16544	194439	272531	466970
"2016.05.10"	"Nigeria"	"Biu"	3	0	3	7225	9322	16547	194442	272531	466973
"2016.05.10"	"Afghanistan"	"Lashkar Gah"	15	0	15	7240	9322	16562	194457	272531	466988
"2016.05.10"	"Iraq"	"Qayyarah"	45	0	45	7285	9322	16607	194502	272531	467033
"2016.05.10"	"Pakistan"	"Quetta"	2	5	7	7287	9327	16614	194504	272536	467040
"2016.05.10"	"Afghanistan"	"Nazyan"	11	22	33	7298	9349	16647	194515	272558	467073
"2016.05.10"	"Germany"	"Grafing"	1	3	4	7299	9352	16651	194516	272561	467077
"2016.05.10"	"Iraq"	"Riyadh"	5	0	5	7304	9352	16656	194521	272561	467082
"2016.05.11"	"Pakistan"	"Faisalbad"	3	0	3	7307	9352	16659	194524	272561	467085
"2016.05.11"	"Yemen"	"Hadramawt"	4	0	4	7311	9352	16663	194528	272561	467089
"2016.05.11"	"Iraq"	"Sadr City"	68	165	233	7379	9517	16896	194596	272726	467322
"2016.05.11"	"Iraq"	"Kadhimiya"	17	43	60	7396	9560	16956	194613	272769	467382
"2016.05.11"	"Iraq"	"Jamea"	13	31	44	7409	9591	17000	194626	272800	467426
"2016.05.11"	"Nigeria"	"Maiduguri"	4	0	4	7413	9591	17004	194630	272800	467430
"2016.05.12"	"Iraq"	"Abu Ghraib"	3	10	13	7416	9601	17017	194633	272810	467443
"2016.05.12"	"Iraq"	"Nineveh"	5	0	5	7421	9601	17022	194638	272810	467448
"2016.05.12"	"Yemen"	"Mukalla"	13	15	28	7434	9616	17050	194651	272825	467476
"2016.05.12"	"Nigeria"	"Maiduguri"	8	19	27	7442	9635	17077	194659	272844	467503
"2016.05.12"	"Mali"	"Gao"	2	0	2	7444	9635	17079	194661	272844	467505
"2016.05.12"	"Iraq"	"Jarayshi"	17	0	17	7461	9635	17096	194678	272844	467522
"2016.05.12"	"Kenya"	"Shamu"	1	2	3	7462	9637	17099	194679	272846	467525
"2016.05.13"	"Iraq"	"Balad"	4	0	4	7466	9637	17103	194683	272846	467529
"2016.05.13"	"Iraq"	"Balad"	16	20	36	7482	9657	17139	194699	272866	467565
"2016.05.13"	"Iraq"	"Mosul"	11	0	11	7493	9657	17150	194710	272866	467576
"2016.05.13"	"Syria"	"al-Zara"	19	0	19	7512	9657	17169	194729	272866	467595
"2016.05.13"	"Syria"	"Aleppo"	7	0	7	7519	9657	17176	194736	272866	467602
"2016.05.13"	"Nigeria"	"Tarfi"	60	11	71	7579	9668	17247	194796	272877	467673
"2016.05.14"	"Iraq"	"Amiriyat Fallujah"	6	18	24	7585	9686	17271	194802	272895	467697
"2016.05.14"	"Syria"	"Qamishli"	6	15	21	7591	9701	17292	194808	272910	467718
"2016.05.14"	"Nigeria"	"Ajaji"	1	2	3	7592	9703	17295	194809	272912	467721
"2016.05.14"	"Bangladesh"	"Bandarban"	1	0	1	7593	9703	17296	194810	272912	467722
"2016.05.14"	"Afghanistan"	"Nad Ali"	3	9	12	7596	9712	17308	194813	272921	467734
"2016.05.14"	"Dagestan"	"Derbent"	2	15	17	7598	9727	17325	194815	272936	467751
"2016.05.14"	"Syria"	"Deir Ezzor"	20	0	20	7618	9727	17345	194835	272936	467771
"2016.05.14"	"Syria"	"Raqqa"	1	0	1	7619	9727	17346	194836	272936	467772
"2016.05.14"	"Pakistan"	"Gomal"	1	0	1	7620	9727	17347	194837	272936	467773
"2016.05.14"	"Thailand"	"Sai Buri"	1	0	1	7621	9727	17348	194838	272936	467774
"2016.05.14"	"Somalia"	"Aden Yabal"	4	0	4	7625	9727	17352	194842	272936	467778
"2016.05.15"	"Syria"	"Deir Ezzor"	10	0	10	7635	9727	17362	194852	272936	467788
"2016.05.15"	"Iraq"	"Latifiya"	7	18	25	7642	9745	17387	194859	272954	467813
"2016.05.15"	"Syria"	"Aleppo"	2	0	2	7644	9745	17389	194861	272954	467815
"2016.05.15"	"Iraq"	"Taji"	14	21	35	7658	9766	17424	194875	272975	467850
"2016.05.15"	"Iraq"	"Baghdad"	8	28	36	7666	9794	17460	194883	273003	467886
"2016.05.15"	"Yemen"	"Mukalla"	41	60	101	7707	9854	17561	194924	273063	467987
"2016.05.15"	"Yemen"	"Hadramawt"	6	1	7	7713	9855	17568	194930	273064	467994
"2016.05.15"	"Egypt"	"al-Arish"	1	1	2	7714	9856	17570	194931	273065	467996
"2016.05.16"	"Iraq"	"Khalidiya"	5	15	20	7719	9871	17590	194936	273080	468016
"2016.05.16"	"Iraq"	"Baghdad"	4	17	21	7723	9888	17611	194940	273097	468037
"2016.05.16"	"India"	"Batapora"	1	0	1	7724	9888	17612	194941	273097	468038
"2016.05.16"	"Afghanistan"	"Khoshamand"	7	4	11	7731	9892	17623	194948	273101	468049
"2016.05.16"	"Somalia"	"Mogadishu"	2	3	5	7733	9895	17628	194950	273104	468054
"2016.05.16"	"Chechnya"	"Grozny"	0	6	6	7733	9901	17634	194950	273110	468060
"2016.05.16"	"Afghanistan"	"Abkhor"	4	0	4	7737	9901	17638	194954	273110	468064
"2016.05.16"	"Afghanistan"	"Helmand"	3	0	3	7740	9901	17641	194957	273110	468067
"2016.05.16"	"Libya"	"Buairat el-Hassun"	32	50	82	7772	9951	17723	194989	273160	468149
"2016.05.16"	"Dagestan"	"Suleiman-Stal"	1	0	1	7773	9951	17724	194990	273160	468150
"2016.05.16"	"Iraq"	"Bezaas Kanaan"	1	0	1	7774	9951	17725	194991	273160	468151
"2016.05.16"	"Syria"	"Manbij"	1	0	1	7775	9951	17726	194992	273160	468152
"2016.05.16"	"Iraq"	"Tahrir"	21	0	21	7796	9951	17747	195013	273160	468173
"2016.05.17"	"Syria"	"Aleppo"	1	6	7	7797	9957	17754	195014	273166	468180
"2016.05.17"	"Syria"	"Ghouta"	4	12	16	7801	9969	17770	195018	273178	468196
"2016.05.17"	"Iraq"	"Daquq"	1	0	1	7802	9969	17771	195019	273178	468197
"2016.05.17"	"Libya"	"Abugrein"	4	5	9	7806	9974	17780	195023	273183	468206
"2016.05.17"	"Iraq"	"Sadr City"	30	57	87	7836	10031	17867	195053	273240	468293
"2016.05.17"	"Iraq"	"Rashid"	8	22	30	7844	10053	17897	195061	273262	468323
"2016.05.17"	"Iraq"	"al-Shaab"	41	75	116	7885	10128	18013	195102	273337	468439
"2016.05.17"	"Iraq"	"Habibia"	9	0	9	7894	10128	18022	195111	273337	468448
"2016.05.18"	"Iraq"	"Mosul"	25	0	25	7919	10128	18047	195136	273337	468473
"2016.05.18"	"Libya"	"Sirte"	24	0	24	7943	10128	18071	195160	273337	468497
"2016.05.18"	"Pakistan"	"Peshawar"	1	15	16	7944	10143	18087	195161	273352	468513
"2016.05.18"	"Syria"	"Genderes"	1	1	2	7945	10144	18089	195162	273353	468515
"2016.05.18"	"Iraq"	"Latifiya"	9	9	18	7954	10153	18107	195171	273362	468533
"2016.05.18"	"Mali"	"Kidal"	5	3	8	7959	10156	18115	195176	273365	468541
"2016.05.19"	"Germany"	"Baden-Württemberg"	1	0	1	7960	10156	18116	195177	273365	468542
"2016.05.19"	"Syria"	"Tabqa"	3	0	3	7963	10156	18119	195180	273365	468545
"2016.05.19"	"Afghanistan"	"Qalat"	8	0	8	7971	10156	18127	195188	273365	468553
"2016.05.19"	"Afghanistan"	"Baghlan Jadid"	11	0	11	7982	10156	18138	195199	273365	468564
"2016.05.19"	"Iraq"	"Taji"	3	10	13	7985	10166	18151	195202	273375	468577
"2016.05.20"	"Iraq"	"Husseiniya"	2	6	8	7987	10172	18159	195204	273381	468585
"2016.05.20"	"Syria"	"Sheikh Maqsoud"	1	5	6	7988	10177	18165	195205	273386	468591
"2016.05.20"	"Syria"	"Idlib"	1	0	1	7989	10177	18166	195206	273386	468592
"2016.05.20"	"Bangladesh"	"Kushtia"	1	1	2	7990	10178	18168	195207	273387	468594
"2016.05.20"	"Niger"	"Yebi"	8	7	15	7998	10185	18183	195215	273394	468609
"2016.05.20"	"Yemen"	"Wilayet"	3	0	3	8001	10185	18186	195218	273394	468612
"2016.05.20"	"Afghanistan"	"Kabul"	1	1	2	8002	10186	18188	195219	273395	468614
"2016.05.20"	"Iraq"	"Mosul"	3	0	3	8005	10186	18191	195222	273395	468617
"2016.05.20"	"Iran"	"Urmia"	5	0	5	8010	10186	18196	195227	273395	468622
"2016.05.20"	"Tanzania"	"Mwanza"	3	1	4	8013	10187	18200	195230	273396	468626
"2016.05.20"	"England"	"London"	0	4	4	8013	10191	18204	195230	273400	468630
"2016.05.21"	"Iraq"	"Tarmiya"	2	7	9	8015	10198	18213	195232	273407	468639
"2016.05.21"	"Iraq"	"Dujail"	7	28	35	8022	10226	18248	195239	273435	468674
"2016.05.21"	"Egypt"	"Sheikh Zuweid"	3	0	3	8025	10226	18251	195242	273435	468677
"2016.05.21"	"Afghanistan"	"Charchino"	6	0	6	8031	10226	18257	195248	273435	468683
"2016.05.22"	"Iraq"	"Mosul"	19	0	19	8050	10226	18276	195267	273435	468702
"2016.05.22"	"Iraq"	"Rataba"	8	0	8	8058	10226	18284	195275	273435	468710
"2016.05.22"	"Sudan"	"Arzini"	8	5	13	8066	10231	18297	195283	273440	468723
"2016.05.22"	"Syria"	"Tal Tamr"	5	0	5	8071	10231	18302	195288	273440	468728
"2016.05.22"	"Syria"	"Qamishli"	6	15	21	8077	10246	18323	195294	273455	468749
"2016.05.22"	"Afghanistan"	"Herat"	1	7	8	8078	10253	18331	195295	273462	468757
"2016.05.22"	"Iraq"	"Suleiman Beg"	2	11	13	8080	10264	18344	195297	273473	468770
"2016.05.23"	"Afghanistan"	"Shah Wali Kot"	5	4	9	8085	10268	18353	195302	273477	468779
"2016.05.23"	"Syria"	"Mayadin"	1	0	1	8086	10268	18354	195303	273477	468780
"2016.05.23"	"Yemen"	"Jazan"	1	3	4	8087	10271	18358	195304	273480	468784
"2016.05.23"	"India"	"Zadibal"	2	2	4	8089	10273	18362	195306	273482	468788
"2016.05.23"	"Yemen"	"Aden"	45	60	105	8134	10333	18467	195351	273542	468893
"2016.05.23"	"India"	"Tengpora"	1	0	1	8135	10333	18468	195352	273542	468894
"2016.05.23"	"Pakistan"	"Bara Bandai"	2	0	2	8137	10333	18470	195354	273542	468896
"2016.05.23"	"Syria"	"Jableh"	180	300	480	8317	10633	18950	195534	273842	469376
"2016.05.24"	"Iraq"	"Zafaraniya"	2	6	8	8319	10639	18958	195536	273848	469384
"2016.05.24"	"Iraq"	"Mosul"	12	0	12	8331	10639	18970	195548	273848	469396
"2016.05.24"	"Yemen"	"Sanaa"	2	2	4	8333	10641	18974	195550	273850	469400
"2016.05.25"	"Pakistan"	"Peshawar"	1	0	1	8334	10641	18975	195551	273850	469401
"2016.05.25"	"India"	"Pulwama"	1	1	2	8335	10642	18977	195552	273851	469403
"2016.05.25"	"Pakistan"	"Patang Chowk"	2	1	3	8337	10643	18980	195554	273852	469406
"2016.05.25"	"Iraq"	"Suleiman Bag"	2	6	8	8339	10649	18988	195556	273858	469414
"2016.05.25"	"India"	"Kupwara"	1	0	1	8340	10649	18989	195557	273858	469415
"2016.05.25"	"Bangladesh"	"Gobindaganj"	1	0	1	8341	10649	18990	195558	273858	469416
"2016.05.25"	"Syria"	"Aleppo"	7	5	12	8348	10654	19002	195565	273863	469428
"2016.05.25"	"Turkey"	"Hah"	5	0	5	8353	10654	19007	195570	273863	469433
"2016.05.25"	"Afghanistan"	"Kabul"	11	10	21	8364	10664	19028	195581	273873	469454
"2016.05.25"	"Pakistan"	"Karachi"	1	1	2	8365	10665	19030	195582	273874	469456
"2016.05.26"	"Pakistan"	"Karachi"	2	0	2	8367	10665	19032	195584	273874	469458
"2016.05.26"	"Iraq"	"Tarmiya"	5	3	8	8372	10668	19040	195589	273877	469466
"2016.05.26"	"Iraq"	"Baghdad"	3	10	13	8375	10678	19053	195592	273887	469479
"2016.05.26"	"Iraq"	"Mishada"	4	16	20	8379	10694	19073	195596	273903	469499
"2016.05.26"	"Syria"	"Aleppo"	1	0	1	8380	10694	19074	195597	273903	469500
"2016.05.27"	"Syria"	"Aleppo"	1	9	10	8381	10703	19084	195598	273912	469510
"2016.05.27"	"France"	"Saint Julien du Puy"	0	1	1	8381	10704	19085	195598	273913	469511
"2016.05.27"	"Mali"	"Bamako"	5	4	9	8386	10708	19094	195603	273917	469520
"2016.05.28"	"Iraq"	"Baghdad"	12	8	20	8398	10716	19114	195615	273925	469540
"2016.05.28"	"Iraq"	"Fallujah"	2	20	22	8400	10736	19136	195617	273945	469562
"2016.05.28"	"Syria"	"Raqqa"	4	0	4	8404	10736	19140	195621	273945	469566
"2016.05.28"	"Philippines"	"Sulu"	2	3	5	8406	10739	19145	195623	273948	469571
"2016.05.28"	"Syria"	"Shaddadi"	4	18	22	8410	10757	19167	195627	273966	469593
"2016.05.28"	"Syria"	"Ain al-Dananeer"	1	3	4	8411	10760	19171	195628	273969	469597
"2016.05.29"	"Iraq"	"Wilayat al-Jazihra"	3	0	3	8414	10760	19174	195631	273969	469600
"2016.05.29"	"Iraq"	"Mualimeen"	7	35	42	8421	10795	19216	195638	274004	469642
"2016.05.29"	"Iraq"	"Karmardi"	11	0	11	8432	10795	19227	195649	274004	469653
"2016.05.29"	"Mali"	"Savare"	5	1	6	8437	10796	19233	195654	274005	469659
"2016.05.29"	"Nigeria"	"Biu"	5	0	5	8442	10796	19238	195659	274005	469664
"2016.05.29"	"Egypt"	"Sinai"	2	3	5	8444	10799	19243	195661	274008	469669
"2016.05.29"	"Iraq"	"Kahriz"	2	21	23	8446	10820	19266	195663	274029	469692
"2016.05.29"	"Niger"	"Pandogari"	4	0	4	8450	10820	19270	195667	274029	469696
"2016.05.29"	"Afghanistan"	"Nadi Ali"	4	10	14	8454	10830	19284	195671	274039	469710
"2016.05.30"	"Tanzania"	"Tanga"	8	0	8	8462	10830	19292	195679	274039	469718
"2016.05.30"	"Iraq"	"Shaab"	11	14	25	8473	10844	19317	195690	274053	469743
"2016.05.30"	"Iraq"	"Tarmiya"	10	24	34	8483	10868	19351	195700	274077	469777
"2016.05.30"	"Iraq"	"Sadr City"	3	10	13	8486	10878	19364	195703	274087	469790
"2016.05.30"	"Pakistan"	"Mardan"	0	12	12	8486	10890	19376	195703	274099	469802
"2016.05.30"	"Tunisia"	"Samama Mountain"	2	0	2	8488	10890	19378	195705	274099	469804
"2016.05.30"	"Afghanistan"	"Helmand"	47	40	87	8535	10930	19465	195752	274139	469891
"2016.05.30"	"Kenya"	"Bongwe"	3	0	3	8538	10930	19468	195755	274139	469894
"2016.05.30"	"Syria"	"Palmyra"	150	0	150	8688	10930	19618	195905	274139	470044
"2016.05.30"	"Syria"	"Aleppo"	5	21	26	8693	10951	19644	195910	274160	470070
"2016.05.31"	"Nigeria"	"Ninte"	3	0	3	8696	10951	19647	195913	274160	470073
"2016.05.31"	"Afghanistan"	"Kunduz"	17	30	47	8713	10981	19694	195930	274190	470120
"2016.05.31"	"Thailand"	"Narathiwat"	2	0	2	8715	10981	19696	195932	274190	470122
"2016.05.31"	"Egypt"	"Qabr Omeir"	6	6	12	8721	10987	19708	195938	274196	470134
"2016.05.31"	"Somalia"	"Galgala Hills"	2	0	2	8723	10987	19710	195940	274196	470136
"2016.05.31"	"Iraq"	"Suleiman Bek"	4	13	17	8727	11000	19727	195944	274209	470153
"2016.05.31"	"Mali"	"Gao"	4	3	7	8731	11003	19734	195948	274212	470160
"2016.06.01"	"Libya"	"Sirte"	10	40	50	8741	11043	19784	195958	274252	470210
"2016.06.01"	"Iraq"	"Tal Afar"	3	0	3	8744	11043	19787	195961	274252	470213
"2016.06.01"	"Afghanistan"	"Ghazni"	6	13	19	8750	11056	19806	195967	274265	470232
"2016.06.01"	"Afghanistan"	"Balkh"	1	3	4	8751	11059	19810	195968	274268	470236
"2016.06.01"	"Somalia"	"Mogadishu"	16	55	71	8767	11114	19881	195984	274323	470307
"2016.06.01"	"Iraq"	"Mosul"	6	0	6	8773	11114	19887	195990	274323	470313
"2016.06.01"	"Sudan"	"Singi"	1	0	1	8774	11114	19888	195991	274323	470314
"2016.06.01"	"Iraq"	"Madain"	2	9	11	8776	11123	19899	195993	274332	470325
"2016.06.01"	"Iraq"	"Abu Ghraib"	2	4	6	8778	11127	19905	195995	274336	470331
"2016.06.01"	"Iraq"	"Nineveh"	13	0	13	8791	11127	19918	196008	274336	470344
"2016.06.02"	"Pakistan"	"Faqirabad"	1	0	1	8792	11127	19919	196009	274336	470345
"2016.06.02"	"Syria"	"Latakia"	5	0	5	8797	11127	19924	196014	274336	470350
"2016.06.02"	"Nigeria"	"Kano"	1	0	1	8798	11127	19925	196015	274336	470351
"2016.06.02"	"Afghanistan"	"Kunduz"	2	0	2	8800	11127	19927	196017	274336	470353
"2016.06.02"	"Afghanistan"	"Sheikh Ali"	3	0	3	8803	11127	19930	196020	274336	470356
"2016.06.03"	"Niger"	"Bosso"	32	67	99	8835	11194	20029	196052	274403	470455
"2016.06.03"	"Iraq"	"Khalis"	2	2	4	8837	11196	20033	196054	274405	470459
"2016.06.03"	"India"	"Bejbehara"	3	5	8	8840	11201	20041	196057	274410	470467
"2016.06.03"	"Iraq"	"Abu Dsher"	3	7	10	8843	11208	20051	196060	274417	470477
"2016.06.03"	"Iraq"	"Fallujah"	2	3	5	8845	11211	20056	196062	274420	470482
"2016.06.03"	"Yemen"	"Taiz"	17	30	47	8862	11241	20103	196079	274450	470529
"2016.06.03"	"Iraq"	"Mosul"	19	0	19	8881	11241	20122	196098	274450	470548
"2016.06.03"	"Nigeria"	"Waga"	2	3	5	8883	11244	20127	196100	274453	470553
"2016.06.03"	"Dagestan"	"Ashaga-Stal"	1	0	1	8884	11244	20128	196101	274453	470554
"2016.06.04"	"Iraq"	"Fallujah"	400	0	400	9284	11244	20528	196501	274453	470954
"2016.06.04"	"Iraq"	"Fallujah"	34	15	49	9318	11259	20577	196535	274468	471003
"2016.06.04"	"Iraq"	"Tarmiyah"	8	15	23	9326	11274	20600	196543	274483	471026
"2016.06.04"	"Iraq"	"Baghdad"	7	25	32	9333	11299	20632	196550	274508	471058
"2016.06.04"	"India"	"Anantnag"	2	0	2	9335	11299	20634	196552	274508	471060
"2016.06.04"	"Syria"	"Aleppo"	7	33	40	9342	11332	20674	196559	274541	471100
"2016.06.04"	"Syria"	"Hamadaniyey"	5	47	52	9347	11379	20726	196564	274588	471152
"2016.06.04"	"Niger"	"Bosso"	1	0	1	9348	11379	20727	196565	274588	471153
"2016.06.05"	"Afghanistan"	"Kabul"	1	0	1	9349	11379	20728	196566	274588	471154
"2016.06.05"	"Kazakhstan"	"Aktobe"	6	3	9	9355	11382	20737	196572	274591	471163
"2016.06.05"	"Afghanistan"	"Kabul"	3	3	6	9358	11385	20743	196575	274594	471169
"2016.06.05"	"Iraq"	"Abu Ghraib"	3	7	10	9361	11392	20753	196578	274601	471179
"2016.06.05"	"Pakistan"	"Attock"	1	0	1	9362	11392	20754	196579	274601	471180
"2016.06.05"	"Afghanistan"	"Puli Alim"	7	23	30	9369	11415	20784	196586	274624	471210
"2016.06.05"	"Iraq"	"al-Mahouz"	3	0	3	9372	11415	20787	196589	274624	471213
"2016.06.05"	"Bangladesh"	"Chittagong"	1	0	1	9373	11415	20788	196590	274624	471214
"2016.06.05"	"Syria"	"Aleppo"	2	27	29	9375	11442	20817	196592	274651	471243
"2016.06.05"	"Bangladesh"	"Natore"	1	0	1	9376	11442	20818	196593	274651	471244
"2016.06.05"	"Pakistan"	"Sachal Goth"	3	0	3	9379	11442	20821	196596	274651	471247
"2016.06.05"	"Somalia"	"Mogadishu"	1	0	1	9380	11442	20822	196597	274651	471248
"2016.06.05"	"Philippines"	"Sumisip"	2	0	2	9382	11442	20824	196599	274651	471250
"2016.06.06"	"Iraq"	"Mosul"	65	0	65	9447	11442	20889	196664	274651	471315
"2016.06.06"	"Jordan"	"Amman"	5	0	5	9452	11442	20894	196669	274651	471320
"2016.06.06"	"Iraq"	"Baghdad"	2	11	13	9454	11453	20907	196671	274662	471333
"2016.06.06"	"Nigeria"	"Adamawa"	4	0	4	9458	11453	20911	196675	274662	471337
"2016.06.06"	"Egypt"	"Sadwet"	1	0	1	9459	11453	20912	196676	274662	471338
"2016.06.06"	"Thailand"	"Narathiwat"	3	2	5	9462	11455	20917	196679	274664	471343
"2016.06.06"	"Iraq"	"Mosul"	11	0	11	9473	11455	20928	196690	274664	471354
"2016.06.06"	"Afghanistan"	"Sari Pul"	7	0	7	9480	11455	20935	196697	274664	471361
"2016.06.06"	"Yemen"	"Khormaksar"	1	0	1	9481	11455	20936	196698	274664	471362
"2016.06.06"	"Iraq"	"Fallujah"	4	0	4	9485	11455	20940	196702	274664	471366
"2016.06.06"	"Yemen"	"Taiz"	8	13	21	9493	11468	20961	196710	274677	471387
"2016.06.06"	"Cameroon"	"Darak"	10	0	10	9503	11468	20971	196720	274677	471397
"2016.06.07"	"Iraq"	"Haditha"	2	0	2	9505	11468	20973	196722	274677	471399
"2016.06.07"	"Bangladesh"	"Jhenaidah"	1	0	1	9506	11468	20974	196723	274677	471400
"2016.06.07"	"Iraq"	"Karbala"	7	20	27	9513	11488	21001	196730	274697	471427
"2016.06.07"	"Afghanistan"	"Sokhti"	11	12	23	9524	11500	21024	196741	274709	471450
"2016.06.07"	"Afghanistan"	"Ghazni"	12	50	62	9536	11550	21086	196753	274759	471512
"2016.06.07"	"Iraq"	"Khazar"	5	0	5	9541	11550	21091	196758	274759	471517
"2016.06.08"	"Pakistan"	"Lahore"	1	0	1	9542	11550	21092	196759	274759	471518
"2016.06.08"	"Israel"	"Tel Aviv"	4	13	17	9546	11563	21109	196763	274772	471535
"2016.06.08"	"Iraq"	"Hanbas"	3	3	6	9549	11566	21115	196766	274775	471541
"2016.06.08"	"Libya"	"Abu Grein"	25	32	57	9574	11598	21172	196791	274807	471598
"2016.06.08"	"Libya"	"Buairat el-Hassun"	7	18	25	9581	11616	21197	196798	274825	471623
"2016.06.08"	"Syria"	"Manbij"	19	0	19	9600	11616	21216	196817	274825	471642
"2016.06.09"	"Pakistan"	"Changa Manga"	0	1	1	9600	11617	21217	196817	274826	471643
"2016.06.09"	"Syria"	"Handarat"	1	8	9	9601	11625	21226	196818	274834	471652
"2016.06.09"	"Iraq"	"Wilayat Salahuddin"	1	0	1	9602	11625	21227	196819	274834	471653
"2016.06.09"	"Iraq"	"Mosul"	1	0	1	9603	11625	21228	196820	274834	471654
"2016.06.09"	"Iraq"	"Kirkuk"	1	5	6	9604	11630	21234	196821	274839	471660
"2016.06.09"	"Iraq"	"Baghdad"	19	46	65	9623	11676	21299	196840	274885	471725
"2016.06.09"	"Iraq"	"Taji"	12	32	44	9635	11708	21343	196852	274917	471769
"2016.06.09"	"Somalia"	"Halgan"	43	0	43	9678	11708	21386	196895	274917	471812
"2016.06.09"	"Syria"	"Meydan"	5	50	55	9683	11758	21441	196900	274967	471867
"2016.06.10"	"Syria"	"Bukamal"	1	0	1	9684	11758	21442	196901	274967	471868
"2016.06.10"	"Pakistan"	"Lahore"	3	1	4	9687	11759	21446	196904	274968	471872
"2016.06.10"	"Iraq"	"Baghdad"	3	11	14	9690	11770	21460	196907	274979	471886
"2016.06.10"	"Iraq"	"Fallujah"	30	0	30	9720	11770	21490	196937	274979	471916
"2016.06.10"	"Bangladesh"	"Dhaka"	1	0	1	9721	11770	21491	196938	274979	471917
"2016.06.10"	"Egypt"	"Rafah"	1	0	1	9722	11770	21492	196939	274979	471918
"2016.06.10"	"Syria"	"al-Zahraa"	1	6	7	9723	11776	21499	196940	274985	471925
"2016.06.10"	"Syria"	"Aleppo"	3	15	18	9726	11791	21517	196943	275000	471943
"2016.06.10"	"Syria"	"Ghandoura"	37	0	37	9763	11791	21554	196980	275000	471980
"2016.06.10"	"Nigeria"	"Mairari"	4	0	4	9767	11791	21558	196984	275000	471984
"2016.06.10"	"Somalia"	"Bula Fulay"	4	0	4	9771	11791	21562	196988	275000	471988
"2016.06.11"	"Iraq"	"Tarmiya"	7	0	7	9778	11791	21569	196995	275000	471995
"2016.06.11"	"Iraq"	"Yathrib"	10	0	10	9788	11791	21579	197005	275000	472005
"2016.06.11"	"Iraq"	"Sichr"	17	0	17	9805	11791	21596	197022	275000	472022
"2016.06.11"	"Afghanistan"	"Haska Mena"	6	11	17	9811	11802	21613	197028	275011	472039
"2016.06.11"	"Afghanistan"	"Rodat"	4	70	74	9815	11872	21687	197032	275081	472113
"2016.06.11"	"Syria"	"Sayyida Zeinab"	20	30	50	9835	11902	21737	197052	275111	472163
"2016.06.11"	"Libya"	"Benghazi"	7	8	15	9842	11910	21752	197059	275119	472178
"2016.06.11"	"Syria"	"Manbij"	1	3	4	9843	11913	21756	197060	275122	472182
"2016.06.12"	"Syria"	"Sanilurfa"	0	1	1	9843	11914	21757	197060	275123	472183
"2016.06.12"	"Libya"	"Sirte"	1	0	1	9844	11914	21758	197061	275123	472184
"2016.06.12"	"Iraq"	"Fallujah"	27	17	44	9871	11931	21802	197088	275140	472228
"2016.06.12"	"USA"	"Orlando"	49	53	102	9920	11984	21904	197137	275193	472330
"2016.06.12"	"Cameroon"	"Darak"	42	0	42	9962	11984	21946	197179	275193	472372
"2016.06.12"	"Iraq"	"Razalani"	2	0	2	9964	11984	21948	197181	275193	472374
"2016.06.12"	"Afghanistan"	"Ghor"	1	0	1	9965	11984	21949	197182	275193	472375
"2016.06.12"	"Syria"	"Raqqa"	1	0	1	9966	11984	21950	197183	275193	472376
"2016.06.12"	"Libya"	"Sirte"	3	7	10	9969	11991	21960	197186	275200	472386
"2016.06.13"	"Pakistan"	"Ghor"	1	0	1	9970	11991	21961	197187	275200	472387
"2016.06.13"	"Philippines"	"Samal Island"	1	0	1	9971	11991	21962	197188	275200	472388
"2016.06.13"	"India"	"Kud"	1	6	7	9972	11997	21969	197189	275206	472395
"2016.06.13"	"Iraq"	"Ramadi"	5	11	16	9977	12008	21985	197194	275217	472411
"2016.06.13"	"Libya"	"Sirte"	2	3	5	9979	12011	21990	197196	275220	472416
"2016.06.13"	"France"	"Magnanville"	2	1	3	9981	12012	21993	197198	275221	472419
"2016.06.13"	"Iraq"	"Fallujah"	49	0	49	10030	12012	22042	197247	275221	472468
"2016.06.13"	"Pakistan"	"Ghor"	1	0	1	10031	12012	22043	197248	275221	472469
"2016.06.14"	"CAR"	"Ngaoundaye"	10	0	10	10041	12012	22053	197258	275221	472479
"2016.06.14"	"Belgium"	"Etterbeek"	0	1	1	10041	12013	22054	197258	275222	472480
"2016.06.14"	"Nigeria"	"Kautuva"	4	3	7	10045	12016	22061	197262	275225	472487
"2016.06.14"	"Iraq"	"Baghdad"	2	9	11	10047	12025	22072	197264	275234	472498
"2016.06.14"	"India"	"Kupwara"	1	5	6	10048	12030	22078	197265	275239	472504
"2016.06.15"	"Iraq"	"Baghdad"	2	8	10	10050	12038	22088	197267	275247	472514
"2016.06.15"	"Iraq"	"Yusufiyah"	7	0	7	10057	12038	22095	197274	275247	472521
"2016.06.15"	"Afghanistan"	"Kohmard"	1	0	1	10058	12038	22096	197275	275247	472522
"2016.06.15"	"Syria"	"Raqqa"	1	0	1	10059	12038	22097	197276	275247	472523
"2016.06.15"	"Bangladesh"	"Madaripur"	0	1	1	10059	12039	22098	197276	275248	472524
"2016.06.15"	"Iraq"	"Fallujah"	4	0	4	10063	12039	22102	197280	275248	472528
"2016.06.16"	"Iraq"	"Birahmed"	15	0	15	10078	12039	22117	197295	275248	472543
"2016.06.16"	"Pakistan"	"Peshawar"	1	3	4	10079	12042	22121	197296	275251	472547
"2016.06.16"	"Syria"	"Mayadin"	2	0	2	10081	12042	22123	197298	275251	472549
"2016.06.16"	"Iraq"	"Sinsil"	4	0	4	10085	12042	22127	197302	275251	472553
"2016.06.16"	"Iraq"	"Baghdad"	2	4	6	10087	12046	22133	197304	275255	472559
"2016.06.16"	"Iraq"	"Shirqat"	19	0	19	10106	12046	22152	197323	275255	472578
"2016.06.16"	"Iraq"	"Fallujah"	1	1	2	10107	12047	22154	197324	275256	472580
"2016.06.16"	"Libya"	"Abu Grein"	10	7	17	10117	12054	22171	197334	275263	472597
"2016.06.16"	"Egypt"	"al-Arish"	2	0	2	10119	12054	22173	197336	275263	472599
"2016.06.16"	"India"	"Kashmir"	1	0	1	10120	12054	22174	197337	275263	472600
"2016.06.16"	"Syria"	"Latakia"	1	0	1	10121	12054	22175	197338	275263	472601
"2016.06.16"	"Uganda"	"Luuka"	1	0	1	10122	12054	22176	197339	275263	472602
"2016.06.17"	"Pakistan"	"Sohbatpur"	2	0	2	10124	12054	22178	197341	275263	472604
"2016.06.17"	"Syria"	"Manbij"	6	0	6	10130	12054	22184	197347	275263	472610
"2016.06.17"	"Iraq"	"Tuz Khurmatu"	24	7	31	10154	12061	22215	197371	275270	472641
"2016.06.17"	"Niger"	"Ghafam"	7	12	19	10161	12073	22234	197378	275282	472660
"2016.06.17"	"Pakistan"	"Burewala"	2	0	2	10163	12073	22236	197380	275282	472662
"2016.06.17"	"Iraq"	"Haj Ali"	12	6	18	10175	12079	22254	197392	275288	472680
"2016.06.17"	"Nigeria"	"Kuda"	24	0	24	10199	12079	22278	197416	275288	472704
"2016.06.17"	"Pakistan"	"Gujranwala"	1	0	1	10200	12079	22279	197417	275288	472705
"2016.06.18"	"Nigeria"	"Wumbi"	2	0	2	10202	12079	22281	197419	275288	472707
"2016.06.18"	"Iraq"	"Qayara"	3	0	3	10205	12079	22284	197422	275288	472710
"2016.06.18"	"Iraq"	"Tuz Khurmatu"	2	6	8	10207	12085	22292	197424	275294	472718
"2016.06.18"	"Syria"	"Sheikh Maqsoud"	7	40	47	10214	12125	22339	197431	275334	472765
"2016.06.18"	"Syria"	"Aleppo"	7	0	7	10221	12125	22346	197438	275334	472772
"2016.06.19"	"Iraq"	"Mahmoudiya"	2	9	11	10223	12134	22357	197440	275343	472783
"2016.06.19"	"Iraq"	"Amrli"	9	0	9	10232	12134	22366	197449	275343	472792
"2016.06.19"	"Nigeria"	"Benue"	18	0	18	10250	12134	22384	197467	275343	472810
"2016.06.19"	"Syria"	"Qamishi"	3	5	8	10253	12139	22392	197470	275348	472818
"2016.06.19"	"Syria"	"Latakia"	1	0	1	10254	12139	22393	197471	275348	472819
"2016.06.19"	"Egypt"	"Hasna"	1	1	2	10255	12140	22395	197472	275349	472821
"2016.06.19"	"Afghanistan"	"Tagab Yari"	6	0	6	10261	12140	22401	197478	275349	472827
"2016.06.19"	"Thailand"	"Tak Bai"	1	0	1	10262	12140	22402	197479	275349	472828
"2016.06.20"	"Egypt"	"al-Arish"	1	0	1	10263	12140	22403	197480	275349	472829
"2016.06.20"	"Nigeria"	"Uzzar"	8	0	8	10271	12140	22411	197488	275349	472837
"2016.06.20"	"Sudan"	"Thur"	4	0	4	10275	12140	22415	197492	275349	472841
"2016.06.20"	"Pakistan"	"Karachi"	1	0	1	10276	12140	22416	197493	275349	472842
"2016.06.20"	"Iraq"	"Taji"	4	12	16	10280	12152	22432	197497	275361	472858
"2016.06.20"	"Iraq"	"Dibs"	1	4	5	10281	12156	22437	197498	275365	472863
"2016.06.20"	"Kenya"	"Owane"	1	3	4	10282	12159	22441	197499	275368	472867
"2016.06.20"	"Iraq"	"Tuz Khurmatu"	1	0	1	10283	12159	22442	197500	275368	472868
"2016.06.20"	"Afghanistan"	"Badakhshan"	10	40	50	10293	12199	22492	197510	275408	472918
"2016.06.20"	"Afghanistan"	"Kabul"	33	5	38	10326	12204	22530	197543	275413	472956
"2016.06.20"	"Afghanistan"	"Kabul"	1	5	6	10327	12209	22536	197544	275418	472962
"2016.06.20"	"Kenya"	"Dimu"	5	0	5	10332	12209	22541	197549	275418	472967
"2016.06.21"	"Iraq"	"Baghdad"	2	3	5	10334	12212	22546	197551	275421	472972
"2016.06.21"	"Iraq"	"Dor"	5	35	40	10339	12247	22586	197556	275456	473012
"2016.06.21"	"Syria"	"Manbij"	32	0	32	10371	12247	22618	197588	275456	473044
"2016.06.21"	"Iraq"	"Souib"	4	5	9	10375	12252	22627	197592	275461	473053
"2016.06.21"	"Libya"	"Garabulli"	29	30	59	10404	12282	22686	197621	275491	473112
"2016.06.21"	"Somalia"	"Jowhar"	1	0	1	10405	12282	22687	197622	275491	473113
"2016.06.21"	"Jordan"	"Ruqban"	6	14	20	10411	12296	22707	197628	275505	473133
"2016.06.21"	"Philippines"	"Sulu"	3	0	3	10414	12296	22710	197631	275505	473136
"2016.06.21"	"Nigeria"	"Vase"	12	0	12	10426	12296	22722	197643	275505	473148
"2016.06.21"	"Egypt"	"al-Arish"	1	0	1	10427	12296	22723	197644	275505	473149
"2016.06.22"	"Afghanistan"	"Jund"	4	1	5	10431	12297	22728	197648	275506	473154
"2016.06.22"	"Pakistan"	"Yakatoot"	1	0	1	10432	12297	22729	197649	275506	473155
"2016.06.22"	"Egypt"	"al-Arish"	1	1	2	10433	12298	22731	197650	275507	473157
"2016.06.22"	"Afghanistan"	"Jalalabad"	2	2	4	10435	12300	22735	197652	275509	473161
"2016.06.22"	"Pakistan"	"Karachi"	1	1	2	10436	12301	22737	197653	275510	473163
"2016.06.23"	"Saudi Arabia"	"Riyadh"	1	2	3	10437	12303	22740	197654	275512	473166
"2016.06.23"	"Syria"	"Raqqa"	1	0	1	10438	12303	22741	197655	275512	473167
"2016.06.23"	"Iraq"	"Baghdad"	2	5	7	10440	12308	22748	197657	275517	473174
"2016.06.23"	"Iraq"	"Naeima"	2	1	3	10442	12309	22751	197659	275518	473177
"2016.06.23"	"Syria"	"Maalula"	1	0	1	10443	12309	22752	197660	275518	473178
"2016.06.23"	"Syria"	"al-Bab"	20	0	20	10463	12309	22772	197680	275518	473198
"2016.06.23"	"Iraq"	"Tuz"	2	3	5	10465	12312	22777	197682	275521	473203
"2016.06.23"	"Uganda"	"Lakabuku"	1	0	1	10466	12312	22778	197683	275521	473204
"2016.06.24"	"Somalia"	"Yurkuk"	5	0	5	10471	12312	22783	197688	275521	473209
"2016.06.24"	"Afghanistan"	"Kot"	8	12	20	10479	12324	22803	197696	275533	473229
"2016.06.24"	"Iraq"	"Hawija"	5	0	5	10484	12324	22808	197701	275533	473234
"2016.06.24"	"Libya"	"Benghazi"	4	14	18	10488	12338	22826	197705	275547	473252
"2016.06.24"	"Cameroon"	"Gouzoudoum"	4	2	6	10492	12340	22832	197709	275549	473258
"2016.06.24"	"Saudi Arabia"	"Qatif"	1	0	1	10493	12340	22833	197710	275549	473259
"2016.06.24"	"Pakistan"	"Quetta"	3	32	35	10496	12372	22868	197713	275581	473294
"2016.06.25"	"Bangladesh"	"Chittagong"	1	0	1	10497	12372	22869	197714	275581	473295
"2016.06.25"	"Syria"	"Deir Ezzor"	4	0	4	10501	12372	22873	197718	275581	473299
"2016.06.25"	"Pakistan"	"Lahore"	0	1	1	10501	12373	22874	197718	275582	473300
"2016.06.25"	"Syria"	"Raqqa"	5	0	5	10506	12373	22879	197723	275582	473305
"2016.06.25"	"India"	"Pampore"	8	24	32	10514	12397	22911	197731	275606	473337
"2016.06.25"	"Somalia"	"Mogadishu"	14	25	39	10528	12422	22950	197745	275631	473376
"2016.06.26"	"Kuwait"	"Kuwait City"	1	0	1	10529	12422	22951	197746	275631	473377
"2016.06.26"	"Thailand"	"Narathiwat"	1	2	3	10530	12424	22954	197747	275633	473380
"2016.06.26"	"Iraq"	"Baghdad"	2	1	3	10532	12425	22957	197749	275634	473383
"2016.06.26"	"Egypt"	"Sheikh Zuweid"	2	3	5	10534	12428	22962	197751	275637	473388
"2016.06.27"	"Iraq"	"Baghdad"	2	5	7	10536	12433	22969	197753	275642	473395
"2016.06.27"	"Iraq"	"Fallujah"	7	0	7	10543	12433	22976	197760	275642	473402
"2016.06.27"	"Yemen"	"Mukalla"	42	30	72	10585	12463	23048	197802	275672	473474
"2016.06.27"	"Kenya"	"Dimu"	5	4	9	10590	12467	23057	197807	275676	473483
"2016.06.27"	"Egypt"	"Sheikh Zuweid"	1	0	1	10591	12467	23058	197808	275676	473484
"2016.06.27"	"Lebanon"	"Qaa"	6	19	25	10597	12486	23083	197814	275695	473509
"2016.06.28"	"Iraq"	"Sharqat"	4	0	4	10601	12486	23087	197818	275695	473513
"2016.06.28"	"Iraq"	"Baghdad"	4	0	4	10605	12486	23091	197822	275695	473517
"2016.06.28"	"Thailand"	"Muang"	2	1	3	10607	12487	23094	197824	275696	473520
"2016.06.28"	"Malaysia"	"Puchong"	0	8	8	10607	12495	23102	197824	275704	473528
"2016.06.28"	"Turkey"	"Istanbul"	44	239	283	10651	12734	23385	197868	275943	473811
"2016.06.28"	"Iraq"	"Abu Ghraib"	14	32	46	10665	12766	23431	197882	275975	473857
"2016.06.28"	"Afghanistan"	"Kabul"	1	0	1	10666	12766	23432	197883	275975	473858
"2016.06.29"	"Mali"	"Timbuktu"	3	6	9	10669	12772	23441	197886	275981	473867
"2016.06.29"	"Thailand"	"Narathiwat"	1	3	4	10670	12775	23445	197887	275984	473871
"2016.06.29"	"Iraq"	"Sharqat"	2	8	10	10672	12783	23455	197889	275992	473881
"2016.06.29"	"Iraq"	"Abu Ghraib"	3	7	10	10675	12790	23465	197892	275999	473891
"2016.06.29"	"Cameroon"	"Djakana"	4	4	8	10679	12794	23473	197896	276003	473899
"2016.06.29"	"Syria"	"Tal Abyad"	10	25	35	10689	12819	23508	197906	276028	473934
"2016.06.29"	"Syria"	"Bokomal"	5	0	5	10694	12819	23513	197911	276028	473939
"2016.06.30"	"Bahrain"	"Manama"	1	3	4	10695	12822	23517	197912	276031	473943
"2016.06.30"	"Iraq"	"Baghdad"	6	19	25	10701	12841	23542	197918	276050	473968
"2016.06.30"	"Iraq"	"Fallujah"	4	5	9	10705	12846	23551	197922	276055	473977
"2016.06.30"	"Pakistan"	"Peshawar"	3	6	9	10708	12852	23560	197925	276061	473986
"2016.06.30"	"Egypt"	"Farafra"	6	3	9	10714	12855	23569	197931	276064	473995
"2016.06.30"	"Cameroon"	"Limani"	11	50	61	10725	12905	23630	197942	276114	474056
"2016.06.30"	"Somalia"	"Lafole"	18	20	38	10743	12925	23668	197960	276134	474094
"2016.06.30"	"Egypt"	"Rafah"	2	1	3	10745	12926	23671	197962	276135	474097
"2016.06.30"	"Egypt"	"al-Arish"	1	0	1	10746	12926	23672	197963	276135	474098
"2016.06.30"	"Israel"	"Kiryat Arba"	1	1	2	10747	12927	23674	197964	276136	474100
"2016.06.30"	"Afghanistan"	"Paghman"	37	80	117	10784	13007	23791	198001	276216	474217
"2016.06.30"	"Bangladesh"	"Bandarban"	1	0	1	10785	13007	23792	198002	276216	474218
"2016.06.30"	"Israel"	"Netanya"	0	2	2	10785	13009	23794	198002	276218	474220
"2016.06.30"	"Nigeria"	"Obi"	1	0	1	10786	13009	23795	198003	276218	474221
"2016.07.01"	"Iraq"	"Tuz Khormato"	2	4	6	10788	13013	23801	198005	276222	474227
"2016.07.01"	"Bangladesh"	"Dhaka"	22	26	48	10810	13039	23849	198027	276248	474275
"2016.07.01"	"Syria"	"Damascus"	1	0	1	10811	13039	23850	198028	276248	474276
"2016.07.01"	"Afghanistan"	"Shahwali Kot"	7	0	7	10818	13039	23857	198035	276248	474283
"2016.07.01"	"Afghanistan"	"Kandahar"	5	0	5	10823	13039	23862	198040	276248	474288
"2016.07.01"	"Somalia"	"Mogadishu"	1	0	1	10824	13039	23863	198041	276248	474289
"2016.07.01"	"Israel"	"Hebron"	1	3	4	10825	13042	23867	198042	276251	474293
"2016.07.01"	"Bangladesh"	"Jhenaidah"	1	0	1	10826	13042	23868	198043	276251	474294
"2016.07.01"	"Kenya"	"Wak"	6	2	8	10832	13044	23876	198049	276253	474302
"2016.07.01"	"Iraq"	"Baghdad"	5	30	35	10837	13074	23911	198054	276283	474337
"2016.07.01"	"Pakistan"	"Haripur"	1	0	1	10838	13074	23912	198055	276283	474338
"2016.07.02"	"Somalia"	"Baidoa"	2	19	21	10840	13093	23933	198057	276302	474359
"2016.07.02"	"Afghanistan"	"Khorasan"	3	0	3	10843	13093	23936	198060	276302	474362
"2016.07.02"	"Afghanistan"	"Khakrez"	4	0	4	10847	13093	23940	198064	276302	474366
"2016.07.02"	"Bangladesh"	"Satkhira"	0	1	1	10847	13094	23941	198064	276303	474367
"2016.07.02"	"Afghanistan"	"Jalalabad"	2	17	19	10849	13111	23960	198066	276320	474386
"2016.07.02"	"Syria"	"Elkheir"	1	0	1	10850	13111	23961	198067	276320	474387
"2016.07.03"	"Iraq"	"Arabi"	2	0	2	10852	13111	23963	198069	276320	474389
"2016.07.03"	"Thailand"	"Pattani"	1	2	3	10853	13113	23966	198070	276322	474392
"2016.07.03"	"Syria"	"Raqqa"	1	0	1	10854	13113	23967	198071	276322	474393
"2016.07.03"	"Thailand"	"Yala"	2	0	2	10856	13113	23969	198073	276322	474395
"2016.07.03"	"Iraq"	"Kirkuk"	7	0	7	10863	13113	23976	198080	276322	474402
"2016.07.03"	"Libya"	"Banghazi"	2	7	9	10865	13120	23985	198082	276329	474411
"2016.07.03"	"Iraq"	"Shaab"	5	16	21	10870	13136	24006	198087	276345	474432
"2016.07.03"	"Iraq"	"Karrada"	308	246	554	11178	13382	24560	198395	276591	474986
"2016.07.03"	"Libya"	"Benghazi"	2	0	2	11180	13382	24562	198397	276591	474988
"2016.07.04"	"Saudi Arabia"	"Medina"	4	5	9	11184	13387	24571	198401	276596	474997
"2016.07.04"	"Iraq"	"Sharqat"	7	0	7	11191	13387	24578	198408	276596	475004
"2016.07.04"	"Saudi Arabia"	"Jeddah"	0	2	2	11191	13389	24580	198408	276598	475006
"2016.07.04"	"Iraq"	"Baghdad"	2	9	11	11193	13398	24591	198410	276607	475017
"2016.07.04"	"Iraq"	"Tal Kaif"	3	0	3	11196	13398	24594	198413	276607	475020
"2016.07.05"	"Thailand"	"Songkhla"	1	2	3	11197	13400	24597	198414	276609	475023
"2016.07.05"	"Iraq"	"Saidiya"	3	12	15	11200	13412	24612	198417	276621	475038
"2016.07.05"	"Syria"	"Raqqa"	4	0	4	11204	13412	24616	198421	276621	475042
"2016.07.05"	"Syria"	"Um al-Housh"	40	0	40	11244	13412	24656	198461	276621	475082
"2016.07.05"	"Somalia"	"Galcad"	2	0	2	11246	13412	24658	198463	276621	475084
"2016.07.05"	"Syria"	"Hassakeh"	30	40	70	11276	13452	24728	198493	276661	475154
"2016.07.05"	"Thailand"	"Bannang Sata"	1	0	1	11277	13452	24729	198494	276661	475155
"2016.07.05"	"Indonesia"	"Surakarta"	0	1	1	11277	13453	24730	198494	276662	475156
"2016.07.05"	"DRC"	"Tenambo"	9	0	9	11286	13453	24739	198503	276662	475165
"2016.07.05"	"Thailand"	"Pattani"	1	3	4	11287	13456	24743	198504	276665	475169
"2016.07.06"	"Syria"	"Aleppo"	3	3	6	11290	13459	24749	198507	276668	475175
"2016.07.06"	"Syria"	"al-Zahraa"	2	6	8	11292	13465	24757	198509	276674	475183
"2016.07.06"	"Iraq"	"Mosul"	6	0	6	11298	13465	24763	198515	276674	475189
"2016.07.06"	"Yemen"	"Aden"	25	8	33	11323	13473	24796	198540	276682	475222
"2016.07.06"	"India"	"Vijaywada"	1	0	1	11324	13473	24797	198541	276682	475223
"2016.07.06"	"Afghanistan"	"Sancharak"	4	1	5	11328	13474	24802	198545	276683	475228
"2016.07.07"	"Libya"	"Benghazi"	12	35	47	11340	13509	24849	198557	276718	475275
"2016.07.07"	"Bangladesh"	"Sholakia"	4	12	16	11344	13521	24865	198561	276730	475291
"2016.07.07"	"Iraq"	"Balad"	56	70	126	11400	13591	24991	198617	276800	475417
"2016.07.08"	"Syria"	"Tel Abyad"	10	11	21	11410	13602	25012	198627	276811	475438
"2016.07.08"	"Syria"	"Aleppo"	34	200	234	11444	13802	25246	198661	277011	475672
"2016.07.08"	"Nigeria"	"Damboa"	9	12	21	11453	13814	25267	198670	277023	475693
"2016.07.09"	"Libya"	"Sirte"	7	3	10	11460	13817	25277	198677	277026	475703
"2016.07.09"	"Bangladesh"	"Kajura"	0	1	1	11460	13818	25278	198677	277027	475704
"2016.07.09"	"Mali"	"Koro"	2	0	2	11462	13818	25280	198679	277027	475706
"2016.07.09"	"Pakistan"	"Islamabad"	1	1	2	11463	13819	25282	198680	277028	475708
"2016.07.09"	"Iraq"	"Riyadh"	3	0	3	11466	13819	25285	198683	277028	475711
"2016.07.09"	"Iraq"	"Kirkuk"	2	2	4	11468	13821	25289	198685	277030	475715
"2016.07.09"	"Nigeria"	"Abuja"	1	0	1	11469	13821	25290	198686	277030	475716
"2016.07.09"	"Nigeria"	"Rann"	7	0	7	11476	13821	25297	198693	277030	475723
"2016.07.10"	"Nigeria"	"Benue"	81	0	81	11557	13821	25378	198774	277030	475804
"2016.07.10"	"Syria"	"Aleppo"	5	61	66	11562	13882	25444	198779	277091	475870
"2016.07.10"	"Afghanistan"	"Kandahar"	3	6	9	11565	13888	25453	198782	277097	475879
"2016.07.10"	"Iraq"	"Fallujah"	46	0	46	11611	13888	25499	198828	277097	475925
"2016.07.10"	"India"	"Kashmir"	3	96	99	11614	13984	25598	198831	277193	476024
"2016.07.10"	"Syria"	"Raqqa"	5	0	5	11619	13984	25603	198836	277193	476029
"2016.07.11"	"Pakistan"	"Parachinar"	1	0	1	11620	13984	25604	198837	277193	476030
"2016.07.11"	"Iraq"	"Qayara"	9	0	9	11629	13984	25613	198846	277193	476039
"2016.07.11"	"India"	"Keran"	1	2	3	11630	13986	25616	198847	277195	476042
"2016.07.11"	"Nigeria"	"Paikoro"	11	0	11	11641	13986	25627	198858	277195	476053
"2016.07.11"	"Pakistan"	"Orangi"	1	1	2	11642	13987	25629	198859	277196	476055
"2016.07.11"	"Somalia"	"Lanto Buro"	11	6	17	11653	13993	25646	198870	277202	476072
"2016.07.11"	"Somalia"	"Mogadishu"	1	6	7	11654	13999	25653	198871	277208	476079
"2016.07.11"	"Iraq"	"Nineveh"	4	0	4	11658	13999	25657	198875	277208	476083
"2016.07.12"	"Iraq"	"Mahmoudiya"	3	10	13	11661	14009	25670	198878	277218	476096
"2016.07.12"	"Nigeria"	"Akombo"	5	0	5	11666	14009	25675	198883	277218	476101
"2016.07.12"	"Philippines"	"Tipo-Tipo"	1	5	6	11667	14014	25681	198884	277223	476107
"2016.07.12"	"Nigeria"	"Kangarwa"	2	7	9	11669	14021	25690	198886	277230	476116
"2016.07.12"	"Iraq"	"Baghdad"	12	37	49	11681	14058	25739	198898	277267	476165
"2016.07.12"	"Pakistan"	"Faisalabad"	1	0	1	11682	14058	25740	198899	277267	476166
"2016.07.13"	"Iraq"	"Baqubah"	2	0	2	11684	14058	25742	198901	277267	476168
"2016.07.13"	"Syria"	"Aleppo"	1	0	1	11685	14058	25743	198902	277267	476169
"2016.07.13"	"Iraq"	"Rashidiya"	7	11	18	11692	14069	25761	198909	277278	476187
"2016.07.13"	"Iraq"	"Quayyarah"	1	2	3	11693	14071	25764	198910	277280	476190
"2016.07.13"	"Iraq"	"Baghdad"	4	16	20	11697	14087	25784	198914	277296	476210
"2016.07.14"	"France"	"Nice"	84	202	286	11781	14289	26070	198998	277498	476496
"2016.07.14"	"Philippines"	"Manilop"	3	0	3	11784	14289	26073	199001	277498	476499
"2016.07.14"	"Pakistan"	"Bashirabad"	1	0	1	11785	14289	26074	199002	277498	476500
"2016.07.14"	"Iraq"	"Taji"	3	4	7	11788	14293	26081	199005	277502	476507
"2016.07.14"	"Iraq"	"Meshahda"	1	5	6	11789	14298	26087	199006	277507	476513
"2016.07.15"	"Nigeria"	"Oke-Ogun"	1	0	1	11790	14298	26088	199007	277507	476514
"2016.07.15"	"Iraq"	"Quayyarah"	22	0	22	11812	14298	26110	199029	277507	476536
"2016.07.15"	"Kenya"	"al-Wak"	4	0	4	11816	14298	26114	199033	277507	476540
"2016.07.15"	"India"	"Kulgam"	1	7	8	11817	14305	26122	199034	277514	476548
"2016.07.16"	"Iraq"	"Tal Abta"	5	0	5	11822	14305	26127	199039	277514	476553
"2016.07.16"	"Pakistan"	"Multan"	1	0	1	11823	14305	26128	199040	277514	476554
"2016.07.18"	"Kazakhstan"	"Almaty"	4	0	4	11827	14305	26132	199044	277514	476558
"2016.07.18"	"Yemen"	"Mukalla"	10	18	28	11837	14323	26160	199054	277532	476586
"2016.07.18"	"Syria"	"Aleppo"	3	15	18	11840	14338	26178	199057	277547	476604
"2016.07.18"	"Germany"	"Wuerzburg"	0	5	5	11840	14343	26183	199057	277552	476609
"2016.07.19"	"France"	"Garda-Colombe"	0	4	4	11840	14347	26187	199057	277556	476613
"2016.07.20"	"Yemen"	"Aden"	4	6	10	11844	14353	26197	199061	277562	476623